folds,T,μ_1,σ_1,μ_2,σ_2
0,"[1.0, 2.0, 3.0, 4.0, 5.0, 6.0, 7.0, 8.0, 9.0, 10.0, 11.0, 12.0, 13.0, 14.0, 15.0, 16.0, 17.0, 18.0, 19.0, 20.0, 21.0, 22.0, 23.0, 24.0, 25.0, 26.0, 27.0, 28.0, 29.0, 30.0, 31.0, 32.0, 33.0, 34.0, 35.0, 36.0, 37.0, 38.0, 39.0, 40.0, 41.0, 42.0, 43.0, 44.0, 45.0, 46.0, 47.0, 48.0, 49.0, 50.0, 51.0, 52.0, 53.0, 54.0, 55.0, 56.0, 57.0, 58.0, 59.0, 60.0, 61.0, 62.0, 63.0, 64.0, 65.0, 66.0, 67.0, 68.0, 69.0, 70.0, 71.0, 72.0, 73.0, 74.0, 75.0, 76.0, 77.0, 78.0, 79.0, 80.0, 81.0, 82.0, 83.0, 84.0, 85.0, 86.0, 87.0, 88.0, 89.0, 90.0, 91.0, 92.0, 93.0, 94.0, 95.0, 96.0, 97.0, 98.0, 99.0, 100.0, 101.0, 102.0, 103.0, 104.0, 105.0, 106.0, 107.0, 108.0, 109.0, 110.0, 111.0, 112.0, 113.0, 114.0, 115.0, 116.0, 117.0, 118.0, 119.0, 120.0, 121.0, 122.0, 123.0, 124.0, 125.0, 126.0, 127.0, 128.0, 129.0, 130.0, 131.0, 132.0, 133.0, 134.0, 135.0, 136.0, 137.0, 138.0, 139.0, 140.0, 141.0, 142.0, 143.0, 144.0, 145.0, 146.0, 147.0, 148.0, 149.0, 150.0, 151.0, 152.0, 153.0, 154.0, 155.0, 156.0, 157.0, 158.0, 159.0, 160.0, 161.0, 162.0, 163.0, 164.0, 165.0, 166.0, 167.0, 168.0, 169.0, 170.0, 171.0, 172.0, 173.0, 174.0, 175.0, 176.0, 177.0, 178.0, 179.0, 180.0, 181.0, 182.0, 183.0, 184.0, 185.0, 186.0, 187.0, 188.0, 189.0, 190.0, 191.0, 192.0, 193.0, 194.0, 195.0, 196.0, 197.0, 198.0, 199.0, 200.0, 201.0, 202.0, 203.0, 204.0, 205.0, 206.0, 207.0, 208.0, 209.0, 210.0, 211.0, 212.0, 213.0, 214.0, 215.0, 216.0, 217.0, 218.0, 219.0, 220.0, 221.0, 222.0, 223.0, 224.0, 225.0, 226.0, 227.0, 228.0, 229.0, 230.0, 231.0, 232.0, 233.0, 234.0, 235.0, 236.0, 237.0, 238.0, 239.0, 240.0, 241.0, 242.0, 243.0, 244.0, 245.0, 246.0, 247.0, 248.0, 249.0, 250.0, 251.0, 252.0, 253.0, 254.0, 255.0, 256.0, 257.0, 258.0, 259.0, 260.0, 261.0, 262.0, 263.0, 264.0, 265.0, 266.0, 267.0, 268.0, 269.0, 270.0, 271.0, 272.0, 273.0, 274.0, 275.0, 276.0, 277.0, 278.0, 279.0, 280.0, 281.0, 282.0, 283.0, 284.0, 285.0, 286.0, 287.0, 288.0, 289.0, 290.0, 291.0, 292.0, 293.0, 294.0, 295.0, 296.0, 297.0, 298.0, 299.0, 300.0, 301.0, 302.0, 303.0, 304.0, 305.0, 306.0, 307.0, 308.0, 309.0, 310.0, 311.0, 312.0, 313.0, 314.0, 315.0, 316.0, 317.0, 318.0, 319.0, 320.0, 321.0, 322.0, 323.0, 324.0, 325.0, 326.0, 327.0, 328.0, 329.0, 330.0, 331.0, 332.0, 333.0, 334.0, 335.0, 336.0, 337.0, 338.0, 339.0, 340.0, 341.0, 342.0, 343.0, 344.0, 345.0, 346.0, 347.0, 348.0, 349.0, 350.0, 351.0, 352.0, 353.0, 354.0, 355.0, 356.0, 357.0, 358.0, 359.0, 360.0, 361.0, 362.0, 363.0, 364.0, 365.0, 366.0, 367.0, 368.0, 369.0, 370.0, 371.0, 372.0, 373.0, 374.0, 375.0, 376.0, 377.0, 378.0, 379.0, 380.0, 381.0, 382.0, 383.0, 384.0, 385.0, 386.0, 387.0, 388.0, 389.0, 390.0, 391.0, 392.0, 393.0, 394.0, 395.0, 396.0, 397.0, 398.0, 399.0, 400.0, 401.0, 402.0, 403.0, 404.0, 405.0, 406.0, 407.0, 408.0, 409.0, 410.0, 411.0, 412.0, 413.0, 414.0, 415.0, 416.0, 417.0, 418.0, 419.0, 420.0, 421.0, 422.0, 423.0, 424.0, 425.0, 426.0, 427.0, 428.0, 429.0, 430.0, 431.0, 432.0, 433.0, 434.0, 435.0, 436.0, 437.0, 438.0, 439.0, 440.0, 441.0, 442.0, 443.0, 444.0, 445.0, 446.0, 447.0, 448.0, 449.0, 450.0, 451.0, 452.0, 453.0, 454.0, 455.0, 456.0, 457.0, 458.0, 459.0, 460.0, 461.0, 462.0, 463.0, 464.0, 465.0, 466.0, 467.0, 468.0, 469.0, 470.0, 471.0, 472.0, 473.0, 474.0, 475.0, 476.0, 477.0, 478.0, 479.0, 480.0, 481.0, 482.0, 483.0, 484.0, 485.0, 486.0, 487.0, 488.0, 489.0, 490.0, 491.0, 492.0, 493.0, 494.0, 495.0, 496.0, 497.0, 498.0, 499.0, 500.0, 501.0, 502.0, 503.0, 504.0, 505.0, 506.0, 507.0, 508.0, 509.0, 510.0, 511.0, 512.0, 513.0, 514.0, 515.0, 516.0, 517.0, 518.0, 519.0, 520.0, 521.0, 522.0, 523.0, 524.0, 525.0, 526.0, 527.0, 528.0, 529.0, 530.0, 531.0, 532.0, 533.0, 534.0, 535.0, 536.0, 537.0, 538.0, 539.0, 540.0, 541.0, 542.0, 543.0, 544.0, 545.0, 546.0, 547.0, 548.0, 549.0, 550.0, 551.0, 552.0, 553.0, 554.0, 555.0, 556.0, 557.0, 558.0, 559.0, 560.0, 561.0, 562.0, 563.0, 564.0, 565.0, 566.0, 567.0, 568.0, 569.0, 570.0, 571.0, 572.0, 573.0, 574.0, 575.0, 576.0, 577.0, 578.0, 579.0, 580.0, 581.0, 582.0, 583.0, 584.0, 585.0, 586.0, 587.0, 588.0, 589.0, 590.0, 591.0, 592.0, 593.0, 594.0, 595.0, 596.0, 597.0, 598.0, 599.0, 600.0, 601.0, 602.0, 603.0, 604.0, 605.0, 606.0, 607.0, 608.0, 609.0, 610.0, 611.0, 612.0, 613.0, 614.0, 615.0, 616.0, 617.0, 618.0, 619.0, 620.0, 621.0, 622.0, 623.0, 624.0, 625.0, 626.0, 627.0, 628.0, 629.0, 630.0, 631.0, 632.0, 633.0, 634.0, 635.0, 636.0, 637.0, 638.0, 639.0, 640.0, 641.0, 642.0, 643.0, 644.0, 645.0, 646.0, 647.0, 648.0, 649.0, 650.0, 651.0, 652.0, 653.0, 654.0, 655.0, 656.0, 657.0, 658.0, 659.0, 660.0, 661.0, 662.0, 663.0, 664.0, 665.0, 666.0, 667.0, 668.0, 669.0, 670.0, 671.0, 672.0, 673.0, 674.0, 675.0, 676.0, 677.0, 678.0, 679.0, 680.0, 681.0, 682.0, 683.0, 684.0, 685.0, 686.0, 687.0, 688.0, 689.0, 690.0, 691.0, 692.0, 693.0, 694.0, 695.0, 696.0, 697.0, 698.0, 699.0, 700.0, 701.0, 702.0, 703.0, 704.0, 705.0, 706.0, 707.0, 708.0, 709.0, 710.0, 711.0, 712.0, 713.0, 714.0, 715.0, 716.0, 717.0, 718.0, 719.0, 720.0, 721.0, 722.0, 723.0, 724.0, 725.0, 726.0, 727.0, 728.0, 729.0, 730.0, 731.0, 732.0, 733.0, 734.0, 735.0, 736.0, 737.0, 738.0, 739.0, 740.0, 741.0, 742.0, 743.0, 744.0, 745.0, 746.0, 747.0, 748.0, 749.0, 750.0, 751.0, 752.0, 753.0, 754.0, 755.0, 756.0, 757.0, 758.0, 759.0, 760.0, 761.0, 762.0, 763.0, 764.0, 765.0, 766.0, 767.0, 768.0, 769.0, 770.0, 771.0, 772.0, 773.0, 774.0, 775.0, 776.0, 777.0, 778.0, 779.0, 780.0, 781.0, 782.0, 783.0, 784.0, 785.0, 786.0, 787.0, 788.0, 789.0, 790.0, 791.0, 792.0, 793.0, 794.0, 795.0, 796.0, 797.0, 798.0, 799.0, 800.0, 801.0, 802.0, 803.0, 804.0, 805.0, 806.0, 807.0, 808.0, 809.0, 810.0, 811.0, 812.0, 813.0, 814.0, 815.0, 816.0, 817.0, 818.0, 819.0, 820.0, 821.0, 822.0, 823.0, 824.0, 825.0, 826.0, 827.0, 828.0, 829.0, 830.0, 831.0, 832.0, 833.0, 834.0, 835.0, 836.0, 837.0, 838.0, 839.0, 840.0, 841.0, 842.0, 843.0, 844.0, 845.0, 846.0, 847.0, 848.0, 849.0, 850.0, 851.0, 852.0, 853.0, 854.0, 855.0, 856.0, 857.0, 858.0, 859.0, 860.0, 861.0, 862.0, 863.0, 864.0, 865.0, 866.0, 867.0, 868.0, 869.0, 870.0, 871.0, 872.0, 873.0, 874.0, 875.0, 876.0, 877.0, 878.0, 879.0, 880.0, 881.0, 882.0, 883.0, 884.0, 885.0, 886.0, 887.0, 888.0, 889.0, 890.0, 891.0, 892.0, 893.0, 894.0, 895.0, 896.0, 897.0, 898.0, 899.0, 900.0, 901.0, 902.0, 903.0, 904.0, 905.0, 906.0, 907.0, 908.0, 909.0, 910.0, 911.0, 912.0, 913.0, 914.0, 915.0, 916.0, 917.0, 918.0, 919.0, 920.0, 921.0, 922.0, 923.0, 924.0, 925.0, 926.0, 927.0, 928.0, 929.0, 930.0, 931.0, 932.0, 933.0, 934.0, 935.0, 936.0, 937.0, 938.0, 939.0, 940.0, 941.0, 942.0, 943.0, 944.0, 945.0, 946.0, 947.0, 948.0, 949.0, 950.0, 951.0, 952.0, 953.0, 954.0, 955.0, 956.0, 957.0, 958.0, 959.0, 960.0, 961.0, 962.0, 963.0, 964.0, 965.0, 966.0, 967.0, 968.0, 969.0, 970.0, 971.0, 972.0, 973.0, 974.0, 975.0, 976.0, 977.0, 978.0, 979.0, 980.0, 981.0, 982.0, 983.0, 984.0, 985.0, 986.0, 987.0, 988.0, 989.0, 990.0, 991.0, 992.0, 993.0, 994.0, 995.0, 996.0, 997.0, 998.0, 999.0, 1000.0, 1001.0, 1002.0, 1003.0, 1004.0, 1005.0, 1006.0, 1007.0, 1008.0, 1009.0, 1010.0, 1011.0, 1012.0, 1013.0, 1014.0, 1015.0, 1016.0, 1017.0, 1018.0, 1019.0, 1020.0, 1021.0, 1022.0, 1023.0, 1024.0, 1025.0, 1026.0, 1027.0, 1028.0, 1029.0, 1030.0, 1031.0, 1032.0, 1033.0, 1034.0, 1035.0, 1036.0, 1037.0, 1038.0, 1039.0, 1040.0, 1041.0, 1042.0, 1043.0, 1044.0, 1045.0, 1046.0, 1047.0, 1048.0, 1049.0, 1050.0, 1051.0, 1052.0, 1053.0, 1054.0, 1055.0, 1056.0, 1057.0, 1058.0, 1059.0, 1060.0, 1061.0, 1062.0, 1063.0, 1064.0, 1065.0, 1066.0, 1067.0, 1068.0, 1069.0, 1070.0, 1071.0, 1072.0, 1073.0, 1074.0, 1075.0, 1076.0, 1077.0, 1078.0, 1079.0, 1080.0, 1081.0, 1082.0, 1083.0, 1084.0, 1085.0, 1086.0, 1087.0, 1088.0, 1089.0, 1090.0, 1091.0, 1092.0, 1093.0, 1094.0, 1095.0, 1096.0, 1097.0, 1098.0, 1099.0, 1100.0, 1101.0, 1102.0, 1103.0, 1104.0, 1105.0, 1106.0, 1107.0, 1108.0, 1109.0, 1110.0, 1111.0, 1112.0, 1113.0, 1114.0, 1115.0, 1116.0, 1117.0, 1118.0, 1119.0, 1120.0, 1121.0, 1122.0, 1123.0, 1124.0, 1125.0, 1126.0, 1127.0, 1128.0, 1129.0, 1130.0, 1131.0, 1132.0, 1133.0, 1134.0, 1135.0, 1136.0, 1137.0, 1138.0, 1139.0, 1140.0, 1141.0, 1142.0, 1143.0, 1144.0, 1145.0, 1146.0, 1147.0, 1148.0, 1149.0, 1150.0, 1151.0, 1152.0, 1153.0, 1154.0, 1155.0, 1156.0, 1157.0, 1158.0, 1159.0, 1160.0, 1161.0, 1162.0, 1163.0, 1164.0, 1165.0, 1166.0, 1167.0, 1168.0, 1169.0, 1170.0, 1171.0, 1172.0, 1173.0, 1174.0, 1175.0, 1176.0, 1177.0, 1178.0, 1179.0, 1180.0, 1181.0, 1182.0, 1183.0, 1184.0, 1185.0, 1186.0, 1187.0, 1188.0, 1189.0, 1190.0, 1191.0, 1192.0, 1193.0, 1194.0, 1195.0, 1196.0, 1197.0, 1198.0, 1199.0, 1200.0, 1201.0, 1202.0, 1203.0, 1204.0, 1205.0, 1206.0, 1207.0, 1208.0, 1209.0, 1210.0, 1211.0, 1212.0, 1213.0, 1214.0, 1215.0, 1216.0, 1217.0, 1218.0, 1219.0, 1220.0, 1221.0, 1222.0, 1223.0, 1224.0, 1225.0, 1226.0, 1227.0, 1228.0, 1229.0, 1230.0, 1231.0, 1232.0, 1233.0, 1234.0, 1235.0, 1236.0, 1237.0, 1238.0, 1239.0, 1240.0, 1241.0, 1242.0, 1243.0, 1244.0, 1245.0, 1246.0, 1247.0, 1248.0, 1249.0, 1250.0, 1251.0, 1252.0, 1253.0, 1254.0, 1255.0, 1256.0, 1257.0, 1258.0, 1259.0, 1260.0, 1261.0, 1262.0, 1263.0, 1264.0, 1265.0, 1266.0, 1267.0, 1268.0, 1269.0, 1270.0, 1271.0, 1272.0, 1273.0, 1274.0, 1275.0, 1276.0, 1277.0, 1278.0, 1279.0, 1280.0, 1281.0, 1282.0, 1283.0, 1284.0, 1285.0, 1286.0, 1287.0, 1288.0, 1289.0, 1290.0, 1291.0, 1292.0, 1293.0, 1294.0, 1295.0, 1296.0, 1297.0, 1298.0, 1299.0, 1300.0, 1301.0, 1302.0, 1303.0, 1304.0, 1305.0, 1306.0, 1307.0, 1308.0, 1309.0, 1310.0, 1311.0, 1312.0, 1313.0, 1314.0, 1315.0, 1316.0, 1317.0, 1318.0, 1319.0, 1320.0, 1321.0, 1322.0, 1323.0, 1324.0, 1325.0, 1326.0, 1327.0, 1328.0, 1329.0, 1330.0, 1331.0, 1332.0, 1333.0, 1334.0, 1335.0, 1336.0, 1337.0, 1338.0, 1339.0, 1340.0, 1341.0, 1342.0, 1343.0, 1344.0, 1345.0, 1346.0, 1347.0, 1348.0, 1349.0, 1350.0, 1351.0, 1352.0, 1353.0, 1354.0, 1355.0, 1356.0, 1357.0, 1358.0, 1359.0, 1360.0, 1361.0, 1362.0, 1363.0, 1364.0, 1365.0, 1366.0, 1367.0, 1368.0, 1369.0, 1370.0, 1371.0, 1372.0, 1373.0, 1374.0, 1375.0, 1376.0, 1377.0, 1378.0, 1379.0, 1380.0, 1381.0, 1382.0, 1383.0, 1384.0, 1385.0, 1386.0, 1387.0, 1388.0, 1389.0, 1390.0, 1391.0, 1392.0, 1393.0, 1394.0, 1395.0, 1396.0, 1397.0, 1398.0, 1399.0, 1400.0, 1401.0, 1402.0, 1403.0, 1404.0, 1405.0, 1406.0, 1407.0, 1408.0, 1409.0, 1410.0, 1411.0, 1412.0, 1413.0, 1414.0, 1415.0, 1416.0, 1417.0, 1418.0, 1419.0, 1420.0, 1421.0, 1422.0, 1423.0, 1424.0, 1425.0, 1426.0, 1427.0, 1428.0, 1429.0, 1430.0, 1431.0, 1432.0, 1433.0, 1434.0, 1435.0, 1436.0, 1437.0, 1438.0, 1439.0, 1440.0, 1441.0, 1442.0, 1443.0, 1444.0, 1445.0, 1446.0, 1447.0, 1448.0, 1449.0, 1450.0, 1451.0, 1452.0, 1453.0, 1454.0, 1455.0, 1456.0, 1457.0, 1458.0, 1459.0, 1460.0, 1461.0, 1462.0, 1463.0, 1464.0, 1465.0, 1466.0, 1467.0, 1468.0, 1469.0, 1470.0, 1471.0, 1472.0, 1473.0, 1474.0, 1475.0, 1476.0, 1477.0, 1478.0, 1479.0, 1480.0, 1481.0, 1482.0, 1483.0, 1484.0, 1485.0, 1486.0, 1487.0, 1488.0, 1489.0, 1490.0, 1491.0, 1492.0, 1493.0, 1494.0, 1495.0, 1496.0, 1497.0, 1498.0, 1499.0, 1500.0, 1501.0, 1502.0, 1503.0, 1504.0, 1505.0, 1506.0, 1507.0, 1508.0, 1509.0, 1510.0, 1511.0, 1512.0, 1513.0, 1514.0, 1515.0, 1516.0, 1517.0, 1518.0, 1519.0, 1520.0, 1521.0, 1522.0, 1523.0, 1524.0, 1525.0, 1526.0, 1527.0, 1528.0, 1529.0, 1530.0, 1531.0, 1532.0, 1533.0, 1534.0, 1535.0, 1536.0, 1537.0, 1538.0, 1539.0, 1540.0, 1541.0, 1542.0, 1543.0, 1544.0, 1545.0, 1546.0, 1547.0, 1548.0, 1549.0, 1550.0, 1551.0, 1552.0, 1553.0, 1554.0, 1555.0, 1556.0, 1557.0, 1558.0, 1559.0, 1560.0, 1561.0, 1562.0, 1563.0, 1564.0, 1565.0, 1566.0, 1567.0, 1568.0, 1569.0, 1570.0, 1571.0, 1572.0, 1573.0, 1574.0, 1575.0, 1576.0, 1577.0, 1578.0, 1579.0, 1580.0, 1581.0, 1582.0, 1583.0, 1584.0, 1585.0, 1586.0, 1587.0, 1588.0, 1589.0, 1590.0, 1591.0, 1592.0, 1593.0, 1594.0, 1595.0, 1596.0, 1597.0, 1598.0, 1599.0, 1600.0, 1601.0, 1602.0, 1603.0, 1604.0, 1605.0, 1606.0, 1607.0, 1608.0, 1609.0, 1610.0, 1611.0, 1612.0, 1613.0, 1614.0, 1615.0, 1616.0, 1617.0, 1618.0, 1619.0, 1620.0, 1621.0, 1622.0, 1623.0, 1624.0, 1625.0, 1626.0, 1627.0, 1628.0, 1629.0, 1630.0, 1631.0, 1632.0, 1633.0, 1634.0, 1635.0, 1636.0, 1637.0, 1638.0, 1639.0, 1640.0, 1641.0, 1642.0, 1643.0, 1644.0, 1645.0, 1646.0, 1647.0, 1648.0, 1649.0, 1650.0, 1651.0, 1652.0, 1653.0, 1654.0, 1655.0, 1656.0, 1657.0, 1658.0, 1659.0, 1660.0, 1661.0, 1662.0, 1663.0, 1664.0, 1665.0, 1666.0, 1667.0, 1668.0, 1669.0, 1670.0, 1671.0, 1672.0, 1673.0, 1674.0, 1675.0, 1676.0, 1677.0, 1678.0, 1679.0, 1680.0, 1681.0, 1682.0, 1683.0, 1684.0, 1685.0, 1686.0, 1687.0, 1688.0, 1689.0, 1690.0, 1691.0, 1692.0, 1693.0, 1694.0, 1695.0, 1696.0, 1697.0, 1698.0, 1699.0, 1700.0, 1701.0, 1702.0, 1703.0, 1704.0, 1705.0, 1706.0, 1707.0, 1708.0, 1709.0, 1710.0, 1711.0, 1712.0, 1713.0, 1714.0, 1715.0, 1716.0, 1717.0, 1718.0, 1719.0, 1720.0, 1721.0, 1722.0, 1723.0, 1724.0, 1725.0, 1726.0, 1727.0, 1728.0, 1729.0, 1730.0, 1731.0, 1732.0, 1733.0, 1734.0, 1735.0, 1736.0, 1737.0, 1738.0, 1739.0, 1740.0, 1741.0, 1742.0, 1743.0, 1744.0, 1745.0, 1746.0, 1747.0, 1748.0, 1749.0, 1750.0, 1751.0, 1752.0, 1753.0, 1754.0, 1755.0, 1756.0, 1757.0, 1758.0, 1759.0, 1760.0, 1761.0, 1762.0, 1763.0, 1764.0, 1765.0, 1766.0, 1767.0, 1768.0, 1769.0, 1770.0, 1771.0, 1772.0, 1773.0, 1774.0, 1775.0, 1776.0, 1777.0, 1778.0, 1779.0, 1780.0, 1781.0, 1782.0, 1783.0, 1784.0, 1785.0, 1786.0, 1787.0, 1788.0, 1789.0, 1790.0, 1791.0, 1792.0, 1793.0, 1794.0, 1795.0, 1796.0, 1797.0, 1798.0, 1799.0, 1800.0, 1801.0, 1802.0, 1803.0, 1804.0, 1805.0, 1806.0, 1807.0, 1808.0, 1809.0, 1810.0, 1811.0, 1812.0, 1813.0, 1814.0, 1815.0, 1816.0, 1817.0, 1818.0, 1819.0, 1820.0, 1821.0, 1822.0, 1823.0, 1824.0, 1825.0, 1826.0, 1827.0, 1828.0, 1829.0, 1830.0, 1831.0, 1832.0, 1833.0, 1834.0, 1835.0, 1836.0, 1837.0, 1838.0, 1839.0, 1840.0, 1841.0, 1842.0, 1843.0, 1844.0, 1845.0, 1846.0, 1847.0, 1848.0, 1849.0, 1850.0, 1851.0, 1852.0, 1853.0, 1854.0, 1855.0, 1856.0, 1857.0, 1858.0, 1859.0, 1860.0, 1861.0, 1862.0, 1863.0, 1864.0, 1865.0, 1866.0, 1867.0, 1868.0, 1869.0, 1870.0, 1871.0, 1872.0, 1873.0, 1874.0, 1875.0, 1876.0, 1877.0, 1878.0, 1879.0, 1880.0, 1881.0, 1882.0, 1883.0, 1884.0, 1885.0, 1886.0, 1887.0, 1888.0, 1889.0, 1890.0, 1891.0, 1892.0, 1893.0, 1894.0, 1895.0, 1896.0, 1897.0, 1898.0, 1899.0, 1900.0, 1901.0, 1902.0, 1903.0, 1904.0, 1905.0, 1906.0, 1907.0, 1908.0, 1909.0, 1910.0, 1911.0, 1912.0, 1913.0, 1914.0, 1915.0, 1916.0, 1917.0, 1918.0, 1919.0, 1920.0, 1921.0, 1922.0, 1923.0, 1924.0, 1925.0, 1926.0, 1927.0, 1928.0, 1929.0, 1930.0, 1931.0, 1932.0, 1933.0, 1934.0, 1935.0, 1936.0, 1937.0, 1938.0, 1939.0, 1940.0, 1941.0, 1942.0, 1943.0, 1944.0, 1945.0, 1946.0, 1947.0, 1948.0, 1949.0, 1950.0, 1951.0, 1952.0, 1953.0, 1954.0, 1955.0, 1956.0, 1957.0, 1958.0, 1959.0, 1960.0, 1961.0, 1962.0, 1963.0, 1964.0, 1965.0, 1966.0, 1967.0, 1968.0, 1969.0, 1970.0, 1971.0, 1972.0, 1973.0, 1974.0, 1975.0, 1976.0, 1977.0, 1978.0, 1979.0, 1980.0, 1981.0, 1982.0, 1983.0, 1984.0, 1985.0, 1986.0, 1987.0, 1988.0, 1989.0, 1990.0, 1991.0, 1992.0, 1993.0, 1994.0, 1995.0, 1996.0, 1997.0, 1998.0, 1999.0, 2000.0, 2001.0, 2002.0, 2003.0, 2004.0, 2005.0, 2006.0, 2007.0, 2008.0, 2009.0, 2010.0, 2011.0, 2012.0, 2013.0, 2014.0, 2015.0, 2016.0, 2017.0, 2018.0, 2019.0, 2020.0, 2021.0, 2022.0, 2023.0, 2024.0, 2025.0, 2026.0, 2027.0, 2028.0, 2029.0, 2030.0, 2031.0, 2032.0, 2033.0, 2034.0, 2035.0, 2036.0, 2037.0, 2038.0, 2039.0, 2040.0, 2041.0, 2042.0, 2043.0, 2044.0, 2045.0, 2046.0, 2047.0, 2048.0, 2049.0, 2050.0, 2051.0, 2052.0, 2053.0, 2054.0, 2055.0, 2056.0, 2057.0, 2058.0, 2059.0, 2060.0, 2061.0, 2062.0, 2063.0, 2064.0, 2065.0, 2066.0, 2067.0, 2068.0, 2069.0, 2070.0, 2071.0, 2072.0, 2073.0, 2074.0, 2075.0, 2076.0, 2077.0, 2078.0, 2079.0, 2080.0, 2081.0, 2082.0, 2083.0, 2084.0, 2085.0, 2086.0, 2087.0, 2088.0, 2089.0, 2090.0, 2091.0, 2092.0, 2093.0, 2094.0, 2095.0, 2096.0, 2097.0, 2098.0, 2099.0, 2100.0, 2101.0, 2102.0, 2103.0, 2104.0, 2105.0, 2106.0, 2107.0, 2108.0, 2109.0, 2110.0, 2111.0, 2112.0, 2113.0, 2114.0, 2115.0, 2116.0, 2117.0, 2118.0, 2119.0, 2120.0, 2121.0, 2122.0, 2123.0, 2124.0, 2125.0, 2126.0, 2127.0, 2128.0, 2129.0, 2130.0, 2131.0, 2132.0, 2133.0, 2134.0, 2135.0, 2136.0, 2137.0, 2138.0, 2139.0, 2140.0, 2141.0, 2142.0, 2143.0, 2144.0, 2145.0, 2146.0, 2147.0, 2148.0, 2149.0, 2150.0, 2151.0, 2152.0, 2153.0, 2154.0, 2155.0, 2156.0, 2157.0, 2158.0, 2159.0, 2160.0, 2161.0, 2162.0, 2163.0, 2164.0, 2165.0, 2166.0, 2167.0, 2168.0, 2169.0, 2170.0, 2171.0, 2172.0, 2173.0, 2174.0, 2175.0, 2176.0, 2177.0, 2178.0, 2179.0, 2180.0, 2181.0, 2182.0, 2183.0, 2184.0, 2185.0, 2186.0, 2187.0, 2188.0, 2189.0, 2190.0, 2191.0, 2192.0, 2193.0, 2194.0, 2195.0, 2196.0, 2197.0, 2198.0, 2199.0, 2200.0, 2201.0, 2202.0, 2203.0, 2204.0, 2205.0, 2206.0, 2207.0, 2208.0, 2209.0, 2210.0, 2211.0, 2212.0, 2213.0, 2214.0, 2215.0, 2216.0, 2217.0, 2218.0, 2219.0, 2220.0, 2221.0, 2222.0, 2223.0, 2224.0, 2225.0, 2226.0, 2227.0, 2228.0, 2229.0, 2230.0, 2231.0, 2232.0, 2233.0, 2234.0, 2235.0, 2236.0, 2237.0, 2238.0, 2239.0, 2240.0, 2241.0, 2242.0, 2243.0, 2244.0, 2245.0, 2246.0, 2247.0, 2248.0, 2249.0, 2250.0, 2251.0, 2252.0, 2253.0, 2254.0, 2255.0, 2256.0, 2257.0, 2258.0, 2259.0, 2260.0, 2261.0, 2262.0, 2263.0, 2264.0, 2265.0, 2266.0, 2267.0, 2268.0, 2269.0, 2270.0, 2271.0, 2272.0, 2273.0, 2274.0, 2275.0, 2276.0, 2277.0, 2278.0, 2279.0, 2280.0, 2281.0, 2282.0, 2283.0, 2284.0, 2285.0, 2286.0, 2287.0, 2288.0, 2289.0, 2290.0, 2291.0, 2292.0, 2293.0, 2294.0, 2295.0, 2296.0, 2297.0, 2298.0, 2299.0, 2300.0, 2301.0, 2302.0, 2303.0, 2304.0, 2305.0, 2306.0, 2307.0, 2308.0, 2309.0, 2310.0, 2311.0, 2312.0, 2313.0, 2314.0, 2315.0, 2316.0, 2317.0, 2318.0, 2319.0, 2320.0, 2321.0, 2322.0, 2323.0, 2324.0, 2325.0, 2326.0, 2327.0, 2328.0, 2329.0, 2330.0, 2331.0, 2332.0, 2333.0, 2334.0, 2335.0, 2336.0, 2337.0, 2338.0, 2339.0, 2340.0, 2341.0, 2342.0, 2343.0, 2344.0, 2345.0, 2346.0, 2347.0, 2348.0, 2349.0, 2350.0, 2351.0, 2352.0, 2353.0, 2354.0, 2355.0, 2356.0, 2357.0, 2358.0, 2359.0, 2360.0, 2361.0, 2362.0, 2363.0, 2364.0, 2365.0, 2366.0, 2367.0, 2368.0, 2369.0, 2370.0, 2371.0, 2372.0, 2373.0, 2374.0, 2375.0, 2376.0, 2377.0, 2378.0, 2379.0, 2380.0, 2381.0, 2382.0, 2383.0, 2384.0, 2385.0, 2386.0, 2387.0, 2388.0, 2389.0, 2390.0, 2391.0, 2392.0, 2393.0, 2394.0, 2395.0, 2396.0, 2397.0, 2398.0, 2399.0, 2400.0]","[0.0, 0.0, 0.0, 0.0, 0.0, 0.00012, 0.00024, 0.00024, 0.00024, 0.00036, 0.0006000000000000001, 0.0006000000000000001, 0.00072, 0.00096, 0.00096, 0.0010800000000000002, 0.00132, 0.0015600000000000002, 0.00168, 0.0018000000000000002, 0.00204, 0.00204, 0.0021600000000000005, 0.0022800000000000003, 0.0022800000000000003, 0.0024000000000000002, 0.0027600000000000003, 0.003, 0.00336, 0.0034800000000000005, 0.00384, 0.00408, 0.004200000000000001, 0.00444, 0.0048000000000000004, 0.00504, 0.00528, 0.005520000000000001, 0.005640000000000001, 0.005640000000000001, 0.006120000000000001, 0.00636, 0.0064800000000000005, 0.006599999999999999, 0.006959999999999999, 0.0070799999999999995, 0.0070799999999999995, 0.00732, 0.0074399999999999996, 0.00756, 0.0078000000000000005, 0.00792, 0.00816, 0.008280000000000001, 0.0084, 0.00864, 0.00876, 0.00876, 0.009000000000000001, 0.00948, 0.00996, 0.010320000000000001, 0.0108, 0.0108, 0.011280000000000002, 0.0114, 0.011640000000000001, 0.011880000000000002, 0.01224, 0.012839999999999997, 0.013079999999999998, 0.013199999999999998, 0.013319999999999999, 0.01368, 0.01428, 0.01452, 0.014879999999999999, 0.014879999999999999, 0.014879999999999999, 0.01512, 0.01548, 0.016079999999999997, 0.016679999999999997, 0.016919999999999998, 0.017039999999999996, 0.017759999999999998, 0.018, 0.01872, 0.01944, 0.019679999999999996, 0.020039999999999995, 0.020519999999999997, 0.020759999999999997, 0.02112, 0.021479999999999996, 0.021840000000000002, 0.021959999999999997, 0.022080000000000002, 0.022199999999999998, 0.022320000000000003, 0.022560000000000004, 0.02304, 0.023280000000000002, 0.023639999999999998, 0.023760000000000003, 0.02388, 0.02436, 0.02508, 0.025200000000000004, 0.02544, 0.0258, 0.025920000000000002, 0.02604, 0.026159999999999996, 0.026520000000000002, 0.026760000000000003, 0.02712, 0.02736, 0.02772, 0.028079999999999997, 0.02844, 0.02856, 0.0288, 0.0294, 0.0294, 0.0294, 0.02988, 0.03024, 0.03096, 0.03132, 0.031920000000000004, 0.032400000000000005, 0.03252, 0.03264, 0.033240000000000006, 0.033240000000000006, 0.03336, 0.03348, 0.03348, 0.03384, 0.0342, 0.034440000000000005, 0.034800000000000005, 0.034800000000000005, 0.03492, 0.03492, 0.03504, 0.03516, 0.035280000000000006, 0.03552, 0.03576000000000001, 0.03612, 0.036719999999999996, 0.03708, 0.0372, 0.03732, 0.037559999999999996, 0.03828, 0.03888, 0.03912, 0.03948, 0.03972, 0.03996, 0.04008, 0.04019999999999999, 0.04044, 0.04056, 0.04056, 0.0408, 0.04103999999999999, 0.041159999999999995, 0.041519999999999994, 0.041639999999999996, 0.041639999999999996, 0.04188, 0.04212, 0.04212, 0.04224, 0.04247999999999999, 0.042960000000000005, 0.04356, 0.043800000000000006, 0.044039999999999996, 0.04428, 0.04428, 0.0444, 0.04476, 0.04512000000000001, 0.045360000000000004, 0.0456, 0.045720000000000004, 0.04608, 0.046560000000000004, 0.046799999999999994, 0.04716, 0.04776, 0.047880000000000006, 0.048, 0.04836, 0.0486, 0.04907999999999999, 0.0492, 0.04968, 0.05016, 0.050519999999999995, 0.05076, 0.05112, 0.05112, 0.05112, 0.05148, 0.0516, 0.05172000000000001, 0.05196, 0.05208, 0.05231999999999999, 0.05256, 0.05268, 0.05304, 0.05316, 0.05364, 0.05412, 0.05448, 0.0546, 0.05472, 0.05484, 0.05508, 0.05532, 0.05556, 0.05604, 0.05652, 0.056639999999999996, 0.056999999999999995, 0.056999999999999995, 0.05772, 0.05832000000000001, 0.05832000000000001, 0.05868, 0.05891999999999999, 0.059160000000000004, 0.0594, 0.059640000000000006, 0.06, 0.06, 0.06024, 0.06084, 0.06096, 0.06132, 0.061799999999999994, 0.062040000000000005, 0.062400000000000004, 0.06252, 0.063, 0.06324, 0.06348000000000001, 0.06396, 0.06420000000000001, 0.06504, 0.06516, 0.06540000000000001, 0.06564, 0.06612, 0.06624000000000001, 0.0666, 0.06672, 0.06707999999999999, 0.0672, 0.06732, 0.06744, 0.06768, 0.06828, 0.06899999999999999, 0.06911999999999999, 0.0696, 0.06996, 0.07007999999999999, 0.07056, 0.07092, 0.07103999999999999, 0.07128, 0.07164, 0.07164, 0.07176, 0.07247999999999999, 0.0726, 0.07271999999999999, 0.07271999999999999, 0.07284, 0.07284, 0.07307999999999999, 0.0732, 0.07332, 0.07332, 0.07368, 0.07392, 0.07404, 0.07416, 0.07416, 0.07452, 0.07452, 0.07464, 0.07488, 0.075, 0.07523999999999999, 0.07548, 0.07583999999999999, 0.07608, 0.07644000000000001, 0.07668, 0.07692, 0.07728, 0.07763999999999999, 0.07788, 0.07812, 0.07872, 0.07896, 0.07932, 0.07980000000000001, 0.08004, 0.08004, 0.08052, 0.08064, 0.08064, 0.081, 0.08112, 0.0816, 0.08196000000000002, 0.08244, 0.08256000000000001, 0.0828, 0.08304, 0.08315999999999998, 0.08364, 0.08376000000000001, 0.084, 0.08436, 0.08496000000000001, 0.0852, 0.08556000000000001, 0.08556000000000001, 0.0858, 0.08592000000000001, 0.08604, 0.08628, 0.0864, 0.08676, 0.08700000000000001, 0.08712, 0.08772, 0.08784, 0.08844000000000002, 0.08879999999999999, 0.08879999999999999, 0.08940000000000001, 0.08964, 0.08964, 0.09, 0.09024000000000001, 0.09059999999999999, 0.09072, 0.09072, 0.09072, 0.09096, 0.09096, 0.09108000000000001, 0.09119999999999999, 0.09132, 0.09156, 0.09156, 0.09192, 0.09192, 0.09228000000000001, 0.09264, 0.09300000000000001, 0.09312000000000001, 0.09336, 0.09336, 0.09360000000000002, 0.09408, 0.09408, 0.09444000000000001, 0.09468, 0.09492, 0.09504000000000001, 0.09516000000000002, 0.09539999999999998, 0.09539999999999998, 0.096, 0.096, 0.09624, 0.09636000000000002, 0.0966, 0.09695999999999999, 0.09768, 0.09792, 0.09816000000000001, 0.0984, 0.09876, 0.09876, 0.09948, 0.09948, 0.09948, 0.09948, 0.09996000000000001, 0.10043999999999999, 0.10056, 0.10056, 0.10079999999999999, 0.10091999999999998, 0.10116, 0.1014, 0.10164000000000001, 0.10164000000000001, 0.10224, 0.1026, 0.10272, 0.10296, 0.10296, 0.10308, 0.10343999999999999, 0.10368000000000001, 0.10404, 0.10427999999999998, 0.10452, 0.105, 0.10523999999999999, 0.10523999999999999, 0.10523999999999999, 0.10536, 0.10583999999999999, 0.10668, 0.10679999999999999, 0.10692, 0.10716, 0.10728000000000001, 0.10788, 0.10799999999999998, 0.10848, 0.10859999999999999, 0.10908000000000001, 0.10920000000000002, 0.10944, 0.10991999999999999, 0.11004, 0.1104, 0.11064, 0.11064, 0.11076000000000001, 0.11135999999999999, 0.11184000000000001, 0.11244, 0.11268, 0.11292000000000002, 0.11304000000000002, 0.11316000000000001, 0.11328, 0.1134, 0.11364, 0.11364, 0.11388, 0.11388, 0.11388, 0.11424, 0.11460000000000001, 0.11496, 0.11507999999999999, 0.11532, 0.11556000000000001, 0.11592000000000001, 0.11628, 0.11628, 0.1164, 0.11652000000000001, 0.11652000000000001, 0.11676, 0.11676, 0.11699999999999999, 0.11724, 0.11772000000000002, 0.11796, 0.1182, 0.11868000000000002, 0.11892, 0.11916, 0.11952, 0.11952, 0.11976, 0.11976, 0.12036, 0.12072, 0.12108000000000001, 0.12132, 0.12144, 0.12156, 0.12168, 0.12168, 0.12240000000000002, 0.12264000000000001, 0.12264000000000001, 0.12300000000000001, 0.12372, 0.12396000000000001, 0.12444000000000001, 0.12455999999999999, 0.12468, 0.12492, 0.12516, 0.12528, 0.12528, 0.12528, 0.12552, 0.12624, 0.12636, 0.12707999999999997, 0.12719999999999998, 0.12780000000000002, 0.12792, 0.12804000000000001, 0.12828, 0.1284, 0.12864, 0.12899999999999998, 0.12936, 0.12948, 0.13008, 0.13008, 0.13008, 0.13019999999999998, 0.13056, 0.13104, 0.13128, 0.13128, 0.13128, 0.13140000000000002, 0.13176000000000002, 0.13188000000000002, 0.13212, 0.13224, 0.13236, 0.13248000000000001, 0.13272, 0.13296, 0.13308, 0.13308, 0.1332, 0.13344, 0.13356, 0.13356, 0.1338, 0.13391999999999998, 0.13404, 0.13416, 0.13452, 0.13476000000000002, 0.13524, 0.1356, 0.13584, 0.13596, 0.13644, 0.13656000000000001, 0.1368, 0.1368, 0.13704, 0.1374, 0.13776, 0.13812000000000002, 0.13836, 0.13848, 0.1386, 0.13872, 0.13872, 0.13896, 0.13907999999999998, 0.13932, 0.13932, 0.13932, 0.13956, 0.13968, 0.14004, 0.14015999999999998, 0.14052, 0.14076, 0.14088, 0.14100000000000001, 0.14112000000000002, 0.14112000000000002, 0.14112000000000002, 0.14124, 0.14148, 0.14172, 0.14196, 0.14208, 0.14256, 0.14292000000000002, 0.14328, 0.1434, 0.14352, 0.14376, 0.14376, 0.14388, 0.14412, 0.14412, 0.14448, 0.1446, 0.1446, 0.14496, 0.14496, 0.1452, 0.14568, 0.14568, 0.14604, 0.14628, 0.14664000000000002, 0.14676, 0.14724, 0.1476, 0.1476, 0.14795999999999998, 0.14795999999999998, 0.14795999999999998, 0.14808, 0.14832, 0.14832, 0.14868, 0.14904, 0.14928, 0.1494, 0.14964, 0.15, 0.15, 0.15, 0.15012, 0.15048, 0.1506, 0.15084, 0.15096, 0.15096, 0.15144, 0.15144, 0.15167999999999998, 0.15204, 0.15228, 0.15228, 0.15239999999999998, 0.15276, 0.15312, 0.15336, 0.1536, 0.15372, 0.15396, 0.15396, 0.1542, 0.15431999999999998, 0.15492, 0.15516, 0.15516, 0.15527999999999997, 0.15539999999999998, 0.15564, 0.15564, 0.15588000000000002, 0.15588000000000002, 0.15600000000000003, 0.15600000000000003, 0.15636, 0.15672, 0.15696, 0.15719999999999998, 0.15744, 0.15756, 0.1578, 0.15792, 0.15804, 0.15828, 0.15852, 0.15875999999999998, 0.15875999999999998, 0.15888, 0.15911999999999998, 0.15948, 0.15972, 0.15996, 0.16032, 0.16032, 0.16032, 0.16032, 0.16043999999999997, 0.16068, 0.16068, 0.16104, 0.16128, 0.16140000000000002, 0.16152, 0.16164, 0.16200000000000003, 0.16200000000000003, 0.16212, 0.16236000000000003, 0.16259999999999997, 0.16271999999999998, 0.16271999999999998, 0.16283999999999998, 0.16308, 0.16308, 0.1632, 0.16356, 0.16368000000000002, 0.16392000000000004, 0.16404, 0.16404, 0.16416, 0.16440000000000002, 0.16451999999999997, 0.16476, 0.16548000000000002, 0.16572000000000003, 0.16620000000000001, 0.16620000000000001, 0.16620000000000001, 0.16631999999999997, 0.16643999999999998, 0.16692, 0.16716, 0.16728, 0.16740000000000002, 0.16764000000000004, 0.16776000000000002, 0.16799999999999998, 0.16811999999999996, 0.16823999999999997, 0.16848, 0.16896, 0.16956, 0.1698, 0.17003999999999997, 0.17028, 0.17076, 0.17088, 0.17124000000000003, 0.17148000000000002, 0.17148000000000002, 0.1716, 0.17172, 0.17207999999999998, 0.17244, 0.17256, 0.17256, 0.17268, 0.17304000000000003, 0.17315999999999998, 0.17363999999999996, 0.17387999999999998, 0.17412, 0.17424, 0.17424, 0.17436, 0.17472, 0.17495999999999998, 0.17495999999999998, 0.1752, 0.17532, 0.17532, 0.17556000000000002, 0.17556000000000002, 0.17568, 0.17579999999999998, 0.17615999999999998, 0.17628, 0.17628, 0.17652, 0.17652, 0.17664000000000002, 0.17687999999999998, 0.177, 0.17724, 0.17759999999999998, 0.17784, 0.17796, 0.17808, 0.1782, 0.17844000000000002, 0.17856000000000002, 0.17868000000000003, 0.17892, 0.17939999999999998, 0.17939999999999998, 0.17976, 0.17976, 0.17987999999999998, 0.18012, 0.18024, 0.1806, 0.18072000000000002, 0.1812, 0.18144, 0.18167999999999998, 0.1818, 0.18192, 0.1824, 0.18264000000000002, 0.183, 0.183, 0.18311999999999998, 0.18311999999999998, 0.18347999999999998, 0.18359999999999999, 0.18372, 0.18372, 0.18396, 0.18456, 0.18504, 0.18540000000000004, 0.18564, 0.18564, 0.18600000000000003, 0.18648, 0.18684, 0.18684, 0.18684, 0.18708, 0.18756, 0.1884, 0.18899999999999997, 0.18911999999999998, 0.18924, 0.18948, 0.18960000000000002, 0.18996000000000002, 0.18996000000000002, 0.18996000000000002, 0.19008000000000003, 0.19044, 0.19044, 0.19056, 0.19056, 0.19068000000000002, 0.19080000000000003, 0.19104, 0.19152000000000002, 0.19175999999999999, 0.19188, 0.19188, 0.19211999999999999, 0.19236, 0.19236, 0.19248, 0.19272000000000003, 0.19283999999999998, 0.1932, 0.19332000000000002, 0.19356, 0.19380000000000003, 0.19380000000000003, 0.19392000000000004, 0.19404000000000005, 0.19416000000000003, 0.19440000000000002, 0.19464000000000004, 0.19476000000000002, 0.195, 0.195, 0.19524, 0.19548, 0.19595999999999997, 0.19595999999999997, 0.19619999999999999, 0.19643999999999998, 0.19643999999999998, 0.19655999999999998, 0.19655999999999998, 0.19655999999999998, 0.19655999999999998, 0.1968, 0.19692, 0.19716, 0.19728, 0.19752000000000003, 0.19752000000000003, 0.19776, 0.19812000000000002, 0.19812000000000002, 0.19812000000000002, 0.19836, 0.19848000000000002, 0.19872, 0.19908, 0.19932000000000002, 0.19956000000000004, 0.19968, 0.19968, 0.19968, 0.1998, 0.20003999999999997, 0.20027999999999999, 0.20052, 0.20076, 0.20112, 0.20112, 0.20135999999999998, 0.20184000000000002, 0.20207999999999998, 0.20232, 0.20244, 0.20256, 0.2028, 0.20292000000000002, 0.20304, 0.20364000000000002, 0.20376000000000002, 0.20376000000000002, 0.20388, 0.20400000000000001, 0.20412, 0.20412, 0.2046, 0.2046, 0.20496000000000003, 0.20508000000000004, 0.20508000000000004, 0.20568000000000006, 0.20592000000000002, 0.20592000000000002, 0.20628, 0.2064, 0.20676000000000003, 0.20724, 0.20759999999999998, 0.20784, 0.20808, 0.20832, 0.20844000000000001, 0.20856000000000002, 0.20892000000000002, 0.20915999999999996, 0.20939999999999998, 0.20951999999999998, 0.20951999999999998, 0.21, 0.21012, 0.21012, 0.21012, 0.21012, 0.21048000000000003, 0.21084, 0.21108000000000002, 0.21132, 0.21132, 0.21144000000000002, 0.21168000000000003, 0.21192, 0.21204, 0.21216000000000002, 0.21228000000000002, 0.21276, 0.21288, 0.21288, 0.21288, 0.21312, 0.21336, 0.21372, 0.21384, 0.21396, 0.21408000000000002, 0.21420000000000003, 0.21456, 0.21492, 0.21516, 0.21539999999999998, 0.21564, 0.21576, 0.21588000000000002, 0.21600000000000003, 0.21612, 0.21612, 0.21624000000000002, 0.21659999999999996, 0.21696, 0.21708, 0.21708, 0.21708, 0.21719999999999998, 0.21731999999999999, 0.21768, 0.21780000000000002, 0.21816, 0.21851999999999996, 0.21851999999999996, 0.21875999999999998, 0.21888, 0.21899999999999997, 0.21924, 0.21948, 0.21948, 0.21960000000000002, 0.21960000000000002, 0.21960000000000002, 0.21972000000000003, 0.21984, 0.22032, 0.22032, 0.22055999999999998, 0.22055999999999998, 0.22068, 0.22091999999999998, 0.22104, 0.2214, 0.22152000000000002, 0.22164, 0.22176, 0.22188, 0.222, 0.222, 0.22211999999999996, 0.22223999999999997, 0.2226, 0.22271999999999997, 0.22296, 0.2232, 0.2232, 0.22344, 0.22356, 0.22368000000000002, 0.22392, 0.22392, 0.22392, 0.22416, 0.22428, 0.22440000000000002, 0.22452000000000003, 0.22476000000000002, 0.22488, 0.22536, 0.22596, 0.22596, 0.22596, 0.2262, 0.22644000000000003, 0.22668, 0.2268, 0.22692, 0.22716, 0.2274, 0.22763999999999998, 0.22788, 0.22812, 0.22835999999999998, 0.22872, 0.22896, 0.22932000000000002, 0.22956000000000004, 0.2298, 0.22991999999999999, 0.22991999999999999, 0.22991999999999999, 0.23003999999999997, 0.23003999999999997, 0.23015999999999998, 0.23015999999999998, 0.23027999999999998, 0.23027999999999998, 0.23052, 0.23076, 0.23076, 0.23088, 0.23124, 0.23124, 0.23124, 0.2316, 0.23172, 0.23196000000000003, 0.23207999999999998, 0.23232, 0.23232, 0.23256, 0.23268, 0.23328, 0.23363999999999996, 0.23387999999999998, 0.23387999999999998, 0.23424, 0.23436, 0.23448, 0.23448, 0.23472, 0.23496000000000003, 0.23508000000000004, 0.23568, 0.23568, 0.23568, 0.23568, 0.2358, 0.2358, 0.23592000000000002, 0.23616, 0.23616, 0.23628, 0.23628, 0.2364, 0.2364, 0.23712, 0.23747999999999997, 0.23772, 0.23796, 0.23807999999999999, 0.23832, 0.23856000000000002, 0.23892, 0.23892, 0.23904, 0.23916, 0.23928000000000002, 0.23939999999999997, 0.23939999999999997, 0.23939999999999997, 0.23939999999999997, 0.23976, 0.23987999999999998, 0.24, 0.24012, 0.24012, 0.24036000000000002, 0.24072000000000002, 0.24072000000000002, 0.24096, 0.24119999999999997, 0.24131999999999998, 0.24144, 0.24144, 0.24156, 0.24216000000000001, 0.24252, 0.24252, 0.24252, 0.24264000000000002, 0.24276, 0.24299999999999997, 0.24323999999999998, 0.24323999999999998, 0.24323999999999998, 0.24336, 0.24348, 0.24384, 0.24408000000000002, 0.24408000000000002, 0.24408000000000002, 0.24432, 0.24456000000000003, 0.24456000000000003, 0.24456000000000003, 0.24456000000000003, 0.24468000000000004, 0.24480000000000005, 0.24492000000000005, 0.24504000000000004, 0.24516000000000002, 0.24516000000000002, 0.24552, 0.24576, 0.24600000000000002, 0.24624000000000001, 0.24648000000000003, 0.24672, 0.24672, 0.24708000000000002, 0.24708000000000002, 0.24720000000000003, 0.24719999999999998, 0.24719999999999998, 0.24756, 0.24804, 0.24828000000000003, 0.24852, 0.24888, 0.24911999999999998, 0.24911999999999998, 0.24911999999999998, 0.24924, 0.24936, 0.24948, 0.24960000000000002, 0.24984, 0.2502, 0.25044, 0.25056, 0.25056, 0.2508, 0.2508, 0.25116, 0.25128, 0.25128, 0.25128, 0.2514, 0.2514, 0.2514, 0.25152, 0.25152, 0.25152, 0.25164000000000003, 0.25176000000000004, 0.25188000000000005, 0.25188000000000005, 0.252, 0.25224, 0.25236000000000003, 0.2526, 0.2526, 0.2526, 0.2526, 0.25284, 0.25296, 0.25296, 0.25307999999999997, 0.2532, 0.25332, 0.25332, 0.2538, 0.2538, 0.2538, 0.25416000000000005, 0.2544, 0.25452, 0.25452, 0.255, 0.25536000000000003, 0.25560000000000005, 0.25560000000000005, 0.25560000000000005, 0.25572, 0.25572, 0.25572, 0.25596, 0.25608000000000003, 0.25608000000000003, 0.25632, 0.25644, 0.25656, 0.25656, 0.25656, 0.2568, 0.25692, 0.25704, 0.25704, 0.25728, 0.25752, 0.25764000000000004, 0.25764000000000004, 0.25764000000000004, 0.25799999999999995, 0.25799999999999995, 0.25811999999999996, 0.25836, 0.2586, 0.25896, 0.25908000000000003, 0.25920000000000004, 0.25944, 0.25944, 0.25956, 0.25980000000000003, 0.26004, 0.26016, 0.26016, 0.26016, 0.26039999999999996, 0.26064, 0.26064, 0.26076, 0.26076, 0.26088, 0.26088, 0.26088, 0.26088, 0.26088, 0.26088, 0.26088, 0.26099999999999995, 0.26136, 0.26148, 0.2616, 0.26208, 0.26208, 0.26232, 0.26256, 0.26268, 0.26292000000000004, 0.26304, 0.26316, 0.26352, 0.264, 0.26424000000000003, 0.26448000000000005, 0.26448000000000005, 0.26448000000000005, 0.26472, 0.26484, 0.26508, 0.26532, 0.26544, 0.26592, 0.26604, 0.26604, 0.26604, 0.26628, 0.26664, 0.26676, 0.26688, 0.26688, 0.26688, 0.267, 0.267, 0.26712, 0.26724, 0.26724, 0.26724, 0.2676, 0.2676, 0.26771999999999996, 0.26771999999999996, 0.26771999999999996, 0.26783999999999997, 0.26808, 0.26844, 0.26856, 0.26868000000000003, 0.26904, 0.26916, 0.26927999999999996, 0.26952, 0.26952, 0.26988, 0.27024000000000004, 0.27024000000000004, 0.27036, 0.27048, 0.27048, 0.2706, 0.27084, 0.27108, 0.27143999999999996, 0.2718, 0.2718, 0.27192, 0.27204, 0.27204, 0.27216, 0.27228, 0.27228, 0.27228, 0.27252, 0.27252, 0.27252, 0.27252, 0.27276, 0.273, 0.27312, 0.27324, 0.27348, 0.27348, 0.2736, 0.27408, 0.27408, 0.27444, 0.27468000000000004, 0.27492, 0.27504, 0.2754, 0.2754, 0.27564, 0.27588, 0.276, 0.27636000000000005, 0.27636000000000005, 0.27648000000000006, 0.27672, 0.27684000000000003, 0.27732, 0.27756000000000003, 0.2778, 0.2778, 0.27792, 0.27804, 0.27804, 0.27827999999999997, 0.2784, 0.27852, 0.27864, 0.27875999999999995, 0.27875999999999995, 0.27899999999999997, 0.27912, 0.27936, 0.27936, 0.27948, 0.2796, 0.27972, 0.27996000000000004, 0.28032, 0.28044, 0.28056000000000003, 0.28068000000000004, 0.28068000000000004, 0.28116, 0.28128, 0.28164, 0.28188, 0.28188, 0.28200000000000003, 0.28212000000000004, 0.28224000000000005, 0.28236000000000006, 0.2826, 0.2826, 0.28271999999999997, 0.28271999999999997, 0.28296, 0.28308, 0.28332, 0.28332, 0.28332, 0.28332, 0.28344, 0.28356000000000003, 0.28368000000000004, 0.28368000000000004, 0.28368000000000004, 0.28368000000000004, 0.28380000000000005, 0.28392, 0.28416, 0.28428000000000003, 0.28428000000000003, 0.28464, 0.28464, 0.28476, 0.28488, 0.28488, 0.28488, 0.28512, 0.28536, 0.28536, 0.28536, 0.2856, 0.28608000000000006, 0.28608000000000006, 0.28608000000000006, 0.28608000000000006, 0.28608000000000006, 0.28608000000000006, 0.28608000000000006, 0.28620000000000007, 0.28668, 0.28668, 0.28668, 0.28704, 0.28716, 0.28716, 0.28716, 0.28716, 0.28716, 0.28728000000000004, 0.28728000000000004, 0.28728000000000004, 0.28740000000000004, 0.28740000000000004, 0.28764, 0.28800000000000003, 0.28848, 0.28872000000000003, 0.28896000000000005, 0.28908, 0.28944000000000003, 0.28944000000000003, 0.28980000000000006, 0.28980000000000006, 0.28992, 0.29016000000000003, 0.29052000000000006, 0.29124, 0.29136, 0.29172000000000003, 0.29184000000000004, 0.29196000000000005, 0.29196000000000005, 0.29208, 0.29208, 0.29231999999999997, 0.29268, 0.2928, 0.29304, 0.29340000000000005, 0.29352000000000006, 0.29352000000000006, 0.29364000000000007, 0.29376, 0.29376, 0.29376, 0.29376, 0.29388000000000003, 0.29388000000000003, 0.29412000000000005, 0.29472000000000004, 0.29496, 0.2952, 0.29544, 0.29556, 0.29591999999999996, 0.29603999999999997, 0.29616, 0.29628, 0.2964, 0.29652, 0.29652, 0.29652, 0.29664, 0.29676, 0.29688000000000003, 0.29712000000000005, 0.29712000000000005, 0.29712000000000005, 0.29724000000000006, 0.29724000000000006, 0.29724000000000006, 0.29724000000000006, 0.29748, 0.29784000000000005, 0.29808, 0.29808, 0.29832000000000003, 0.29844000000000004, 0.29844000000000004, 0.29868, 0.29892, 0.29904, 0.29904, 0.29916, 0.29928, 0.29952, 0.29963999999999996, 0.29963999999999996, 0.29975999999999997, 0.3, 0.30024, 0.30036, 0.30048, 0.30048, 0.30048, 0.30048, 0.30072000000000004, 0.30084000000000005, 0.30084000000000005, 0.30096000000000006, 0.30096000000000006, 0.30108, 0.30108, 0.30108, 0.30132000000000003, 0.30132000000000003, 0.30156000000000005, 0.30168, 0.30168, 0.30168, 0.30216, 0.30228, 0.30252, 0.30276000000000003, 0.30276000000000003, 0.30288000000000004, 0.30288000000000004, 0.30312, 0.30312, 0.30324, 0.3036, 0.3036, 0.30372, 0.30384, 0.30396, 0.30408, 0.30444000000000004, 0.30456000000000005, 0.30456000000000005, 0.3048, 0.30528, 0.30552, 0.30564, 0.306, 0.30612, 0.30636, 0.30648, 0.30648, 0.30672, 0.30684, 0.30684, 0.30695999999999996, 0.3072, 0.3072, 0.30732, 0.30756, 0.3078, 0.3078, 0.3078, 0.3078, 0.30804000000000004, 0.30804000000000004, 0.30816000000000004, 0.30816000000000004, 0.30828000000000005, 0.30828000000000005, 0.30852, 0.30864, 0.30876000000000003, 0.309, 0.309, 0.30912, 0.30912, 0.30948, 0.30948, 0.3096, 0.30972, 0.30984, 0.31007999999999997, 0.31044, 0.31044, 0.31067999999999996, 0.31067999999999996, 0.31067999999999996, 0.31067999999999996, 0.31079999999999997, 0.31104, 0.31116, 0.31128, 0.3114, 0.31152, 0.31152, 0.31152, 0.31164000000000003, 0.31188, 0.312, 0.31212, 0.31212, 0.31236, 0.31236, 0.31248000000000004, 0.31248000000000004, 0.31272, 0.31284, 0.31308, 0.3132, 0.31332, 0.31356, 0.31356, 0.31368, 0.31368, 0.31404, 0.31404, 0.31416, 0.31427999999999995, 0.31451999999999997, 0.31451999999999997, 0.31451999999999997, 0.31451999999999997, 0.31451999999999997, 0.31488, 0.31499999999999995, 0.31511999999999996, 0.31523999999999996, 0.31548, 0.31548, 0.31548, 0.31548, 0.3156, 0.31583999999999995, 0.31607999999999997, 0.31607999999999997, 0.31632, 0.31667999999999996, 0.31679999999999997, 0.31704, 0.31716, 0.31728, 0.31739999999999996, 0.31764, 0.31787999999999994, 0.31787999999999994, 0.31799999999999995, 0.31823999999999997, 0.31823999999999997, 0.31836, 0.3186, 0.31895999999999997, 0.31895999999999997, 0.31908, 0.31908, 0.3192, 0.31944, 0.31956, 0.32004, 0.32004, 0.32016, 0.32016, 0.32028, 0.32028, 0.3204, 0.32051999999999997, 0.32051999999999997, 0.3206399999999999, 0.32075999999999993, 0.32087999999999994, 0.32087999999999994, 0.32087999999999994, 0.32087999999999994, 0.32099999999999995, 0.32111999999999996, 0.32136, 0.32148, 0.32183999999999996, 0.32195999999999997, 0.32208, 0.3222, 0.3222, 0.3222, 0.3222, 0.32256, 0.32268, 0.32280000000000003, 0.32292000000000004, 0.32292000000000004, 0.32327999999999996, 0.32352, 0.32376, 0.32388, 0.32424, 0.32436, 0.32472, 0.32484, 0.32495999999999997, 0.32508, 0.32531999999999994, 0.32543999999999995, 0.32555999999999996, 0.32567999999999997, 0.32628, 0.32628, 0.32628, 0.32628, 0.3264, 0.32652000000000003, 0.32664000000000004, 0.327, 0.32712, 0.32712, 0.32712, 0.32736, 0.32772, 0.32783999999999996, 0.32783999999999996, 0.32796, 0.32832, 0.32832, 0.32843999999999995, 0.32867999999999997, 0.32867999999999997, 0.32891999999999993, 0.32903999999999994, 0.32915999999999995, 0.32939999999999997, 0.32952, 0.32952, 0.32964, 0.32976, 0.32988, 0.32988, 0.33, 0.33024000000000003, 0.33024000000000003, 0.33072, 0.33072, 0.33108, 0.3312, 0.3312, 0.3312, 0.33132, 0.33143999999999996, 0.33143999999999996, 0.33143999999999996, 0.33168, 0.3318, 0.3318, 0.33192, 0.33192, 0.33192, 0.33204, 0.33204, 0.33252000000000004, 0.33252000000000004, 0.33264000000000005, 0.33276000000000006, 0.33276000000000006, 0.33276000000000006, 0.33276000000000006, 0.33311999999999997, 0.33311999999999997, 0.33324, 0.33324, 0.33336, 0.33336, 0.33348, 0.33348, 0.33384, 0.33396000000000003, 0.3342, 0.3342, 0.3342, 0.33456, 0.33468000000000003, 0.33480000000000004, 0.33492000000000005, 0.33516000000000007, 0.3354, 0.33552, 0.33564, 0.336, 0.33624000000000004, 0.33636000000000005, 0.33648000000000006, 0.33671999999999996, 0.33684, 0.33684, 0.33696, 0.33696, 0.33732, 0.33744, 0.33756, 0.33756, 0.33756, 0.33756, 0.33768, 0.3378, 0.33792, 0.33804, 0.33840000000000003, 0.33840000000000003, 0.33840000000000003, 0.33840000000000003, 0.33852000000000004, 0.33852000000000004, 0.33852000000000004, 0.33852000000000004, 0.33864, 0.33887999999999996, 0.33899999999999997, 0.33924, 0.33924, 0.33936, 0.33936, 0.33971999999999997, 0.3398399999999999, 0.3398399999999999, 0.33971999999999997, 0.33971999999999997, 0.33971999999999997, 0.33995999999999993, 0.34031999999999996, 0.34031999999999996, 0.34043999999999996, 0.34043999999999996, 0.34043999999999996, 0.34043999999999996, 0.34043999999999996, 0.34043999999999996, 0.34043999999999996, 0.34043999999999996, 0.34056, 0.34056, 0.3408, 0.3408, 0.3408, 0.3408, 0.3408, 0.3408, 0.3408, 0.3408, 0.3408, 0.3408, 0.3408, 0.3408, 0.3408, 0.34104, 0.34104, 0.34128000000000003, 0.34128000000000003, 0.34128000000000003, 0.34128000000000003, 0.34128000000000003, 0.34128000000000003, 0.34128000000000003, 0.34128000000000003, 0.34128000000000003, 0.34128000000000003, 0.34128000000000003, 0.34128000000000003, 0.34128000000000003, 0.34128000000000003, 0.34128000000000003, 0.34128000000000003, 0.34128000000000003, 0.34128000000000003, 0.34128000000000003, 0.34128000000000003, 0.34128000000000003, 0.34128000000000003, 0.34128000000000003, 0.34128000000000003, 0.34128000000000003, 0.34128000000000003, 0.34128000000000003, 0.34128000000000003, 0.34128000000000003, 0.34128000000000003, 0.34128000000000003, 0.34128000000000003, 0.34128000000000003, 0.34128000000000003, 0.34128000000000003, 0.3414, 0.3414, 0.3414, 0.3414, 0.3414, 0.3414, 0.3414, 0.3414, 0.3414, 0.3414, 0.3414, 0.3414, 0.3414, 0.3414, 0.3414, 0.3414, 0.3414, 0.3414, 0.3414, 0.3414, 0.3414, 0.3414, 0.3414, 0.3414, 0.3414, 0.3414, 0.3414, 0.3414, 0.3414, 0.3414, 0.3414, 0.3414, 0.3414, 0.3414, 0.3414, 0.3414, 0.3414, 0.3414, 0.3414, 0.3414, 0.3414, 0.3414, 0.3414, 0.3414, 0.3414, 0.3414, 0.3414, 0.3414, 0.3414, 0.34128000000000003, 0.34128000000000003, 0.34128000000000003, 0.34128000000000003, 0.34128000000000003, 0.34128000000000003, 0.34128000000000003, 0.34128000000000003, 0.34128000000000003, 0.34128000000000003, 0.34128000000000003, 0.34128000000000003, 0.34128000000000003, 0.34128000000000003, 0.34128000000000003, 0.34128000000000003, 0.3414, 0.3414, 0.3414, 0.3414, 0.3414, 0.3414, 0.3414, 0.3414, 0.3414, 0.3414, 0.3414, 0.3414, 0.3414, 0.3414, 0.3414, 0.3414, 0.3414, 0.3414, 0.3414, 0.3414, 0.3414, 0.3414, 0.3414, 0.3414, 0.3414, 0.34152, 0.34152, 0.34152, 0.34152, 0.34152, 0.34152, 0.34152, 0.34152, 0.34152, 0.34152, 0.34152, 0.34152, 0.34152, 0.34152, 0.34152, 0.34152, 0.34152, 0.34152, 0.34152, 0.34152, 0.34152, 0.34152, 0.34152, 0.34152, 0.34152, 0.34152, 0.34152, 0.34152, 0.34152, 0.34152, 0.34152, 0.34152, 0.34152, 0.34152, 0.34152, 0.34152, 0.34152, 0.34152, 0.34152, 0.34152, 0.34152, 0.34152, 0.34152, 0.34152, 0.34152, 0.34152, 0.34152, 0.34152, 0.34152, 0.34152, 0.34152, 0.34152, 0.34152, 0.34152, 0.34152, 0.3414, 0.3414, 0.3414, 0.3414, 0.3414, 0.3414, 0.3414, 0.3414, 0.3414, 0.3414, 0.3414, 0.3414, 0.3414, 0.3414, 0.3414, 0.3414, 0.3414, 0.3414, 0.34152, 0.34152, 0.34152, 0.34152, 0.34152, 0.34152, 0.34152, 0.34152, 0.34152, 0.34152, 0.34152, 0.34152, 0.34152, 0.34152, 0.34152, 0.34152, 0.34152, 0.34152, 0.34152, 0.34152, 0.34152, 0.34152, 0.34152, 0.34152, 0.34152, 0.34152, 0.34152, 0.34152, 0.34152, 0.34152, 0.34152, 0.34152, 0.34152, 0.34152, 0.34152, 0.34152, 0.34152, 0.34152, 0.34152, 0.34152, 0.34152, 0.34152, 0.3414, 0.3414, 0.3414, 0.3414, 0.3414, 0.3414, 0.3414, 0.3414, 0.3414, 0.3414, 0.3414, 0.3414, 0.3414, 0.3414, 0.3414, 0.3414, 0.3414, 0.3414, 0.3414, 0.34152, 0.34152, 0.34152, 0.34152, 0.34152, 0.34152, 0.34152, 0.34152, 0.34152, 0.34152, 0.34152, 0.34152, 0.34152, 0.34152, 0.34152, 0.34152, 0.34152, 0.34152, 0.34152, 0.34152, 0.34152, 0.34152, 0.34152, 0.34152, 0.34152, 0.34152, 0.34152, 0.34152, 0.34152, 0.34152, 0.34152, 0.34152, 0.34152, 0.34152, 0.34152, 0.34152, 0.34152, 0.34152, 0.34152, 0.34152, 0.34152, 0.34152, 0.34152, 0.34152, 0.34152, 0.34152, 0.34152, 0.34152, 0.34152, 0.34152, 0.34152, 0.34152, 0.34152, 0.34152, 0.34152, 0.34152, 0.34152, 0.34152, 0.34152, 0.34152, 0.34152, 0.34152, 0.34152, 0.34152, 0.34152, 0.34152, 0.34152, 0.34152, 0.34152, 0.34152, 0.34152, 0.34152, 0.34152, 0.34152, 0.34152, 0.34152, 0.34152, 0.34152, 0.34152, 0.34152, 0.34152, 0.34152, 0.34152, 0.34152, 0.34152, 0.34152, 0.34152, 0.34152, 0.34152, 0.34152, 0.34152, 0.34152, 0.34152, 0.34152, 0.34152, 0.34152, 0.34152, 0.34152, 0.34152, 0.34152, 0.34152, 0.34152, 0.34152, 0.34152, 0.34152, 0.34152, 0.34152, 0.34152, 0.34152, 0.34152, 0.34152, 0.34152, 0.34152, 0.34152, 0.34152, 0.34152, 0.34152, 0.34152, 0.34152, 0.34152, 0.34152, 0.34152, 0.34152, 0.34152, 0.34152, 0.34152, 0.34152, 0.34152, 0.34152, 0.34152, 0.34152, 0.34152, 0.34152, 0.34152, 0.34152, 0.34152, 0.34152, 0.34152, 0.34152, 0.34152, 0.34152, 0.34152, 0.34152, 0.34152, 0.34152, 0.34152, 0.34152, 0.34152, 0.34152, 0.34152, 0.34152, 0.34152, 0.34152, 0.34152, 0.34152, 0.34152, 0.34152, 0.34152, 0.34152, 0.34152, 0.34152, 0.34152, 0.34152, 0.34152, 0.34152, 0.34152, 0.34152, 0.34152, 0.34152, 0.34152, 0.34152, 0.34152, 0.34152, 0.34152, 0.34152, 0.34152, 0.34152, 0.34152, 0.34152, 0.34152, 0.34152, 0.34152, 0.34152, 0.34152, 0.34152, 0.34152, 0.34152, 0.34152, 0.34152, 0.34152, 0.34152, 0.34152, 0.34152, 0.34152, 0.34152, 0.34152, 0.34152, 0.34152, 0.34152, 0.34152, 0.34152, 0.34152, 0.34152, 0.34152, 0.34152, 0.34152, 0.34152, 0.34152, 0.34152, 0.34152, 0.34152, 0.34152, 0.34152, 0.34152, 0.34152, 0.34152, 0.34152, 0.34152, 0.34152, 0.34152, 0.34152, 0.34152, 0.34152, 0.34152, 0.34152, 0.34152, 0.34152, 0.34152, 0.34152, 0.34152, 0.34152, 0.34152, 0.34152, 0.34152, 0.34152, 0.34152, 0.34152, 0.34152, 0.34152, 0.34152, 0.34152, 0.34152, 0.34152, 0.34152, 0.34152, 0.34152, 0.34152, 0.34152, 0.34152, 0.34152, 0.34152, 0.34152, 0.34152, 0.34152]","[0.0, 0.00024, 0.00032, 0.0004, 0.0008, 0.0008799999999999999, 0.00096, 0.00128, 0.00128, 0.00144, 0.0015200000000000003, 0.00184, 0.00192, 0.00192, 0.00232, 0.00256, 0.00272, 0.00288, 0.0030400000000000006, 0.00328, 0.0036, 0.00392, 0.004, 0.004, 0.0041600000000000005, 0.0044, 0.004320000000000001, 0.004240000000000001, 0.004240000000000001, 0.004240000000000001, 0.0044, 0.004640000000000001, 0.004640000000000001, 0.004640000000000001, 0.0044800000000000005, 0.0044, 0.004320000000000001, 0.004240000000000001, 0.0044, 0.0044, 0.00424, 0.00424, 0.0044, 0.004719999999999999, 0.00464, 0.004719999999999999, 0.00488, 0.004960000000000001, 0.00528, 0.00544, 0.00544, 0.005520000000000001, 0.005600000000000001, 0.005520000000000001, 0.005520000000000001, 0.00576, 0.006, 0.0060799999999999995, 0.006000000000000001, 0.0060799999999999995, 0.00584, 0.0057599999999999995, 0.005600000000000001, 0.005680000000000001, 0.00576, 0.0057599999999999995, 0.00592, 0.006, 0.005840000000000001, 0.005600000000000001, 0.005600000000000001, 0.005840000000000001, 0.006080000000000001, 0.005920000000000001, 0.00576, 0.00576, 0.00576, 0.006160000000000001, 0.006320000000000001, 0.0064800000000000005, 0.006479999999999999, 0.0064, 0.00616, 0.00624, 0.006400000000000001, 0.00616, 0.006559999999999999, 0.006239999999999999, 0.005920000000000001, 0.005840000000000001, 0.005840000000000001, 0.005840000000000001, 0.0057599999999999995, 0.005600000000000001, 0.00584, 0.005679999999999999, 0.00584, 0.006, 0.006, 0.006239999999999999, 0.006319999999999999, 0.00632, 0.00632, 0.00624, 0.0064, 0.0064, 0.006160000000000001, 0.006000000000000001, 0.006080000000000001, 0.006080000000000001, 0.006000000000000001, 0.0060799999999999995, 0.00616, 0.00624, 0.0060799999999999995, 0.006160000000000001, 0.006000000000000001, 0.006000000000000001, 0.005920000000000001, 0.006000000000000001, 0.006000000000000001, 0.006080000000000001, 0.0060799999999999995, 0.00592, 0.0060799999999999995, 0.00632, 0.0060799999999999995, 0.005920000000000001, 0.005680000000000001, 0.005600000000000001, 0.00544, 0.00528, 0.0052, 0.00528, 0.00496, 0.00496, 0.00504, 0.004960000000000001, 0.00528, 0.0052, 0.0052, 0.00536, 0.00528, 0.005520000000000001, 0.005680000000000001, 0.005680000000000001, 0.006000000000000001, 0.006000000000000001, 0.006320000000000001, 0.006400000000000001, 0.006320000000000001, 0.006480000000000001, 0.006160000000000001, 0.005920000000000001, 0.005840000000000001, 0.005840000000000001, 0.006160000000000001, 0.005840000000000001, 0.00544, 0.00528, 0.0052, 0.00512, 0.0052, 0.00536, 0.005520000000000001, 0.005520000000000001, 0.005600000000000001, 0.00576, 0.006000000000000001, 0.00616, 0.00632, 0.0060799999999999995, 0.00624, 0.0064, 0.00624, 0.00632, 0.0064, 0.00656, 0.0064800000000000005, 0.00656, 0.00664, 0.0068, 0.006639999999999999, 0.006719999999999999, 0.00688, 0.00712, 0.007039999999999999, 0.0068, 0.006959999999999999, 0.00712, 0.0072, 0.0072, 0.0072, 0.007040000000000001, 0.007040000000000001, 0.00672, 0.006880000000000001, 0.006960000000000001, 0.007040000000000001, 0.007280000000000001, 0.0072, 0.00728, 0.0072, 0.00712, 0.00728, 0.0074399999999999996, 0.0074399999999999996, 0.0076, 0.00768, 0.0076, 0.00752, 0.0076, 0.0074399999999999996, 0.00784, 0.00784, 0.00776, 0.00792, 0.00808, 0.00832, 0.008239999999999999, 0.008, 0.008, 0.00792, 0.00792, 0.00808, 0.008400000000000001, 0.008560000000000002, 0.008480000000000001, 0.008320000000000001, 0.008, 0.008640000000000002, 0.008400000000000001, 0.008560000000000002, 0.00808, 0.00776, 0.00776, 0.00776, 0.00776, 0.00776, 0.00768, 0.0076, 0.0074399999999999996, 0.00768, 0.00792, 0.0076, 0.00752, 0.0074399999999999996, 0.0072, 0.00712, 0.006960000000000001, 0.007040000000000001, 0.006880000000000001, 0.006960000000000001, 0.006959999999999999, 0.00672, 0.0068000000000000005, 0.0064, 0.006400000000000001, 0.0064, 0.00664, 0.0064800000000000005, 0.00664, 0.00656, 0.00672, 0.006719999999999999, 0.006639999999999999, 0.006719999999999999, 0.006959999999999999, 0.007039999999999999, 0.0068000000000000005, 0.006479999999999999, 0.00656, 0.006320000000000001, 0.006320000000000001, 0.00632, 0.006240000000000001, 0.006080000000000001, 0.006000000000000001, 0.005920000000000001, 0.005840000000000001, 0.006080000000000001, 0.006160000000000001, 0.00576, 0.005920000000000001, 0.005840000000000001, 0.005840000000000001, 0.00576, 0.00576, 0.00576, 0.005840000000000001, 0.005840000000000001, 0.006000000000000001, 0.006000000000000001, 0.006000000000000001, 0.006160000000000001, 0.006160000000000001, 0.006160000000000001, 0.0060799999999999995, 0.006159999999999999, 0.006479999999999999, 0.0068, 0.0068000000000000005, 0.0068, 0.0068, 0.0068, 0.006880000000000001, 0.00688, 0.0068, 0.0068000000000000005, 0.00672, 0.00664, 0.00656, 0.00656, 0.0064800000000000005, 0.00656, 0.0064800000000000005, 0.00632, 0.00632, 0.00656, 0.00672, 0.0068000000000000005, 0.006880000000000001, 0.00672, 0.006960000000000001, 0.007040000000000001, 0.006960000000000001, 0.00664, 0.0068000000000000005, 0.006719999999999999, 0.00672, 0.00664, 0.006400000000000001, 0.0064, 0.006479999999999999, 0.00632, 0.006000000000000001, 0.005920000000000001, 0.005840000000000001, 0.005920000000000001, 0.005920000000000001, 0.006000000000000001, 0.006080000000000001, 0.006080000000000001, 0.006080000000000001, 0.005920000000000001, 0.005920000000000001, 0.005920000000000001, 0.005600000000000001, 0.005680000000000001, 0.005520000000000001, 0.005600000000000001, 0.005600000000000001, 0.005520000000000001, 0.005520000000000001, 0.005680000000000001, 0.005520000000000001, 0.005520000000000001, 0.00544, 0.005680000000000001, 0.00576, 0.005920000000000001, 0.006000000000000001, 0.006080000000000001, 0.006080000000000001, 0.006000000000000001, 0.006080000000000001, 0.006240000000000001, 0.006320000000000001, 0.006240000000000001, 0.006480000000000001, 0.006320000000000001, 0.006240000000000001, 0.006240000000000001, 0.006320000000000001, 0.006480000000000001, 0.0068800000000000016, 0.006880000000000001, 0.00664, 0.00672, 0.00664, 0.0068800000000000016, 0.0068800000000000016, 0.007040000000000002, 0.0071200000000000005, 0.007200000000000001, 0.00728, 0.006959999999999999, 0.007039999999999999, 0.007040000000000001, 0.00712, 0.0072, 0.00712, 0.007039999999999999, 0.006959999999999999, 0.00688, 0.006719999999999999, 0.00672, 0.007039999999999999, 0.006720000000000001, 0.0068800000000000016, 0.007040000000000001, 0.0071200000000000005, 0.006959999999999999, 0.007039999999999999, 0.006959999999999999, 0.00728, 0.00728, 0.0072, 0.00712, 0.007039999999999999, 0.00712, 0.00712, 0.00688, 0.0068, 0.0068, 0.0068, 0.00712, 0.00728, 0.00736, 0.0074399999999999996, 0.0076, 0.0076, 0.0074399999999999996, 0.00736, 0.007200000000000001, 0.0074399999999999996, 0.0076, 0.008, 0.00784, 0.0074399999999999996, 0.00792, 0.00808, 0.008320000000000001, 0.00872, 0.008320000000000001, 0.0084, 0.00808, 0.00832, 0.008239999999999999, 0.008239999999999999, 0.00824, 0.008, 0.00808, 0.008, 0.00816, 0.00824, 0.00816, 0.008, 0.00768, 0.00736, 0.00736, 0.0074399999999999996, 0.00752, 0.00752, 0.0076, 0.00776, 0.00776, 0.00792, 0.00784, 0.008, 0.008320000000000001, 0.00808, 0.00808, 0.00808, 0.008, 0.008320000000000001, 0.00848, 0.008480000000000001, 0.008320000000000001, 0.008400000000000001, 0.008560000000000002, 0.008640000000000002, 0.00872, 0.00872, 0.0088, 0.0088, 0.0088, 0.0088, 0.0088, 0.00872, 0.008480000000000001, 0.008400000000000001, 0.00824, 0.00808, 0.00816, 0.00808, 0.00824, 0.008, 0.00792, 0.00784, 0.00792, 0.00808, 0.00824, 0.00816, 0.00824, 0.00792, 0.008, 0.00816, 0.00808, 0.00776, 0.0076, 0.00752, 0.0074399999999999996, 0.0074399999999999996, 0.00736, 0.00728, 0.0072, 0.00728, 0.0074399999999999996, 0.00728, 0.006960000000000002, 0.0068800000000000016, 0.0064800000000000005, 0.0064, 0.00616, 0.00632, 0.0064800000000000005, 0.0064, 0.0064800000000000005, 0.0064800000000000005, 0.006240000000000001, 0.00616, 0.00624, 0.005920000000000001, 0.006160000000000001, 0.006320000000000001, 0.006400000000000001, 0.006160000000000001, 0.005840000000000001, 0.006000000000000001, 0.006320000000000001, 0.0064800000000000005, 0.006639999999999999, 0.006559999999999999, 0.006639999999999999, 0.006559999999999999, 0.0064800000000000005, 0.0064, 0.0064800000000000005, 0.0064, 0.00632, 0.0064800000000000005, 0.00664, 0.006719999999999999, 0.0068000000000000005, 0.006880000000000001, 0.006960000000000001, 0.007039999999999999, 0.007039999999999999, 0.00728, 0.00728, 0.00728, 0.00728, 0.006960000000000001, 0.0068, 0.00672, 0.00664, 0.006479999999999999, 0.006639999999999999, 0.00664, 0.006959999999999999, 0.0068000000000000005, 0.0068, 0.0068, 0.006639999999999999, 0.00664, 0.0068, 0.0068000000000000005, 0.007039999999999999, 0.00712, 0.006960000000000001, 0.006959999999999999, 0.006959999999999999, 0.007039999999999999, 0.0072, 0.00736, 0.00736, 0.00736, 0.0074399999999999996, 0.00728, 0.0072, 0.00728, 0.00736, 0.00728, 0.00728, 0.0076, 0.00768, 0.00768, 0.0076, 0.0074399999999999996, 0.00736, 0.0074399999999999996, 0.00728, 0.0072, 0.00712, 0.00712, 0.007039999999999999, 0.0072, 0.00736, 0.0072, 0.00736, 0.0072, 0.00736, 0.0074399999999999996, 0.00736, 0.00736, 0.00728, 0.006959999999999999, 0.007039999999999999, 0.0068, 0.006719999999999999, 0.0068, 0.006959999999999999, 0.0068, 0.006639999999999999, 0.006719999999999999, 0.0068, 0.006959999999999999, 0.007039999999999999, 0.007039999999999999, 0.006959999999999999, 0.007039999999999999, 0.006959999999999999, 0.0068000000000000005, 0.0068000000000000005, 0.0072, 0.00712, 0.00688, 0.006959999999999999, 0.0072, 0.00728, 0.00728, 0.00736, 0.0074399999999999996, 0.00736, 0.00736, 0.00712, 0.00728, 0.00736, 0.00736, 0.00728, 0.00752, 0.00768, 0.0074399999999999996, 0.00736, 0.0072, 0.00712, 0.0072, 0.00712, 0.00712, 0.006960000000000001, 0.006880000000000001, 0.006560000000000002, 0.006560000000000002, 0.006640000000000002, 0.0068000000000000005, 0.0068000000000000005, 0.0068000000000000005, 0.007039999999999999, 0.007039999999999999, 0.00728, 0.00728, 0.0074399999999999996, 0.00736, 0.00728, 0.00712, 0.007039999999999999, 0.006959999999999999, 0.007039999999999999, 0.00728, 0.00736, 0.00728, 0.0072, 0.0072, 0.007039999999999999, 0.00728, 0.00728, 0.00736, 0.0072, 0.007039999999999999, 0.006959999999999999, 0.006960000000000001, 0.007200000000000001, 0.0074399999999999996, 0.00752, 0.00776, 0.00768, 0.00776, 0.00768, 0.0076, 0.00768, 0.00776, 0.00776, 0.00768, 0.00784, 0.00776, 0.00768, 0.0076, 0.00768, 0.00792, 0.008, 0.00792, 0.00824, 0.008320000000000001, 0.00816, 0.008320000000000001, 0.008480000000000001, 0.00872, 0.008960000000000001, 0.008960000000000001, 0.00888, 0.00888, 0.0088, 0.008480000000000001, 0.008640000000000002, 0.008400000000000001, 0.00872, 0.00872, 0.0088, 0.00888, 0.00872, 0.0088, 0.00888, 0.00888, 0.00896, 0.00912, 0.00896, 0.00896, 0.00896, 0.00888, 0.00888, 0.008560000000000002, 0.008640000000000002, 0.008640000000000002, 0.008480000000000001, 0.008320000000000001, 0.00824, 0.00824, 0.00824, 0.008320000000000001, 0.008320000000000001, 0.008480000000000001, 0.008640000000000002, 0.008640000000000002, 0.008640000000000002, 0.0088, 0.008960000000000001, 0.00888, 0.0088, 0.008480000000000001, 0.008480000000000001, 0.008480000000000001, 0.008480000000000001, 0.008480000000000001, 0.0088, 0.008640000000000002, 0.008480000000000001, 0.008480000000000001, 0.008640000000000002, 0.008640000000000002, 0.008640000000000002, 0.008640000000000002, 0.0088, 0.00888, 0.00904, 0.008960000000000001, 0.008960000000000001, 0.009040000000000001, 0.00888, 0.00912, 0.0092, 0.00912, 0.0092, 0.00904, 0.008960000000000001, 0.00888, 0.00904, 0.00928, 0.009200000000000002, 0.009040000000000001, 0.0092, 0.00928, 0.009200000000000002, 0.009040000000000001, 0.009439999999999999, 0.00928, 0.00944, 0.00944, 0.00952, 0.009600000000000001, 0.00952, 0.00944, 0.00928, 0.00912, 0.00904, 0.00936, 0.00944, 0.0092, 0.00928, 0.00928, 0.00936, 0.00928, 0.00944, 0.00936, 0.00936, 0.00944, 0.00968, 0.009600000000000001, 0.00928, 0.00904, 0.00904, 0.00912, 0.00912, 0.008960000000000001, 0.00888, 0.00872, 0.00888, 0.00904, 0.00912, 0.00904, 0.00848, 0.00808, 0.008, 0.00808, 0.00808, 0.00808, 0.008, 0.008, 0.00824, 0.00824, 0.008, 0.008320000000000001, 0.008480000000000001, 0.008640000000000002, 0.008560000000000002, 0.008480000000000001, 0.00864, 0.008560000000000002, 0.008480000000000001, 0.008400000000000001, 0.008560000000000002, 0.00872, 0.008640000000000002, 0.0088, 0.008960000000000001, 0.008960000000000001, 0.00888, 0.008640000000000002, 0.00872, 0.00856, 0.00848, 0.00856, 0.00856, 0.00864, 0.00856, 0.0084, 0.00832, 0.008239999999999999, 0.00856, 0.00864, 0.00848, 0.00848, 0.00824, 0.008320000000000001, 0.00824, 0.00808, 0.00832, 0.0084, 0.00848, 0.00864, 0.00888, 0.00904, 0.00904, 0.00912, 0.00904, 0.009040000000000001, 0.0092, 0.00904, 0.00888, 0.00912, 0.00912, 0.00904, 0.00904, 0.00904, 0.00904, 0.0092, 0.00912, 0.0092, 0.00944, 0.00952, 0.00952, 0.009600000000000001, 0.00952, 0.00936, 0.00928, 0.00904, 0.00904, 0.00904, 0.0088, 0.00872, 0.008960000000000001, 0.008960000000000001, 0.00912, 0.00912, 0.00928, 0.00928, 0.0092, 0.0092, 0.0092, 0.00912, 0.00928, 0.00936, 0.0096, 0.009439999999999999, 0.00976, 0.00976, 0.00984, 0.00992, 0.00968, 0.0096, 0.00976, 0.009519999999999999, 0.009439999999999999, 0.009439999999999999, 0.00912, 0.008879999999999999, 0.00896, 0.00896, 0.00904, 0.00904, 0.00904, 0.00888, 0.008879999999999999, 0.008719999999999999, 0.008639999999999998, 0.00904, 0.00888, 0.0088, 0.0088, 0.0088, 0.00888, 0.00872, 0.00856, 0.00856, 0.00856, 0.00864, 0.00904, 0.00904, 0.00888, 0.008960000000000001, 0.00904, 0.0092, 0.00912, 0.00912, 0.00928, 0.00928, 0.009439999999999999, 0.0096, 0.009519999999999999, 0.0096, 0.009519999999999999, 0.00968, 0.00968, 0.0096, 0.009439999999999999, 0.00944, 0.00944, 0.00944, 0.009680000000000001, 0.009760000000000001, 0.009840000000000002, 0.01, 0.01008, 0.01016, 0.01, 0.009760000000000001, 0.009760000000000001, 0.009760000000000001, 0.009920000000000002, 0.01, 0.01, 0.009760000000000001, 0.009760000000000001, 0.009680000000000001, 0.009680000000000001, 0.009920000000000002, 0.01, 0.009920000000000002, 0.009920000000000002, 0.009760000000000001, 0.009600000000000001, 0.009680000000000001, 0.009600000000000001, 0.009840000000000002, 0.01016, 0.01024, 0.01016, 0.009840000000000002, 0.01, 0.009840000000000002, 0.009920000000000002, 0.01, 0.01016, 0.01008, 0.01, 0.009920000000000002, 0.009920000000000002, 0.01008, 0.01008, 0.01016, 0.0104, 0.01048, 0.01064, 0.01064, 0.01064, 0.01056, 0.01064, 0.0108, 0.01088, 0.010960000000000001, 0.011120000000000001, 0.010960000000000001, 0.011120000000000001, 0.011280000000000002, 0.011200000000000002, 0.011120000000000001, 0.011120000000000001, 0.011280000000000002, 0.01152, 0.01152, 0.01144, 0.011200000000000002, 0.011360000000000002, 0.01144, 0.011360000000000002, 0.011200000000000002, 0.011200000000000002, 0.011360000000000002, 0.011360000000000002, 0.011280000000000002, 0.011120000000000001, 0.010960000000000001, 0.0108, 0.01072, 0.01064, 0.0104, 0.010320000000000001, 0.01008, 0.01, 0.01016, 0.01048, 0.0108, 0.0108, 0.01072, 0.01088, 0.01088, 0.011040000000000001, 0.011040000000000001, 0.011120000000000001, 0.011120000000000001, 0.011200000000000002, 0.011280000000000002, 0.011280000000000002, 0.011120000000000001, 0.011120000000000001, 0.011200000000000002, 0.010960000000000001, 0.010960000000000001, 0.01088, 0.01088, 0.01072, 0.0108, 0.0108, 0.01072, 0.0104, 0.010320000000000001, 0.010320000000000001, 0.01064, 0.0104, 0.0104, 0.0104, 0.0104, 0.01024, 0.010320000000000001, 0.010320000000000001, 0.01, 0.01024, 0.010320000000000001, 0.01048, 0.01072, 0.01088, 0.010960000000000001, 0.010960000000000001, 0.011120000000000001, 0.011120000000000001, 0.011120000000000001, 0.011120000000000001, 0.011120000000000001, 0.01072, 0.01056, 0.01056, 0.01056, 0.01048, 0.01048, 0.0104, 0.01016, 0.01016, 0.01024, 0.01024, 0.010320000000000001, 0.01048, 0.01064, 0.0108, 0.011040000000000001, 0.011040000000000001, 0.011120000000000001, 0.011280000000000002, 0.011360000000000002, 0.01144, 0.01144, 0.011280000000000002, 0.01144, 0.01152, 0.011680000000000001, 0.011760000000000001, 0.011680000000000001, 0.011760000000000001, 0.011760000000000001, 0.01144, 0.011280000000000002, 0.011360000000000002, 0.011360000000000002, 0.011280000000000002, 0.01144, 0.01144, 0.011360000000000002, 0.01144, 0.01144, 0.011600000000000001, 0.011600000000000001, 0.01152, 0.01144, 0.01152, 0.011840000000000002, 0.011680000000000001, 0.011760000000000001, 0.011920000000000002, 0.011920000000000002, 0.011920000000000002, 0.012080000000000002, 0.012080000000000002, 0.012080000000000002, 0.012000000000000002, 0.012000000000000002, 0.012080000000000002, 0.012000000000000002, 0.011920000000000002, 0.011760000000000001, 0.011600000000000001, 0.01152, 0.01152, 0.011680000000000001, 0.01152, 0.011600000000000001, 0.011680000000000001, 0.011840000000000002, 0.011920000000000002, 0.011680000000000001, 0.01144, 0.011280000000000002, 0.011200000000000002, 0.010960000000000001, 0.0108, 0.01088, 0.010960000000000001, 0.010960000000000001, 0.01088, 0.01088, 0.010960000000000001, 0.01088, 0.01064, 0.01056, 0.01056, 0.01064, 0.0108, 0.010960000000000001, 0.0108, 0.01072, 0.0108, 0.01088, 0.0108, 0.01088, 0.011040000000000001, 0.011120000000000001, 0.011360000000000002, 0.011360000000000002, 0.011280000000000002, 0.011280000000000002, 0.011280000000000002, 0.011360000000000002, 0.011280000000000002, 0.011120000000000001, 0.011120000000000001, 0.011040000000000001, 0.011200000000000002, 0.011280000000000002, 0.01144, 0.011360000000000002, 0.011360000000000002, 0.01144, 0.011600000000000001, 0.01152, 0.01152, 0.01152, 0.011200000000000002, 0.011280000000000002, 0.01144, 0.011360000000000002, 0.011280000000000002, 0.011280000000000002, 0.011360000000000002, 0.011120000000000001, 0.01088, 0.01072, 0.01088, 0.011200000000000002, 0.011280000000000002, 0.01152, 0.011680000000000001, 0.011600000000000001, 0.011600000000000001, 0.011680000000000001, 0.01152, 0.011680000000000001, 0.011760000000000001, 0.011840000000000002, 0.012000000000000002, 0.012000000000000002, 0.012000000000000002, 0.012000000000000002, 0.012320000000000003, 0.012320000000000003, 0.012240000000000003, 0.012400000000000001, 0.012480000000000002, 0.012480000000000002, 0.012400000000000001, 0.012480000000000002, 0.012640000000000002, 0.012640000000000002, 0.012560000000000002, 0.012480000000000002, 0.012400000000000001, 0.012400000000000001, 0.012320000000000003, 0.012320000000000003, 0.012400000000000001, 0.012480000000000002, 0.012400000000000001, 0.012560000000000002, 0.012560000000000002, 0.01288, 0.0128, 0.0128, 0.013040000000000001, 0.012960000000000001, 0.01328, 0.0132, 0.0132, 0.01328, 0.01344, 0.013600000000000001, 0.013920000000000002, 0.013920000000000002, 0.01416, 0.01424, 0.01424, 0.01424, 0.013999999999999999, 0.013999999999999999, 0.013919999999999998, 0.013919999999999998, 0.013839999999999998, 0.01376, 0.013839999999999998, 0.013919999999999998, 0.013760000000000001, 0.013680000000000001, 0.013520000000000003, 0.013520000000000003, 0.013760000000000001, 0.013999999999999999, 0.014079999999999999, 0.014159999999999999, 0.014079999999999999, 0.013999999999999999, 0.013919999999999998, 0.013680000000000001, 0.013600000000000001, 0.013920000000000002, 0.013920000000000002, 0.013760000000000001, 0.013520000000000003, 0.013440000000000002, 0.013440000000000002, 0.013440000000000002, 0.013600000000000001, 0.013600000000000001, 0.013600000000000001, 0.013680000000000001, 0.013680000000000001, 0.013840000000000002, 0.013920000000000002, 0.013760000000000003, 0.013760000000000003, 0.013760000000000003, 0.014080000000000002, 0.01424, 0.0144, 0.01432, 0.014079999999999999, 0.014079999999999999, 0.01424, 0.013999999999999999, 0.013999999999999999, 0.014159999999999999, 0.014159999999999999, 0.014159999999999999, 0.013999999999999999, 0.014000000000000002, 0.014000000000000002, 0.014000000000000002, 0.013920000000000002, 0.014000000000000002, 0.013920000000000002, 0.014000000000000002, 0.013840000000000002, 0.013680000000000001, 0.013680000000000001, 0.013680000000000001, 0.013680000000000001, 0.013600000000000001, 0.013600000000000001, 0.013680000000000001, 0.013760000000000001, 0.013920000000000002, 0.014000000000000002, 0.013920000000000002, 0.014080000000000002, 0.01416, 0.01424, 0.01424, 0.01424, 0.01432, 0.01448, 0.01456, 0.01456, 0.01456, 0.01424, 0.01472, 0.01456, 0.01456, 0.0148, 0.01472, 0.01464, 0.01464, 0.01448, 0.01448, 0.01448, 0.01456, 0.01464, 0.01456, 0.01448, 0.01456, 0.01424, 0.014080000000000002, 0.014080000000000002, 0.014240000000000001, 0.014240000000000001, 0.01416, 0.014480000000000002, 0.014400000000000001, 0.01464, 0.01472, 0.0148, 0.0148, 0.01496, 0.0148, 0.0148, 0.01472, 0.01504, 0.01504, 0.01504, 0.01496, 0.01496, 0.01496, 0.014879999999999999, 0.01496, 0.01504, 0.0152, 0.014879999999999999, 0.0148, 0.01464, 0.01456, 0.01464, 0.01464, 0.01464, 0.01456, 0.01448, 0.01432, 0.0144, 0.0144, 0.01448, 0.01432, 0.01432, 0.0144, 0.01448, 0.01464, 0.014879999999999999, 0.014879999999999999, 0.014879999999999999, 0.0148, 0.014879999999999999, 0.0152, 0.0152, 0.01528, 0.0152, 0.01504, 0.01504, 0.01504, 0.01504, 0.01544, 0.015600000000000001, 0.015600000000000001, 0.01568, 0.01592, 0.01592, 0.01592, 0.01608, 0.01616, 0.01624, 0.01592, 0.016, 0.01608, 0.01616, 0.01616, 0.01624, 0.01624, 0.01616, 0.01608, 0.01624, 0.01632, 0.01632, 0.0164, 0.01648, 0.016640000000000002, 0.016640000000000002, 0.016880000000000003, 0.016880000000000003, 0.016960000000000003, 0.017120000000000003, 0.017280000000000004, 0.017280000000000004, 0.01736, 0.017280000000000004, 0.01728, 0.017200000000000003, 0.017120000000000003, 0.017200000000000003, 0.016960000000000003, 0.017040000000000003, 0.016960000000000003, 0.016960000000000003, 0.017120000000000003, 0.016960000000000003, 0.017040000000000003, 0.016640000000000002, 0.016560000000000002, 0.01632, 0.01624, 0.01632, 0.01648, 0.016800000000000002, 0.016880000000000003, 0.016720000000000002, 0.01648, 0.01648, 0.01632, 0.01616, 0.01616, 0.0164, 0.016560000000000002, 0.016560000000000002, 0.016560000000000002, 0.016560000000000002, 0.0168, 0.01672, 0.0168, 0.01664, 0.0168, 0.01672, 0.016640000000000002, 0.016560000000000002, 0.016560000000000002, 0.0164, 0.01648, 0.0164, 0.0164, 0.016560000000000002, 0.016560000000000002, 0.016640000000000002, 0.016720000000000002, 0.016640000000000002, 0.016560000000000002, 0.01648, 0.016560000000000002, 0.016640000000000002, 0.016640000000000002, 0.016560000000000002, 0.016640000000000002, 0.016640000000000002, 0.016640000000000002, 0.016640000000000002, 0.0164, 0.01624, 0.0164, 0.0164, 0.0164, 0.01648, 0.0164, 0.01632, 0.01632, 0.0164, 0.0164, 0.0164, 0.01624, 0.01632, 0.01648, 0.01648, 0.01648, 0.0164, 0.0164, 0.0164, 0.01648, 0.01648, 0.016560000000000002, 0.016560000000000002, 0.016720000000000002, 0.016800000000000002, 0.016880000000000003, 0.017040000000000003, 0.017040000000000003, 0.017040000000000003, 0.017120000000000003, 0.016960000000000003, 0.017040000000000003, 0.017120000000000003, 0.017120000000000003, 0.017120000000000003, 0.017280000000000004, 0.017200000000000003, 0.017120000000000003, 0.016960000000000003, 0.017040000000000003, 0.017040000000000003, 0.017120000000000003, 0.01736, 0.01736, 0.01736, 0.01752, 0.01736, 0.01744, 0.0176, 0.01752, 0.01768, 0.017920000000000002, 0.01776, 0.01776, 0.017920000000000002, 0.01808, 0.01784, 0.01784, 0.01776, 0.0176, 0.0176, 0.01744, 0.01744, 0.0176, 0.0176, 0.0176, 0.0176, 0.01752, 0.01744, 0.01744, 0.01736, 0.017280000000000004, 0.017280000000000004, 0.017280000000000004, 0.017280000000000004, 0.017280000000000004, 0.017280000000000004, 0.017280000000000004, 0.01744, 0.01752, 0.01744, 0.01744, 0.017280000000000004, 0.01736, 0.017280000000000004, 0.017200000000000003, 0.017280000000000004, 0.017280000000000004, 0.01736, 0.017200000000000003, 0.01736, 0.01736, 0.01736, 0.01736, 0.01736, 0.017120000000000003, 0.017120000000000003, 0.017040000000000003, 0.017040000000000003, 0.017040000000000003, 0.01736, 0.01736, 0.017200000000000003, 0.017120000000000003, 0.017120000000000003, 0.017200000000000003, 0.017120000000000003, 0.01744, 0.01768, 0.01768, 0.0176, 0.0176, 0.01752, 0.01784, 0.01768, 0.01768, 0.01768, 0.01784, 0.017920000000000002, 0.018000000000000002, 0.018080000000000002, 0.018320000000000003, 0.018400000000000003, 0.018240000000000003, 0.018320000000000003, 0.018240000000000003, 0.018240000000000003, 0.018400000000000003, 0.018400000000000003, 0.018400000000000003, 0.018560000000000004, 0.018480000000000003, 0.018560000000000004, 0.01864, 0.01864, 0.018879999999999997, 0.01872, 0.018959999999999998, 0.018879999999999997, 0.018880000000000004, 0.018720000000000004, 0.018800000000000004, 0.018800000000000004, 0.018879999999999997, 0.018880000000000004, 0.018720000000000004, 0.018560000000000004, 0.0188, 0.01872, 0.01856, 0.01872, 0.018560000000000004, 0.018480000000000003, 0.018560000000000004, 0.018480000000000003, 0.018480000000000003, 0.018320000000000003, 0.018400000000000003, 0.018320000000000003, 0.018160000000000003, 0.018400000000000003, 0.018480000000000003, 0.018400000000000003, 0.01832, 0.0184, 0.01832, 0.01848, 0.01856, 0.01848, 0.0184, 0.018160000000000003, 0.018160000000000003, 0.0184, 0.0184, 0.018320000000000003, 0.018480000000000003, 0.018480000000000003, 0.018480000000000003, 0.018640000000000004, 0.018560000000000004, 0.018560000000000004, 0.01864, 0.01872, 0.01888, 0.01896, 0.019039999999999998, 0.019039999999999998, 0.019039999999999998, 0.0192, 0.01912, 0.01904, 0.01896, 0.01904, 0.01912, 0.01912, 0.01928, 0.019280000000000002, 0.019280000000000002, 0.019280000000000002, 0.01936, 0.01936, 0.01936, 0.01936, 0.01928, 0.01944, 0.019360000000000002, 0.01952, 0.019440000000000002, 0.01952, 0.019440000000000002, 0.0196, 0.01968, 0.01976, 0.01976, 0.01976, 0.01944, 0.01952, 0.0196, 0.01968, 0.01968, 0.01984, 0.01976, 0.0196, 0.0196, 0.01968, 0.01968, 0.0196, 0.01944, 0.01944, 0.01944, 0.01944, 0.01928, 0.01928, 0.01936, 0.0192, 0.01928, 0.0192, 0.0192, 0.0192, 0.0192, 0.0192, 0.01928, 0.0192, 0.019119999999999998, 0.0192, 0.01944, 0.01936, 0.01944, 0.01968, 0.01968, 0.01984, 0.019680000000000003, 0.01976, 0.01976, 0.01976, 0.01968, 0.0196, 0.01968, 0.01976, 0.01976, 0.01976, 0.01984, 0.02, 0.02016, 0.02016, 0.02008, 0.02016, 0.02008, 0.02016, 0.02024, 0.02024, 0.02032, 0.0204, 0.02048, 0.0204, 0.020720000000000002, 0.020720000000000002, 0.020720000000000002, 0.020720000000000002, 0.02088, 0.02096, 0.02112, 0.02096, 0.02088, 0.02096, 0.0212, 0.02128, 0.02104, 0.02096, 0.02096, 0.02104, 0.02088, 0.0208, 0.020720000000000002, 0.0208, 0.020560000000000002, 0.02048, 0.0204, 0.0204, 0.0204, 0.02032, 0.02032, 0.02032, 0.02032, 0.02008, 0.02008, 0.02, 0.02, 0.02008, 0.02008, 0.02, 0.02, 0.02, 0.01992, 0.01968, 0.01968, 0.01968, 0.01968, 0.0196, 0.0196, 0.0196, 0.0196, 0.01952, 0.01936, 0.0192, 0.019039999999999998, 0.019039999999999998, 0.018959999999999998, 0.018959999999999998, 0.01872, 0.01864, 0.01864, 0.01872, 0.01872, 0.01872, 0.01856, 0.01832, 0.01832, 0.01824, 0.01824, 0.01824, 0.01824, 0.01824, 0.01816, 0.01816, 0.01816, 0.01808, 0.01808, 0.017920000000000002, 0.01784, 0.01784, 0.01784, 0.01784, 0.01784, 0.01784, 0.01784, 0.01784, 0.01784, 0.01784, 0.01784, 0.01784, 0.01768, 0.01768, 0.01752, 0.01752, 0.01752, 0.01752, 0.01752, 0.01752, 0.01752, 0.01752, 0.01752, 0.01752, 0.01752, 0.01752, 0.01752, 0.01752, 0.01752, 0.01752, 0.01752, 0.01752, 0.01752, 0.01752, 0.01752, 0.01752, 0.01752, 0.01752, 0.01752, 0.01752, 0.01752, 0.01752, 0.01752, 0.01752, 0.01752, 0.0176, 0.0176, 0.0176, 0.0176, 0.01752, 0.01752, 0.01752, 0.01752, 0.01752, 0.01752, 0.01752, 0.01752, 0.01752, 0.01752, 0.01752, 0.01752, 0.01752, 0.01752, 0.01752, 0.01752, 0.01752, 0.01752, 0.01752, 0.01752, 0.01752, 0.01752, 0.01752, 0.01752, 0.01752, 0.01752, 0.01752, 0.01752, 0.0176, 0.0176, 0.0176, 0.0176, 0.0176, 0.0176, 0.0176, 0.0176, 0.0176, 0.0176, 0.0176, 0.0176, 0.0176, 0.0176, 0.0176, 0.0176, 0.0176, 0.0176, 0.0176, 0.0176, 0.0176, 0.01768, 0.01768, 0.01768, 0.01768, 0.01768, 0.01768, 0.01768, 0.01768, 0.01768, 0.01768, 0.01768, 0.01768, 0.01768, 0.01768, 0.01768, 0.01768, 0.0176, 0.01768, 0.01768, 0.01768, 0.01768, 0.01768, 0.01768, 0.01768, 0.01768, 0.01768, 0.01768, 0.01768, 0.01768, 0.01768, 0.01768, 0.01768, 0.01768, 0.01768, 0.01768, 0.01768, 0.01768, 0.01768, 0.01768, 0.01768, 0.01768, 0.0176, 0.0176, 0.0176, 0.0176, 0.0176, 0.0176, 0.0176, 0.0176, 0.0176, 0.0176, 0.0176, 0.0176, 0.0176, 0.0176, 0.0176, 0.0176, 0.0176, 0.0176, 0.0176, 0.0176, 0.0176, 0.0176, 0.0176, 0.0176, 0.0176, 0.0176, 0.0176, 0.0176, 0.0176, 0.0176, 0.0176, 0.0176, 0.0176, 0.0176, 0.0176, 0.0176, 0.0176, 0.0176, 0.01752, 0.01752, 0.01752, 0.01752, 0.01752, 0.01752, 0.01752, 0.01752, 0.01752, 0.01752, 0.01752, 0.01752, 0.01752, 0.01752, 0.01752, 0.01752, 0.01752, 0.0176, 0.0176, 0.0176, 0.0176, 0.0176, 0.0176, 0.0176, 0.0176, 0.0176, 0.0176, 0.0176, 0.0176, 0.0176, 0.0176, 0.0176, 0.0176, 0.0176, 0.0176, 0.01752, 0.01752, 0.01752, 0.01752, 0.01752, 0.01752, 0.01752, 0.01752, 0.01752, 0.01752, 0.01752, 0.01752, 0.01752, 0.01752, 0.01752, 0.01752, 0.01752, 0.01752, 0.01752, 0.01752, 0.01752, 0.01752, 0.01752, 0.01752, 0.01752, 0.01752, 0.01752, 0.01752, 0.01752, 0.01752, 0.01752, 0.01752, 0.01752, 0.01752, 0.01752, 0.01752, 0.01752, 0.01752, 0.01752, 0.01752, 0.01752, 0.01752, 0.0176, 0.0176, 0.0176, 0.0176, 0.0176, 0.0176, 0.0176, 0.0176, 0.0176, 0.0176, 0.0176, 0.0176, 0.0176, 0.0176, 0.0176, 0.0176, 0.0176, 0.0176, 0.0176, 0.01752, 0.01752, 0.01752, 0.01752, 0.01752, 0.01752, 0.01752, 0.01752, 0.01752, 0.01752, 0.01752, 0.01752, 0.01752, 0.01752, 0.01752, 0.01752, 0.01752, 0.01752, 0.01752, 0.01752, 0.01752, 0.01752, 0.01752, 0.01752, 0.01752, 0.01744, 0.01744, 0.01744, 0.01744, 0.01744, 0.01744, 0.01744, 0.01744, 0.01744, 0.01744, 0.01744, 0.01744, 0.01744, 0.01744, 0.01744, 0.01744, 0.01744, 0.01744, 0.01744, 0.01744, 0.01744, 0.01744, 0.01744, 0.01744, 0.01744, 0.01744, 0.01744, 0.01744, 0.01744, 0.01744, 0.01744, 0.01744, 0.01744, 0.01744, 0.01744, 0.01744, 0.01744, 0.01744, 0.01744, 0.01744, 0.01744, 0.01744, 0.01744, 0.01744, 0.01744, 0.01744, 0.01744, 0.01744, 0.01744, 0.01744, 0.01744, 0.01744, 0.01744, 0.01744, 0.01744, 0.01744, 0.01744, 0.01744, 0.01744, 0.01744, 0.01744, 0.01744, 0.01744, 0.01744, 0.01744, 0.01744, 0.01744, 0.01744, 0.01744, 0.01744, 0.01744, 0.01744, 0.01744, 0.01744, 0.01744, 0.01744, 0.01744, 0.01744, 0.01744, 0.01744, 0.01744, 0.01744, 0.01744, 0.01744, 0.01744, 0.01744, 0.01744, 0.01744, 0.01744, 0.01744, 0.01744, 0.01744, 0.01744, 0.01744, 0.01744, 0.01744, 0.01744, 0.01744, 0.01744, 0.01744, 0.01744, 0.01744, 0.01744, 0.01744, 0.01744, 0.01744, 0.01744, 0.01744, 0.01744, 0.01744, 0.01744, 0.01744, 0.01744, 0.01744, 0.01744, 0.01744, 0.01744, 0.01744, 0.01744, 0.01744, 0.01744, 0.01744, 0.01744, 0.01744, 0.01744, 0.01744, 0.01744, 0.01744, 0.01744, 0.01744, 0.01744, 0.01744, 0.01744, 0.01744, 0.01736, 0.01736, 0.01736, 0.01736, 0.01736, 0.01736, 0.01736, 0.01736, 0.01736, 0.01736, 0.01736, 0.01736, 0.01736, 0.01736, 0.01736, 0.01736, 0.01736, 0.01736, 0.01736, 0.01736, 0.01736, 0.01736, 0.01736, 0.01736, 0.01736, 0.01736, 0.01736, 0.01736, 0.01736, 0.01736, 0.01736, 0.01736, 0.01736, 0.01736, 0.01736, 0.01736, 0.01736, 0.01736, 0.01736, 0.01736, 0.01736, 0.01736, 0.01736, 0.01736, 0.01736, 0.01736, 0.01736, 0.01736, 0.01736, 0.01736, 0.01736, 0.01736, 0.01736, 0.01736, 0.01736, 0.01736, 0.01736, 0.01736, 0.01736, 0.01736, 0.01736, 0.01736, 0.01736, 0.01736, 0.01736, 0.01736, 0.017280000000000004, 0.017280000000000004, 0.017280000000000004, 0.017280000000000004, 0.017280000000000004, 0.017280000000000004, 0.017280000000000004, 0.017280000000000004, 0.017280000000000004, 0.017280000000000004, 0.017280000000000004, 0.017280000000000004, 0.017280000000000004, 0.017280000000000004, 0.017280000000000004, 0.017280000000000004, 0.017280000000000004, 0.017280000000000004, 0.017280000000000004, 0.017280000000000004, 0.017280000000000004, 0.017280000000000004, 0.017280000000000004, 0.017280000000000004, 0.017280000000000004, 0.017280000000000004, 0.017280000000000004, 0.017280000000000004, 0.017280000000000004]","[0.0, 0.0, 0.0, 0.0, 0.0, 0.000848528137423857, 0.0011876919823329444, 0.0011876919823329444, 0.0011876919823329444, 0.0014393876248925712, 0.0018182745801939794, 0.0018182745801939794, 0.0019695643359558955, 0.0022219682394541236, 0.0022219682394541236, 0.0023285276069496216, 0.0025107117455788817, 0.0026585249861607123, 0.002721344205666436, 0.0027774602993176543, 0.0031165129650339157, 0.0031165129650339157, 0.003151675939002897, 0.003181836204560672, 0.003181836204560672, 0.0036365491603879588, 0.0036787309258071318, 0.004242640687119285, 0.004227026744893013, 0.004214842578220884, 0.004330056322393745, 0.004443936478908247, 0.00457589067944199, 0.004819856886688989, 0.004997958767010258, 0.00490297702151146, 0.0049447560349220425, 0.0051199489793376275, 0.005057869197233805, 0.005057869197233805, 0.005487053407981447, 0.005738377783994073, 0.005664929705779991, 0.005717856027482714, 0.006223589095087319, 0.006262424385465541, 0.006262424385465541, 0.006095967218295273, 0.006128421576589536, 0.006158319410292362, 0.006091144458665098, 0.006114018685757831, 0.006386720917781882, 0.006285844154502549, 0.006414269805898185, 0.006874264339118887, 0.006879606063710097, 0.006879606063710097, 0.007094119438820078, 0.006758939658417024, 0.007027526054663873, 0.00717546841249932, 0.007171371656006361, 0.007171371656006361, 0.0077276075448580415, 0.00778538662482212, 0.007800470943396655, 0.007901536921022752, 0.007945117869433005, 0.00813247458386086, 0.008193676008398931, 0.00813157112614726, 0.008157730776911643, 0.008574856457417004, 0.008475751727542448, 0.00822946423727894, 0.008419219993925949, 0.008419219993925949, 0.008419219993925949, 0.008591975373354287, 0.008664353432782117, 0.00869398102841552, 0.009094604814652138, 0.009207007091983624, 0.009260316916161946, 0.009386399192231191, 0.00938952955723142, 0.009361318588440717, 0.00973979843063437, 0.009624458638366765, 0.009591577938323744, 0.009551664028549461, 0.0097133613005541, 0.010231284556372644, 0.010148368723844343, 0.00982990024239871, 0.009591577938323746, 0.00980595404302292, 0.009716386327503972, 0.009775938808719945, 0.009889512069844085, 0.009495347947972271, 0.009745831133864158, 0.009728477029120356, 0.009844837039104843, 0.009884310387514887, 0.009803706088068149, 0.00989916508538751, 0.009995917534020514, 0.009963525316608268, 0.009940640146922744, 0.010245636203988983, 0.010040652064360712, 0.010051621861213061, 0.009551664028549461, 0.009788706528965106, 0.009939901038393754, 0.009709578691547175, 0.00976465930939587, 0.010028205121515199, 0.009833636568597872, 0.009664071901340849, 0.009922145916677337, 0.010232002616839991, 0.010232002616839991, 0.010232002616839991, 0.010391597861852094, 0.010354058654085601, 0.010452926550463643, 0.010656874757255842, 0.010528561736766232, 0.010842094834863016, 0.010780254057814243, 0.01071668544554591, 0.011384844921102397, 0.011384844921102397, 0.011381617832707084, 0.011441492695537625, 0.011441492695537625, 0.011674776578730117, 0.012136973364433968, 0.012231041139123799, 0.01230231436663485, 0.01230231436663485, 0.012343452366600303, 0.012343452366600303, 0.012442455299399352, 0.012539504921386228, 0.01257636266808427, 0.012588040971898848, 0.012477833406910523, 0.01274176805083284, 0.012807905721841952, 0.013094382656042137, 0.013055611038623842, 0.013183849117424715, 0.013212795282742917, 0.013600780289740582, 0.013780554178602099, 0.013727136836000643, 0.013503196900386672, 0.013868242976862863, 0.013906333896788888, 0.013897349622521996, 0.013834296335630549, 0.013916896205691842, 0.014165436521220752, 0.014165436521220752, 0.014444828182588043, 0.014206868129211882, 0.014136881854618033, 0.014487489324889096, 0.014414788324806563, 0.014414788324806563, 0.014520414903837693, 0.014570924361024385, 0.014570924361024385, 0.014594603419743607, 0.014688937945242455, 0.014863954482476823, 0.015227740529463097, 0.015248954463991882, 0.0153622383573143, 0.015423332443848487, 0.015423332443848487, 0.015428571428571429, 0.015768167364688147, 0.01567610947152594, 0.01581236922185171, 0.015758379695014486, 0.015753250393464317, 0.015732249472640198, 0.015549998359472319, 0.015664857327854626, 0.015758845912369215, 0.01607959792369682, 0.015966342149429626, 0.016127046619051524, 0.016100145771934832, 0.01595529468770253, 0.015603296355028867, 0.01547611721594382, 0.015525410376120135, 0.015559444930029228, 0.015715896021388728, 0.015486083285007998, 0.015534871898344035, 0.015534871898344035, 0.015534871898344035, 0.015947925461658397, 0.016127046619051524, 0.016167541178395126, 0.015740186447045508, 0.01577888022720528, 0.01594562188009164, 0.016106989229549274, 0.016231036030156697, 0.016052159877558345, 0.016218356946399237, 0.0162816536290992, 0.016285263151646256, 0.016165268892516047, 0.016183892218713605, 0.016337061909558116, 0.016353692711620897, 0.01642899378339081, 0.016366266949966048, 0.016434359228923594, 0.016245514294533046, 0.01649148203139538, 0.01644999844922764, 0.01627443218232645, 0.01627443218232645, 0.016258172199398863, 0.016578126725124456, 0.016578126725124456, 0.016411096295880206, 0.016562608490210715, 0.016884191374399515, 0.01706769235863418, 0.017031495434479436, 0.016883756231650466, 0.016883756231650466, 0.01714114277142, 0.017186088346481325, 0.017158278777670122, 0.017536480925924282, 0.017866854502007853, 0.01792269112446167, 0.01806112071917612, 0.01818638198751798, 0.01819284452296382, 0.018069661121925464, 0.01806478138618379, 0.018004489236106123, 0.017825686579787507, 0.017788967000328476, 0.017650067930724336, 0.017825686579787507, 0.01787343257006708, 0.018202534024084647, 0.018181129486029055, 0.018513095199818724, 0.018686500638761903, 0.01853054841308794, 0.018542835130957662, 0.018593876543043928, 0.018445905469003918, 0.018623487474538323, 0.018656989717157547, 0.01886688060261869, 0.018749302027825255, 0.018661320906066207, 0.018645960332862824, 0.018717927671794508, 0.018683355027993252, 0.018806034637198512, 0.018871163618773765, 0.018686500638761903, 0.01855907281287159, 0.01855907281287159, 0.01865974604460038, 0.019044780740911347, 0.01886688060261869, 0.018764969534551687, 0.018764969534551687, 0.018701042206033244, 0.018701042206033244, 0.01876692705320741, 0.01870064933937551, 0.018593876543043925, 0.018593876543043925, 0.018936456578650136, 0.018480922319947083, 0.018487679294986858, 0.018493639281589522, 0.018493639281589522, 0.018664863858521518, 0.018664863858521518, 0.01870693421582227, 0.018710075862366518, 0.01882789940270468, 0.018669586749249567, 0.01878257985800803, 0.01837407223813613, 0.017997550853788243, 0.018255734352106843, 0.017991426529639847, 0.018007753432159972, 0.018087136030779397, 0.018360072028670238, 0.01816212699941439, 0.018040362908698676, 0.018409225726160636, 0.01827785545407338, 0.018315199442327807, 0.01878883732867112, 0.01872459912107327, 0.01872459912107327, 0.018704184842228355, 0.01858873918504953, 0.01858873918504953, 0.018631770102243563, 0.01859190080411909, 0.018934904600892446, 0.018997271554899987, 0.019501083172428116, 0.019416130470538653, 0.019204591287778353, 0.018948867824667908, 0.019012734722618232, 0.0190667570522571, 0.019203060980489756, 0.019394928855402446, 0.019748169638769884, 0.020260507477980555, 0.020499875559602396, 0.020635970180878885, 0.020635970180878885, 0.020899174868977043, 0.02080015698527886, 0.020806160783061644, 0.021131309587859415, 0.02110034335729915, 0.021280977421161838, 0.02124780901069807, 0.021350945111232363, 0.02085131033909243, 0.020705278830012684, 0.020918851960538817, 0.021204543217462256, 0.021204543217462256, 0.02165876360313133, 0.021731910140789443, 0.021731910140789443, 0.02185294077254051, 0.02171669159604084, 0.02165876360313133, 0.021705863028129484, 0.021705863028129484, 0.021705863028129484, 0.02142377089085097, 0.02142377089085097, 0.02119379963237227, 0.021239162902909486, 0.02117992888928341, 0.021232589506295675, 0.021232589506295675, 0.02118513148220627, 0.02118513148220627, 0.0213388980837477, 0.021140694870127538, 0.021522650621982376, 0.021522309260819744, 0.021689610039681888, 0.021689610039681888, 0.021582305677738584, 0.021426514186961947, 0.021426514186961947, 0.02140490121253465, 0.02117992888928341, 0.021228436838642756, 0.021458036884551567, 0.021411764837803254, 0.021556759439930216, 0.021556759439930216, 0.02175184721219918, 0.02175184721219918, 0.021580943975117096, 0.021731910140789443, 0.02189492532761966, 0.021730219717701702, 0.021820641790819658, 0.021968288833810298, 0.022079041682841517, 0.022087026388671643, 0.02189358306883176, 0.02189358306883176, 0.022189572840799414, 0.022189572840799414, 0.022189572840799414, 0.022189572840799414, 0.02279452136109975, 0.023279280443329508, 0.023208161829628045, 0.023208161829628045, 0.02309518900338425, 0.02298965162051511, 0.022903845145498595, 0.02313491927359848, 0.023361192309521554, 0.023361192309521554, 0.02315745571305364, 0.02332468255575048, 0.02355630683780322, 0.023453784342830478, 0.023453784342830478, 0.023432787077172054, 0.023553811598472262, 0.02338099699345952, 0.023241377598005267, 0.023313340316966462, 0.023256546148891288, 0.023854148657272707, 0.02385291664876774, 0.02385291664876774, 0.02385291664876774, 0.023943607216345083, 0.023962010750011642, 0.02385538060215073, 0.023969368207044966, 0.02383689474366173, 0.023908294180309996, 0.02383535360829902, 0.023707090130359307, 0.023784749015162757, 0.023995101540922548, 0.024129751303301566, 0.024112694598827533, 0.023969368207044966, 0.023832887584433513, 0.023550068243759176, 0.023336019281753422, 0.023348294523216403, 0.02338476741254391, 0.02338476741254391, 0.02319707933762176, 0.023727844660754546, 0.02371545608127445, 0.023994182968514067, 0.02406999995760664, 0.02414314454604927, 0.023919047145037585, 0.023939004122296877, 0.023988977060478492, 0.024190569928577287, 0.02440705819626606, 0.02440705819626606, 0.024137057629719662, 0.024137057629719662, 0.024137057629719662, 0.024543638770191202, 0.02470148305883925, 0.024823425407860047, 0.024773949451562447, 0.02464311801104159, 0.024598954681623597, 0.024468088338461903, 0.024601343915505502, 0.024601343915505502, 0.024574750605996773, 0.024517582195940402, 0.024517582195940402, 0.02431054193101404, 0.02431054193101404, 0.024522376287291373, 0.024370909389881124, 0.024300869221037323, 0.024443153542496127, 0.02461209259776211, 0.02416139609427588, 0.02441548521670923, 0.02433470688509877, 0.024299357512292463, 0.024299357512292463, 0.02451368630635814, 0.02451368630635814, 0.02452716944158715, 0.024653550474939875, 0.024862757986472007, 0.024968911282077257, 0.024888453186986455, 0.024895831959980606, 0.02504969754186217, 0.02504969754186217, 0.025223895376392278, 0.02502387431462774, 0.02502387431462774, 0.0254918954707938, 0.025336945678722418, 0.025502268806631975, 0.02530560960639005, 0.025298350353575326, 0.02540644302020209, 0.025762526178580405, 0.025913797443817138, 0.026101090758347822, 0.026101090758347822, 0.026101090758347822, 0.026078562624719727, 0.025396898412593454, 0.02549650636331758, 0.026438098668862133, 0.0263910931171554, 0.02653684385213609, 0.026403339306432665, 0.026519119017595353, 0.026415857945946183, 0.02641891715558133, 0.026478917297058986, 0.026286490671763977, 0.02669996560419706, 0.02664294523156636, 0.026652594926695798, 0.026652594926695798, 0.026652594926695798, 0.02667491369073503, 0.02701183414123279, 0.026815286532810623, 0.026850333483278477, 0.026850333483278477, 0.026850333483278477, 0.026729941936307445, 0.02661176661646084, 0.02657115207229411, 0.02670904455843544, 0.026445600691199424, 0.026402504519419348, 0.026414467278986584, 0.026575299257247224, 0.026622807469367696, 0.026769492230629147, 0.026769492230629147, 0.02696937038151818, 0.027174537902309975, 0.02718129609019513, 0.02718129609019513, 0.026921655042067557, 0.02684486041334998, 0.0268495125939115, 0.026798842497086948, 0.02633786751629908, 0.026201386472116783, 0.026285372668587572, 0.02599843009389103, 0.025707427656898967, 0.02564590909016922, 0.02559429145536248, 0.025587114103846592, 0.02562842809324466, 0.02562842809324466, 0.025923718554124703, 0.026005493925048112, 0.025855611635798224, 0.025813807411174828, 0.02595345913007217, 0.026050375060953087, 0.02625852631206924, 0.02618539864200689, 0.02618539864200689, 0.02603683419108163, 0.02598966827689144, 0.02572257009408076, 0.02572257009408076, 0.02572257009408076, 0.02585134899570928, 0.025971287128327712, 0.025987406683285058, 0.025878333857984485, 0.02594439894726208, 0.02554832156314535, 0.025749689912933804, 0.02597722707547155, 0.02614608879323394, 0.02614608879323394, 0.02614608879323394, 0.026173331184740748, 0.02656008974659044, 0.026415857945946183, 0.02640806926772534, 0.026486685141706927, 0.026406678190587028, 0.026604311450498058, 0.026575299257247224, 0.02659215781283755, 0.026553173452681003, 0.026528813753797464, 0.026528813753797464, 0.02651579429205875, 0.026653973169384816, 0.026653973169384816, 0.026663618873449483, 0.026509143590043624, 0.026509143590043624, 0.026567557321681198, 0.026567557321681198, 0.02630744443409624, 0.026140468274930596, 0.026140468274930596, 0.026128380066471, 0.025768229133044072, 0.02571885673658016, 0.025691704370659953, 0.025346223000837092, 0.025165574152976912, 0.025165574152976912, 0.02512496116353989, 0.02512496116353989, 0.02512496116353989, 0.025236707958278325, 0.025341294846352978, 0.025341294846352978, 0.02543534420238652, 0.025552634753722422, 0.02561810584213391, 0.0254918954707938, 0.025697423042406572, 0.02534013514130483, 0.02534013514130483, 0.02534013514130483, 0.02552760810397645, 0.02527743205763931, 0.025289345986169023, 0.025282372660550247, 0.025408467173004212, 0.025408467173004212, 0.025123499041368274, 0.025123499041368274, 0.025137531903591522, 0.024830823504635672, 0.024779879922622542, 0.024779879922622542, 0.024783141076801646, 0.024818985491279182, 0.025084868192695328, 0.02514103889529416, 0.025223895376392275, 0.025307932127525322, 0.025502268806631975, 0.025502268806631975, 0.025721427579640556, 0.025686842498661065, 0.0255621212112048, 0.02580014238214153, 0.02580014238214153, 0.025818076249490195, 0.025835428925316917, 0.025668816943234956, 0.025668816943234956, 0.02595572368162241, 0.02595572368162241, 0.025941850200722663, 0.025941850200722663, 0.02578305091112598, 0.02576110024269704, 0.025610074548258286, 0.0255135018276638, 0.025356366185288637, 0.025536816160043066, 0.02560691870792512, 0.025641038534795293, 0.02590245437901866, 0.025910395045783678, 0.026085604756459147, 0.026285372668587572, 0.026285372668587572, 0.02614608879323394, 0.02611797410651468, 0.02583087853160023, 0.025510334040485295, 0.025415694974177044, 0.02519591803674329, 0.02519591803674329, 0.02519591803674329, 0.02519591803674329, 0.025334625817369442, 0.025174039105752558, 0.025174039105752558, 0.025059081208623914, 0.025184251638916032, 0.02537635087386422, 0.025248350117848678, 0.025409912897713518, 0.02565707922359274, 0.02565707922359274, 0.025842253013549855, 0.02612275573799477, 0.026033730083121324, 0.025903305281175914, 0.025903305281175914, 0.025885430462020166, 0.026102498121123682, 0.026102498121123682, 0.026111222077247684, 0.026413632843666164, 0.02633647273114544, 0.026235853330890534, 0.026156483568191294, 0.026156483568191294, 0.02604811873813382, 0.025998430093891026, 0.02600097329418454, 0.026004363841007724, 0.026587736930811557, 0.0264991644073113, 0.02656451522967726, 0.02656451522967726, 0.02656451522967726, 0.02647558752311037, 0.026469204285550482, 0.026549022811487768, 0.02650249121905951, 0.02654763912021449, 0.026784857129142418, 0.02703494337455335, 0.026804324963234826, 0.02713232878516185, 0.027307500651592678, 0.027131245636644076, 0.027046626407003147, 0.02687002730454397, 0.026991427210452265, 0.026894351125263827, 0.027067534586131568, 0.027345140970451723, 0.027138014605617225, 0.02705748981524415, 0.027246089402978586, 0.027269808378123813, 0.027269808378123813, 0.027535505835786876, 0.027505873213270107, 0.027680273680374047, 0.027690092533066694, 0.027577097862730448, 0.027577097862730448, 0.027755815717115016, 0.027889695266187765, 0.027748403153172986, 0.02796992553965558, 0.027972026843156823, 0.027972026843156823, 0.028036827093474537, 0.028036827093474537, 0.02817928027353953, 0.028263367796207042, 0.028359902708448296, 0.028359902708448296, 0.028324648528899952, 0.028202214415878474, 0.028202214415878474, 0.028032896127694735, 0.028032896127694735, 0.028195700931532244, 0.028096771548143596, 0.027821119565494684, 0.02800877413546385, 0.02800877413546385, 0.028144844019783788, 0.028144844019783788, 0.027910761584824195, 0.027754492190178764, 0.027965722458986486, 0.027753698043720965, 0.027906549593313786, 0.028188404042247223, 0.028443972856068027, 0.028413736258423763, 0.028382949753940196, 0.02857797067958579, 0.02880204074402382, 0.02904917716351964, 0.029033998367852986, 0.028845117720795153, 0.028845117720795153, 0.02868446212406534, 0.02868446212406534, 0.028698033780333154, 0.02885122994584035, 0.028863195970520193, 0.02899753684120675, 0.029032733110004212, 0.02883874944216124, 0.02905600503461253, 0.02891609254659532, 0.02907344675339422, 0.028951641594569526, 0.02894047374194423, 0.028919141320133932, 0.028486301756372345, 0.028486301756372345, 0.02851182354099178, 0.02851182354099178, 0.02889194506771599, 0.02906712849910829, 0.029089615230967123, 0.029089615230967123, 0.028981316993778553, 0.028903894236604454, 0.028898810087783822, 0.028382949753940196, 0.02828337652677102, 0.02828337652677102, 0.028324648528899952, 0.028294544076372673, 0.028376736663567735, 0.028376736663567735, 0.028376736663567735, 0.028342540320809895, 0.028474951398428358, 0.02837647775528031, 0.02909870605160221, 0.02904791256682304, 0.02907243592498305, 0.029220652467257555, 0.029393876913398138, 0.029031973928826844, 0.029031973928826844, 0.029031973928826844, 0.028926253875420957, 0.029062325707179804, 0.029062325707179804, 0.028980049435881273, 0.028980049435881273, 0.02889703042436954, 0.02883874944216124, 0.02897497864977819, 0.028961790450910473, 0.0288122422959833, 0.02880025510091102, 0.02880025510091102, 0.028749189873235506, 0.028950880286923143, 0.028950880286923143, 0.028961790450910473, 0.029108551236742115, 0.02901678613408143, 0.02901653293681844, 0.02894783485611908, 0.0290117217689678, 0.02897218933912384, 0.02897218933912384, 0.02922945118072747, 0.029309022083826068, 0.02931278191631544, 0.029443824063973147, 0.029621944430383615, 0.02964797546173418, 0.02945006150161625, 0.02945006150161625, 0.029474000995689028, 0.02964500164359887, 0.030051629043419015, 0.030051629043419015, 0.029920302301212103, 0.030056518190141147, 0.030056518190141147, 0.030099264347915784, 0.030099264347915784, 0.030099264347915784, 0.030099264347915784, 0.02971703284004523, 0.029485963454096705, 0.02924377484776784, 0.029459789267295675, 0.029113598758193075, 0.029113598758193075, 0.029442825951324716, 0.029630128075928366, 0.029630128075928366, 0.029630128075928366, 0.02957850846924683, 0.02956434697815763, 0.029708131230767276, 0.029585462508413398, 0.029401124509939744, 0.029613262335015524, 0.029394876688127205, 0.029394876688127205, 0.029394876688127205, 0.029375124836903646, 0.029359113593915062, 0.029240759922004873, 0.029371122844434418, 0.029399125351421113, 0.029499664474051782, 0.029499664474051782, 0.02959713168672993, 0.029661601646655867, 0.029479733612730475, 0.029344846225529964, 0.029238749798784464, 0.029131762594061056, 0.029318796645406407, 0.029560619142393364, 0.02947773978542356, 0.029404122992866016, 0.029292723899791016, 0.029292723899791016, 0.029530779515202617, 0.029468765893150433, 0.02960532219113341, 0.02960532219113341, 0.029474998052656114, 0.029474998052656114, 0.02920229233383949, 0.029135040968649727, 0.029135040968649727, 0.029068139512082255, 0.02882447939243479, 0.02882447939243479, 0.029064348032092728, 0.029041841736167, 0.029122934366619876, 0.02866524597017462, 0.02853140053215984, 0.028576685230717547, 0.028722344284972456, 0.028609574535494946, 0.02878290308853646, 0.028545817092341007, 0.02857488550515388, 0.028454302784267544, 0.028512081220251253, 0.028655761254261326, 0.028655761254261326, 0.028376477755280315, 0.02833735545681203, 0.02833735545681203, 0.02833735545681203, 0.02833735545681203, 0.028346428346442524, 0.028272984148353733, 0.02813440046981486, 0.028019264509859455, 0.028019264509859455, 0.027973865354239895, 0.02796020495676829, 0.028127871282006806, 0.028210549481369845, 0.028031585683267506, 0.027956263217054324, 0.02825218792322074, 0.028356793808575063, 0.028356793808575063, 0.028356793808575063, 0.028174847662699558, 0.028276881737849504, 0.028451204199614527, 0.02855096409966585, 0.028521356123123613, 0.0283878674860963, 0.028357052896582743, 0.0284942958846009, 0.02883085082309701, 0.02883900420030668, 0.029123943442340584, 0.029052211971004265, 0.028863195970520193, 0.028698033780333157, 0.02863421672312583, 0.028595447047331413, 0.028595447047331413, 0.02850460757599067, 0.02866627115689825, 0.028669090231360283, 0.028471855060958798, 0.028471855060958798, 0.028471855060958798, 0.028505638539970107, 0.028358089224942432, 0.028558168351486352, 0.028434672712111496, 0.028422009292886, 0.028066422672521935, 0.028066422672521935, 0.028147976329188775, 0.028304928538892955, 0.028227212228700196, 0.027806591495763106, 0.02775052123062608, 0.02775052123062608, 0.027827456709853593, 0.027827456709853593, 0.027827456709853593, 0.027929970735862265, 0.028083955765322157, 0.028247766752977348, 0.028247766752977348, 0.028442681351254134, 0.028442681351254134, 0.028641656547691487, 0.02854916275265443, 0.028437514745454803, 0.028331132367494422, 0.028578741921153887, 0.028567685469096455, 0.028607520061718614, 0.02877473381497124, 0.028685486624025452, 0.028685486624025452, 0.028569742807411355, 0.028761198351463818, 0.028921427689376555, 0.028905927645748106, 0.02900032371388644, 0.029067128499108294, 0.029067128499108294, 0.029207323655241695, 0.02943908272750248, 0.029269640187995032, 0.029354859139536692, 0.029354859139536692, 0.029354859139536692, 0.029487707573821055, 0.029316040047755985, 0.029293727126802966, 0.02914512596210452, 0.02932405852134498, 0.029249552586845022, 0.029472754627047036, 0.029233723886034395, 0.029233723886034395, 0.029233723886034395, 0.02942510381789464, 0.029364118045182776, 0.029074457546662037, 0.029218389512673106, 0.02918543108736107, 0.029117888463476, 0.02909870605160221, 0.02900159038566608, 0.02880025510091102, 0.028698033780333157, 0.028464628963694862, 0.02800221565577719, 0.027731187776765066, 0.028202214415878474, 0.028059092163882006, 0.027886797402852753, 0.02789180261405176, 0.02789180261405176, 0.02789180261405176, 0.02781715811714572, 0.02781715811714572, 0.027662219132725756, 0.027662219132725756, 0.027798135306718187, 0.027798135306718187, 0.027644418560552518, 0.027621021275950872, 0.027621021275950872, 0.027621819236958015, 0.02738058302028305, 0.02738058302028305, 0.02738058302028305, 0.027428571428571434, 0.027532570693264223, 0.027391313981491527, 0.02749385088951153, 0.02748315996447012, 0.02748315996447012, 0.02765690672862601, 0.027596539268390827, 0.027041193066301268, 0.026871394395056876, 0.026873581595222885, 0.026873581595222885, 0.027049885887570995, 0.026871394395056876, 0.027019448777591635, 0.027019448777591635, 0.027203721234044288, 0.02725013386973296, 0.0273934596692908, 0.027268461261901758, 0.027268461261901758, 0.027268461261901758, 0.027268461261901758, 0.02730104281479941, 0.02730104281479941, 0.027440354611857516, 0.02750240063733213, 0.02750240063733213, 0.02726441951387507, 0.02726441951387507, 0.027374947581722254, 0.027374947581722254, 0.027165884968512424, 0.02751121478189414, 0.02769221507048875, 0.027764284795472074, 0.02773330716900911, 0.02769619438972563, 0.027550443531375503, 0.02733976695480152, 0.02733976695480152, 0.027277081656098576, 0.027159663969548217, 0.027122578891290664, 0.027166155414412252, 0.027166155414412252, 0.027166155414412252, 0.027166155414412252, 0.027481021280371748, 0.027468453148427326, 0.027240426140692636, 0.027414907310752353, 0.027414907310752353, 0.027546443157189, 0.027579229096387384, 0.027579229096387384, 0.02738460762351503, 0.027428571428571427, 0.027329015753239563, 0.027309383899670674, 0.027309383899670674, 0.02728919947824167, 0.02744892102262168, 0.027644418560552518, 0.027644418560552518, 0.027644418560552518, 0.02751308408591024, 0.027407402545402113, 0.027166155414412252, 0.027353737199430544, 0.027353737199430544, 0.027353737199430544, 0.027217761307871097, 0.0272158717198143, 0.02752910148499999, 0.027333047949397844, 0.027333047949397844, 0.027333047949397844, 0.02740284507797223, 0.027630329387121254, 0.027630329387121254, 0.027630329387121254, 0.027630329387121254, 0.02738272954895148, 0.027294314276726843, 0.02733976695480152, 0.027491713037100574, 0.027402040740329797, 0.027402040740329797, 0.027637773618948487, 0.02769407215728776, 0.027668592671261094, 0.027747079272659767, 0.027611177860735005, 0.02744570893191703, 0.02744570893191703, 0.02768690842183691, 0.02768690842183691, 0.027695133293834592, 0.027827456709853586, 0.027827456709853586, 0.027875202936938594, 0.027843557126728397, 0.02795626321705432, 0.02772403363178465, 0.02764840475894198, 0.02772800838465669, 0.02772800838465669, 0.02772800838465669, 0.02770070359380492, 0.027593078102735716, 0.02756457353716386, 0.027535505835786872, 0.02779469924504399, 0.027754756900615157, 0.0279015470275505, 0.02781583750898992, 0.02781583750898992, 0.028037875257936214, 0.028037875257936214, 0.028350834130909927, 0.02844474773080942, 0.02844474773080942, 0.02844474773080942, 0.028743055949326652, 0.028743055949326652, 0.028743055949326652, 0.028783668839061055, 0.028783668839061055, 0.028783668839061055, 0.028874648155820856, 0.029040829807675386, 0.029054234999885496, 0.029054234999885496, 0.02906712849910829, 0.02926763204829331, 0.029329068954098862, 0.029048165490566644, 0.029048165490566644, 0.029048165490566644, 0.029048165490566644, 0.028839004200306672, 0.02915193136038873, 0.02915193136038873, 0.02910981319915667, 0.02924352361582625, 0.02940112450993974, 0.02940112450993974, 0.029524807970828286, 0.029524807970828286, 0.029524807970828286, 0.029562358857582557, 0.029318796645406403, 0.029220652467257552, 0.029220652467257552, 0.02907344675339422, 0.02896990697610335, 0.028838749442161235, 0.028838749442161235, 0.028838749442161235, 0.02898841429373649, 0.02898841429373649, 0.02898841429373649, 0.02872669241564119, 0.028696753709599065, 0.028696753709599065, 0.02858388299981195, 0.028449138289019495, 0.02846850031533241, 0.02846850031533241, 0.02846850031533241, 0.028659863138229404, 0.028523416803083897, 0.028643452077896883, 0.028643452077896883, 0.028470564820960078, 0.028449913023072815, 0.028387091058710297, 0.028387091058710297, 0.028387091058710297, 0.028064066646419823, 0.028064066646419823, 0.0281291772408099, 0.028283376526771018, 0.02835705289658274, 0.028204037921936646, 0.028082124461758836, 0.02798541894396772, 0.028104876474246473, 0.028104876474246473, 0.028267786526398574, 0.028201172359477885, 0.028598530003609395, 0.02849945219666869, 0.02849945219666869, 0.02849945219666869, 0.02819465863439747, 0.02845817554064281, 0.02845817554064281, 0.028459466342322652, 0.028459466342322652, 0.02856331313315836, 0.02856331313315836, 0.02856331313315836, 0.02856331313315836, 0.02856331313315836, 0.02856331313315836, 0.02856331313315836, 0.02851208122025125, 0.02868958425801878, 0.028815557022737075, 0.02881326225252276, 0.028645503974606266, 0.028645503974606266, 0.02871211079183223, 0.028903894236604454, 0.02897320366497714, 0.029210593549433464, 0.029227440279746057, 0.029143109242607084, 0.0288601412869383, 0.028838749442161235, 0.028888639105844965, 0.02923950361118621, 0.02923950361118621, 0.02923950361118621, 0.029184172394764715, 0.02894072760463555, 0.02900868272551147, 0.029575527666208995, 0.029357862347804763, 0.029504645085692064, 0.029409119785036273, 0.029409119785036273, 0.029409119785036273, 0.029391127357536635, 0.029372873783232615, 0.029424105070225554, 0.029299745767511636, 0.029299745767511636, 0.029299745767511636, 0.029174352728772866, 0.029174352728772866, 0.02914890693508427, 0.02894580439090844, 0.02894580439090844, 0.02894580439090844, 0.028634216723125824, 0.028634216723125824, 0.028708272291435154, 0.028708272291435154, 0.028708272291435154, 0.028653710092077362, 0.02879897957375913, 0.028808417137343445, 0.028802040744023816, 0.028820655857936896, 0.02900032371388643, 0.029092645820143728, 0.029058027799419503, 0.029289714012580854, 0.029289714012580854, 0.029104765021191553, 0.029066117450968047, 0.029066117450968047, 0.02922869710907206, 0.029389877474381945, 0.029389877474381945, 0.029224675064969684, 0.029218640960726367, 0.029311027387838386, 0.02913176259406105, 0.028972189339123832, 0.028972189339123832, 0.029002350362179477, 0.02877779756432137, 0.02877779756432137, 0.02862805816477454, 0.028477015436370174, 0.028477015436370174, 0.028477015436370174, 0.028326982881762632, 0.028326982881762632, 0.028326982881762632, 0.028326982881762632, 0.02830414983636116, 0.02864063047989192, 0.028895759169109636, 0.028920411547584044, 0.02899348273002618, 0.02899348273002618, 0.02906712849910829, 0.029404872565822228, 0.029404872565822228, 0.029712335100810523, 0.02992128448623358, 0.029709367724881742, 0.02955241624846349, 0.0297232129446852, 0.0297232129446852, 0.029652931162544662, 0.029555647963301568, 0.02946876589315043, 0.029304008223435637, 0.029304008223435637, 0.02936486863931255, 0.029184172394764715, 0.02909264582014373, 0.029376125249833025, 0.029389127518974267, 0.029450061501616248, 0.029450061501616248, 0.029504645085692064, 0.029359113593915062, 0.029359113593915062, 0.029416113868117263, 0.029493686629860433, 0.029570558993425762, 0.02964673640709609, 0.029424105070225557, 0.029424105070225557, 0.029325060676381718, 0.02924955258684502, 0.029372873783232622, 0.029372873783232622, 0.029471009622394434, 0.02941886108868088, 0.029366119586895313, 0.029283944197377204, 0.0293948766881272, 0.029389127518974267, 0.029232467272831127, 0.029351104697077, 0.029351104697077, 0.02969254699312229, 0.029732851342910115, 0.029875086883999695, 0.029901634656019072, 0.029901634656019072, 0.029865002383173165, 0.029999755101041227, 0.030157789124834054, 0.030120004878445007, 0.029944847262108724, 0.029944847262108724, 0.030125614567361517, 0.030125614567361517, 0.029996571232630668, 0.029832758326841905, 0.029945828642086773, 0.029945828642086773, 0.029945828642086773, 0.029945828642086773, 0.029854176202579998, 0.029811078614556456, 0.0298905759498248, 0.0298905759498248, 0.0298905759498248, 0.0298905759498248, 0.029944847262108724, 0.029801958571440867, 0.02990826791701449, 0.029936013394558463, 0.029936013394558463, 0.029819703115181263, 0.02989352533815403, 0.029697495256162526, 0.029772360829933443, 0.029772360829933443, 0.029772360829933443, 0.029549432813369476, 0.029272652139246045, 0.029272652139246045, 0.029272652139246045, 0.029443824063973147, 0.02900235036217948, 0.02900235036217948, 0.02900235036217948, 0.02900235036217948, 0.02900235036217948, 0.02900235036217948, 0.02900235036217948, 0.0291995247375357, 0.02920053116654153, 0.02920053116654153, 0.02920053116654153, 0.028924221895236836, 0.028915330302983093, 0.028915330302983093, 0.028915330302983093, 0.02883900420030668, 0.02883900420030668, 0.02877856345069563, 0.02877856345069563, 0.02877856345069563, 0.028666271156898245, 0.028666271156898245, 0.02872157689946422, 0.028711087241904385, 0.028681388404614, 0.0286762648067231, 0.029000323713886438, 0.028957985046601287, 0.028827537854896838, 0.028827537854896838, 0.028563570347917084, 0.028563570347917084, 0.028516976683787387, 0.028422009292885998, 0.02876451896035128, 0.028588252189759803, 0.028458175540642814, 0.028347724236484226, 0.028266486971576178, 0.028418131607859668, 0.028418131607859668, 0.028284155801221206, 0.028284155801221206, 0.028506669466663984, 0.02843570621164704, 0.02845404458176771, 0.028021099921600623, 0.027807648338585716, 0.02784962535929453, 0.02784962535929453, 0.027864658326874733, 0.027931812015137496, 0.027931812015137496, 0.027931812015137496, 0.027931812015137496, 0.02797202684315682, 0.02797202684315682, 0.028050712093984204, 0.028185276225688602, 0.028437514745454792, 0.02832464852889995, 0.028494295884600895, 0.02855225070652335, 0.02872234428497245, 0.028701105717162792, 0.02862805816477454, 0.028733852608278716, 0.028582854858056683, 0.028738965939388045, 0.028738965939388045, 0.028738965939388045, 0.028638321692930173, 0.028511050489240127, 0.028382690902328884, 0.028434414331358168, 0.028434414331358168, 0.028434414331358168, 0.028330095053040072, 0.028330095053040072, 0.028330095053040072, 0.028330095053040072, 0.028040233484718898, 0.028136228370888226, 0.02807558311677495, 0.02807558311677495, 0.027986469033795452, 0.028032896127694735, 0.028032896127694735, 0.028045473278740927, 0.028212632862978676, 0.02809964775725192, 0.02809964775725192, 0.028246986474630514, 0.02834124419373609, 0.02839821782278254, 0.028593391558475997, 0.028593391558475997, 0.028710063655485698, 0.028838749442161235, 0.029116626851056655, 0.029127979395651003, 0.02908835239228855, 0.02908835239228855, 0.02908835239228855, 0.02908835239228855, 0.02898207750190677, 0.028915330302983093, 0.028915330302983093, 0.028822440237157052, 0.028822440237157052, 0.028754300476943745, 0.028754300476943745, 0.028754300476943745, 0.02909971596747561, 0.02909971596747561, 0.029163270161808197, 0.028966863545670067, 0.028966863545670067, 0.028966863545670067, 0.02913680609448735, 0.029290968169839157, 0.02924578462560625, 0.02909769610067689, 0.02909769610067689, 0.029047912566823042, 0.029047912566823042, 0.029374874728347735, 0.029374874728347735, 0.029148150779724453, 0.029243523615826255, 0.029243523615826255, 0.02921562344125527, 0.029111579854632644, 0.028854285572828996, 0.028645503974606273, 0.028577970679585795, 0.028699825783443357, 0.028699825783443357, 0.02863421672312583, 0.02862497838872725, 0.028242564490137786, 0.02830934078197873, 0.028194658634397473, 0.028207424120436878, 0.027943645913494818, 0.027717407777018963, 0.027717407777018963, 0.027605855634378052, 0.027509078278908257, 0.027509078278908257, 0.02767815022720991, 0.02774813838212339, 0.02774813838212339, 0.02801926450985945, 0.028032896127694735, 0.0278340563676506, 0.0278340563676506, 0.0278340563676506, 0.0278340563676506, 0.0278435571267284, 0.0278435571267284, 0.027688765864553096, 0.027688765864553096, 0.027718733074679047, 0.027718733074679047, 0.02772403363178465, 0.027805270385746834, 0.0277272134796654, 0.027886797402852753, 0.027886797402852753, 0.028070348943251815, 0.028070348943251815, 0.028223047464142944, 0.028223047464142944, 0.02840235690133867, 0.028373629608191783, 0.0284736612987354, 0.028798979573759136, 0.028629341307013504, 0.028629341307013504, 0.028564599183790628, 0.028564599183790628, 0.028564599183790628, 0.028564599183790628, 0.02858285485805669, 0.0288733759151003, 0.028813517236016228, 0.02877856345069563, 0.028614966827354746, 0.028834673005722452, 0.028834673005722452, 0.028834673005722452, 0.028798214230350172, 0.028672421507470222, 0.028402356901338674, 0.028595447047331413, 0.028595447047331413, 0.028670371537209503, 0.028670371537209503, 0.028783668839061066, 0.028783668839061066, 0.02852212889555571, 0.028762475554096525, 0.028677545792014026, 0.02858285485805669, 0.0285131119140021, 0.028449138289019498, 0.028449138289019498, 0.028583882999811957, 0.028583882999811957, 0.028184494217312367, 0.028184494217312367, 0.027979117577367648, 0.028034992711369316, 0.02798778159067537, 0.02798778159067537, 0.02798778159067537, 0.02798778159067537, 0.02798778159067537, 0.028174847662699558, 0.02814902035486805, 0.02820091183936131, 0.028278180814969016, 0.028144844019783788, 0.028144844019783788, 0.028144844019783788, 0.028144844019783788, 0.028246726377058426, 0.028005363917708078, 0.028232157088638323, 0.028232157088638323, 0.028325686042811365, 0.028150064341826642, 0.028116376228897247, 0.028333984786428314, 0.02842847092588122, 0.028444747730809426, 0.0283829497539402, 0.02815319607042142, 0.027893119625616993, 0.027893119625616993, 0.028142494558940582, 0.027826400619350173, 0.027826400619350173, 0.027811875308279117, 0.02770176447632968, 0.028099647757251923, 0.028099647757251923, 0.028082124461758846, 0.028082124461758846, 0.028116376228897247, 0.02813100548127911, 0.0282417840680602, 0.027896280199689562, 0.027896280199689562, 0.027847514819686395, 0.027847514819686395, 0.02774522573381605, 0.02774522573381605, 0.027642026565595033, 0.027724033631784658, 0.027724033631784658, 0.027725888587368734, 0.027833000527563448, 0.027728008384656694, 0.027728008384656694, 0.027728008384656694, 0.027728008384656694, 0.027701764476329677, 0.027621819236958015, 0.027459625277999763, 0.02745775233454673, 0.027179944587049882, 0.027067534586131568, 0.027171293375057977, 0.027247167986146858, 0.027247167986146858, 0.027247167986146858, 0.027247167986146858, 0.026875495249352323, 0.0266208756506649, 0.026557600088279433, 0.02646587328957032, 0.02646587328957032, 0.026575299257247224, 0.026302975698811057, 0.026306327321442217, 0.026515794292058754, 0.026528813753797464, 0.02640250451941935, 0.02601650967194109, 0.026251810433195046, 0.026093208124032617, 0.026242853254529616, 0.026426980647104754, 0.02657308750581755, 0.02633005576778549, 0.02639220664189661, 0.026692535072027696, 0.026692535072027696, 0.026692535072027696, 0.026692535072027696, 0.02664046331643438, 0.02667050652626131, 0.026864558246803883, 0.027030594910665395, 0.02705748981524415, 0.02705748981524415, 0.02705748981524415, 0.02716372130438024, 0.027020808308277033, 0.026990066199796325, 0.026990066199796325, 0.026985982755981346, 0.026724169294662762, 0.026724169294662762, 0.026909644731802698, 0.026676015368086132, 0.026676015368086132, 0.026576681508420123, 0.026870027304543978, 0.026860455722728403, 0.027193186421511955, 0.02720912211980777, 0.02720912211980777, 0.027007753988627124, 0.026941024024899354, 0.026873581595222885, 0.026873581595222885, 0.0268054213219061, 0.026941024024899354, 0.026941024024899354, 0.027068348863646664, 0.027068348863646664, 0.027205071556004903, 0.027267383521006057, 0.027267383521006057, 0.027267383521006057, 0.027302119227007166, 0.02725552555848791, 0.02725552555848791, 0.02725552555848791, 0.027241504948088587, 0.027193186421511955, 0.027193186421511955, 0.027359914070756577, 0.027359914070756577, 0.027359914070756577, 0.027337617052743443, 0.027337617052743443, 0.027457752334546726, 0.027457752334546726, 0.027459625277999757, 0.02732686500534608, 0.02732686500534608, 0.02732686500534608, 0.02732686500534608, 0.027728008384656694, 0.027728008384656694, 0.027885743559703607, 0.027885743559703607, 0.027699377433510697, 0.027699377433510697, 0.02790891891675564, 0.02790891891675564, 0.027873885078828806, 0.027948903815530866, 0.02791313055074363, 0.02791313055074363, 0.02791313055074363, 0.027683458554722176, 0.027649733364031575, 0.027535505835786876, 0.027607186287158594, 0.02756244117028291, 0.027381656305651352, 0.027343797565556296, 0.027278428346611622, 0.026996598425183354, 0.02677690140736213, 0.02676180647329858, 0.02669115882054718, 0.026547639120214492, 0.026502491219059513, 0.026502491219059513, 0.026317496314142385, 0.026317496314142385, 0.026063063237196857, 0.02601425041183766, 0.026190167963554254, 0.026190167963554254, 0.026190167963554254, 0.026190167963554254, 0.026364354414122666, 0.02656451522967726, 0.026625015090538984, 0.02660210211119967, 0.026251530567623235, 0.026251530567623235, 0.026251530567623235, 0.026251530567623235, 0.02625404925036929, 0.02625404925036929, 0.02625404925036929, 0.02625404925036929, 0.026228011198498664, 0.026508866441249425, 0.026509143590043624, 0.026756315294959154, 0.026756315294959154, 0.026644875450170566, 0.026644875450170566, 0.02652687509000667, 0.02655095985812481, 0.02655095985812481, 0.02658220979435345, 0.02658220979435345, 0.02658220979435345, 0.026794729911316668, 0.026833910924615595, 0.026833910924615595, 0.02685498471572145, 0.02685498471572145, 0.02685498471572145, 0.02685498471572145, 0.02685498471572145, 0.02685498471572145, 0.02685498471572145, 0.02685498471572145, 0.026902818303164096, 0.026902818303164096, 0.02688752081375678, 0.02688752081375678, 0.02688752081375678, 0.02688752081375678, 0.02688752081375678, 0.02688752081375678, 0.02688752081375678, 0.02688752081375678, 0.02688752081375678, 0.02688752081375678, 0.02688752081375678, 0.02688752081375678, 0.02688752081375678, 0.02676043378434906, 0.02676043378434906, 0.026822956966154256, 0.026822956966154256, 0.026822956966154256, 0.026822956966154256, 0.026822956966154256, 0.026822956966154256, 0.026822956966154256, 0.026822956966154256, 0.026822956966154256, 0.026822956966154256, 0.026822956966154256, 0.026822956966154256, 0.026822956966154256, 0.026822956966154256, 0.026822956966154256, 0.026822956966154256, 0.026822956966154256, 0.026822956966154256, 0.026822956966154256, 0.026822956966154256, 0.026822956966154256, 0.026822956966154256, 0.026822956966154256, 0.026822956966154256, 0.026822956966154256, 0.026822956966154256, 0.026822956966154256, 0.026822956966154256, 0.026822956966154256, 0.026822956966154256, 0.026822956966154256, 0.026822956966154256, 0.026822956966154256, 0.026822956966154256, 0.026822956966154256, 0.02678485712914242, 0.02678485712914242, 0.02678485712914242, 0.02678485712914242, 0.02678485712914242, 0.02678485712914242, 0.02678485712914242, 0.02678485712914242, 0.02678485712914242, 0.02678485712914242, 0.02678485712914242, 0.02678485712914242, 0.02678485712914242, 0.02678485712914242, 0.02678485712914242, 0.02678485712914242, 0.02678485712914242, 0.02678485712914242, 0.02678485712914242, 0.02678485712914242, 0.02678485712914242, 0.02678485712914242, 0.02678485712914242, 0.02678485712914242, 0.02678485712914242, 0.02678485712914242, 0.02678485712914242, 0.02678485712914242, 0.02678485712914242, 0.02678485712914242, 0.02678485712914242, 0.02678485712914242, 0.02678485712914242, 0.02678485712914242, 0.02678485712914242, 0.02678485712914242, 0.02678485712914242, 0.02678485712914242, 0.02678485712914242, 0.02678485712914242, 0.02678485712914242, 0.02678485712914242, 0.02678485712914242, 0.02678485712914242, 0.02678485712914242, 0.02678485712914242, 0.02678485712914242, 0.02678485712914242, 0.02678485712914242, 0.02682295696615426, 0.02682295696615426, 0.02682295696615426, 0.02682295696615426, 0.02682295696615426, 0.02682295696615426, 0.02682295696615426, 0.02682295696615426, 0.02682295696615426, 0.02682295696615426, 0.02682295696615426, 0.02682295696615426, 0.02682295696615426, 0.02682295696615426, 0.02682295696615426, 0.02682295696615426, 0.02708490053027136, 0.02708490053027136, 0.02708490053027136, 0.02708490053027136, 0.02708490053027136, 0.02708490053027136, 0.02708490053027136, 0.02708490053027136, 0.02708490053027136, 0.02708490053027136, 0.02708490053027136, 0.02708490053027136, 0.02708490053027136, 0.02708490053027136, 0.02708490053027136, 0.02708490053027136, 0.02708490053027136, 0.02708490053027136, 0.02708490053027136, 0.02708490053027136, 0.02708490053027136, 0.02708490053027136, 0.02708490053027136, 0.02708490053027136, 0.02708490053027136, 0.027046626407003147, 0.027046626407003147, 0.027046626407003147, 0.027046626407003147, 0.027046626407003147, 0.027046626407003147, 0.027046626407003147, 0.027046626407003147, 0.027046626407003147, 0.027046626407003147, 0.027046626407003147, 0.027046626407003147, 0.027046626407003147, 0.027046626407003147, 0.027046626407003147, 0.027046626407003147, 0.027046626407003147, 0.027046626407003147, 0.027046626407003147, 0.027046626407003147, 0.027046626407003147, 0.027046626407003147, 0.027046626407003147, 0.027046626407003147, 0.027046626407003147, 0.027046626407003147, 0.027046626407003147, 0.027046626407003147, 0.027046626407003147, 0.027046626407003147, 0.027046626407003147, 0.027046626407003147, 0.027046626407003147, 0.027046626407003147, 0.027046626407003147, 0.027046626407003147, 0.027046626407003147, 0.027046626407003147, 0.027046626407003147, 0.027046626407003147, 0.027046626407003147, 0.027046626407003147, 0.027046626407003147, 0.027046626407003147, 0.027046626407003147, 0.027046626407003147, 0.027046626407003147, 0.027046626407003147, 0.027046626407003147, 0.027046626407003147, 0.027046626407003147, 0.027046626407003147, 0.027046626407003147, 0.027046626407003147, 0.027046626407003147, 0.02708490053027136, 0.02708490053027136, 0.02708490053027136, 0.02708490053027136, 0.02708490053027136, 0.02708490053027136, 0.02708490053027136, 0.02708490053027136, 0.02708490053027136, 0.02708490053027136, 0.02708490053027136, 0.02708490053027136, 0.02708490053027136, 0.02708490053027136, 0.02708490053027136, 0.02708490053027136, 0.02708490053027136, 0.02708490053027136, 0.027046626407003147, 0.027046626407003147, 0.027046626407003147, 0.027046626407003147, 0.027046626407003147, 0.027046626407003147, 0.027046626407003147, 0.027046626407003147, 0.027046626407003147, 0.027046626407003147, 0.027046626407003147, 0.027046626407003147, 0.027046626407003147, 0.027046626407003147, 0.027046626407003147, 0.027046626407003147, 0.027046626407003147, 0.027046626407003147, 0.027046626407003147, 0.027046626407003147, 0.027046626407003147, 0.027046626407003147, 0.027046626407003147, 0.027046626407003147, 0.027046626407003147, 0.027046626407003147, 0.027046626407003147, 0.027046626407003147, 0.027046626407003147, 0.027046626407003147, 0.027046626407003147, 0.027046626407003147, 0.027046626407003147, 0.027046626407003147, 0.027046626407003147, 0.027046626407003147, 0.027046626407003147, 0.027046626407003147, 0.027046626407003147, 0.027046626407003147, 0.027046626407003147, 0.027046626407003147, 0.027030594910665392, 0.027030594910665392, 0.027030594910665392, 0.027030594910665392, 0.027030594910665392, 0.027030594910665392, 0.027030594910665392, 0.027030594910665392, 0.027030594910665392, 0.027030594910665392, 0.027030594910665392, 0.027030594910665392, 0.027030594910665392, 0.027030594910665392, 0.027030594910665392, 0.027030594910665392, 0.027030594910665392, 0.027030594910665392, 0.027030594910665392, 0.027046626407003147, 0.027046626407003147, 0.027046626407003147, 0.027046626407003147, 0.027046626407003147, 0.027046626407003147, 0.027046626407003147, 0.027046626407003147, 0.027046626407003147, 0.027046626407003147, 0.027046626407003147, 0.027046626407003147, 0.027046626407003147, 0.027046626407003147, 0.027046626407003147, 0.027046626407003147, 0.027046626407003147, 0.027046626407003147, 0.027046626407003147, 0.027046626407003147, 0.027046626407003147, 0.027046626407003147, 0.027046626407003147, 0.027046626407003147, 0.027046626407003147, 0.027046626407003147, 0.027046626407003147, 0.027046626407003147, 0.027046626407003147, 0.027046626407003147, 0.027046626407003147, 0.027046626407003147, 0.027046626407003147, 0.027046626407003147, 0.027046626407003147, 0.027046626407003147, 0.027046626407003147, 0.027046626407003147, 0.027046626407003147, 0.027046626407003147, 0.027046626407003147, 0.027046626407003147, 0.027046626407003147, 0.027046626407003147, 0.027046626407003147, 0.027046626407003147, 0.027046626407003147, 0.027046626407003147, 0.027046626407003147, 0.027046626407003147, 0.027046626407003147, 0.027046626407003147, 0.027046626407003147, 0.027046626407003147, 0.027046626407003147, 0.027046626407003147, 0.027046626407003147, 0.027046626407003147, 0.027046626407003147, 0.027046626407003147, 0.027046626407003147, 0.027046626407003147, 0.027046626407003147, 0.027046626407003147, 0.027046626407003147, 0.027046626407003147, 0.027046626407003147, 0.027046626407003147, 0.027046626407003147, 0.027046626407003147, 0.027046626407003147, 0.027046626407003147, 0.027046626407003147, 0.027046626407003147, 0.027046626407003147, 0.027046626407003147, 0.027046626407003147, 0.027046626407003147, 0.027046626407003147, 0.027046626407003147, 0.027046626407003147, 0.027046626407003147, 0.027046626407003147, 0.027046626407003147, 0.027046626407003147, 0.027046626407003147, 0.027046626407003147, 0.027046626407003147, 0.027046626407003147, 0.027046626407003147, 0.027046626407003147, 0.027046626407003147, 0.027046626407003147, 0.027046626407003147, 0.027046626407003147, 0.027046626407003147, 0.027046626407003147, 0.027046626407003147, 0.027046626407003147, 0.027046626407003147, 0.027046626407003147, 0.027046626407003147, 0.027046626407003147, 0.027046626407003147, 0.027046626407003147, 0.027046626407003147, 0.027046626407003147, 0.027046626407003147, 0.027046626407003147, 0.027046626407003147, 0.027046626407003147, 0.027046626407003147, 0.027046626407003147, 0.027046626407003147, 0.027046626407003147, 0.027046626407003147, 0.027046626407003147, 0.027046626407003147, 0.027046626407003147, 0.027046626407003147, 0.027046626407003147, 0.027046626407003147, 0.027046626407003147, 0.027046626407003147, 0.027046626407003147, 0.027046626407003147, 0.027046626407003147, 0.027046626407003147, 0.027046626407003147, 0.027046626407003147, 0.027046626407003147, 0.027046626407003147, 0.027046626407003147, 0.027046626407003147, 0.027046626407003147, 0.027046626407003147, 0.027046626407003147, 0.027046626407003147, 0.027046626407003147, 0.027046626407003147, 0.027046626407003147, 0.027046626407003147, 0.027046626407003147, 0.027046626407003147, 0.027046626407003147, 0.027046626407003147, 0.027046626407003147, 0.027046626407003147, 0.027046626407003147, 0.027046626407003147, 0.027046626407003147, 0.027046626407003147, 0.027046626407003147, 0.027046626407003147, 0.027046626407003147, 0.027046626407003147, 0.027046626407003147, 0.027046626407003147, 0.027046626407003147, 0.027046626407003147, 0.027046626407003147, 0.027046626407003147, 0.027046626407003147, 0.027046626407003147, 0.027046626407003147, 0.027046626407003147, 0.027046626407003147, 0.027046626407003147, 0.027046626407003147, 0.027046626407003147, 0.027046626407003147, 0.027046626407003147, 0.027046626407003147, 0.027046626407003147, 0.027046626407003147, 0.027046626407003147, 0.027046626407003147, 0.027046626407003147, 0.027046626407003147, 0.027046626407003147, 0.027046626407003147, 0.027046626407003147, 0.027046626407003147, 0.027046626407003147, 0.027046626407003147, 0.027046626407003147, 0.027046626407003147, 0.027046626407003147, 0.027046626407003147, 0.027046626407003147, 0.027046626407003147, 0.027046626407003147, 0.027046626407003147, 0.027046626407003147, 0.027046626407003147, 0.027046626407003147, 0.027046626407003147, 0.027046626407003147, 0.027046626407003147, 0.027046626407003147, 0.027046626407003147, 0.027046626407003147, 0.027046626407003147, 0.027046626407003147, 0.027046626407003147, 0.027046626407003147, 0.027046626407003147, 0.027046626407003147, 0.027046626407003147, 0.027046626407003147, 0.027046626407003147, 0.027046626407003147, 0.027046626407003147, 0.027046626407003147, 0.027046626407003147, 0.027046626407003147, 0.027046626407003147, 0.027046626407003147, 0.027046626407003147, 0.027046626407003147, 0.027046626407003147, 0.027046626407003147, 0.027046626407003147, 0.027046626407003147, 0.027046626407003147, 0.027046626407003147, 0.027046626407003147, 0.027046626407003147, 0.027046626407003147, 0.027046626407003147, 0.027046626407003147, 0.027046626407003147, 0.027046626407003147, 0.027046626407003147, 0.027046626407003147, 0.027046626407003147, 0.027046626407003147, 0.027046626407003147, 0.027046626407003147, 0.027046626407003147, 0.027046626407003147, 0.027046626407003147, 0.027046626407003147, 0.027046626407003147, 0.027046626407003147, 0.027046626407003147, 0.027046626407003147, 0.027046626407003147, 0.027046626407003147, 0.027046626407003147, 0.027046626407003147, 0.027046626407003147, 0.027046626407003147, 0.027046626407003147]","[0.0, 0.0009595917499283808, 0.0010961900624714787, 0.001456862718169367, 0.0022857142857142855, 0.002463115664257406, 0.002498652698180051, 0.002611122207724769, 0.002611122207724769, 0.0025246539467856594, 0.0024095049876923444, 0.0028238055087099053, 0.002827272428994967, 0.0027093187636867883, 0.0030334193005684567, 0.0031047034759328286, 0.00365356968300475, 0.0036176438380215803, 0.003574056176254146, 0.0038494102384226954, 0.0037252585172586564, 0.0038324074599102205, 0.0038756171332144386, 0.0040406101782088436, 0.004117459093634702, 0.004295227536677974, 0.00455998567845943, 0.0047404468918756885, 0.0047404468918756885, 0.004671057215471041, 0.005062870041905529, 0.004805439095229403, 0.004737001548814333, 0.004737001548814333, 0.004399628926838893, 0.004444671196029727, 0.004414447523617821, 0.004307373838866915, 0.004444671196029727, 0.004444671196029727, 0.004307373838866915, 0.004307373838866915, 0.0042185208743524, 0.004328547854721286, 0.00430358180200291, 0.004549231825713176, 0.0046626610603029365, 0.004611255086133032, 0.004602749843566233, 0.004554253450324863, 0.004764494533868761, 0.004704491991486348, 0.004780914437337574, 0.004773395659533052, 0.004773395659533052, 0.0050570621462485916, 0.0053145929250680785, 0.0054952298423640265, 0.005613395058396714, 0.00567069084802527, 0.005250306113524648, 0.005247195558056685, 0.005046720495044484, 0.005052540278444708, 0.004791829781311229, 0.004723195044519274, 0.00506222504922288, 0.005126959555693246, 0.005060289577904104, 0.0049815987926179126, 0.0049815987926179126, 0.005124411364901797, 0.00506222504922288, 0.00506222504922288, 0.004859495228678697, 0.0045110295670835535, 0.004511029567083554, 0.004367598695776312, 0.00435861801726283, 0.004634564021940941, 0.004841318761137173, 0.004712120714991613, 0.004586404042473399, 0.00479182978131123, 0.004848732213850611, 0.004795235730835942, 0.004832542745569365, 0.004653548130629104, 0.004217746762799071, 0.004137237567976675, 0.0041372375679766754, 0.0042154235752018265, 0.004133289444577171, 0.003958973274443148, 0.0042154235752018265, 0.0042830467889013735, 0.004292185590448897, 0.004295227536677973, 0.0043705881545081015, 0.004723195044519274, 0.004648633769008627, 0.0044329011093073075, 0.004127755727624732, 0.004288380123267136, 0.004426266681379905, 0.004499433070863893, 0.004795235730835942, 0.005126959555693246, 0.005189628589596676, 0.005313978485742935, 0.0053145929250680785, 0.0054952298423640265, 0.0054336818051100196, 0.005370212628329476, 0.005126322626744184, 0.004929544417414789, 0.0043705881545081015, 0.004444671196029727, 0.004443936478908247, 0.004517539514526256, 0.00465985898008574, 0.004864867806581203, 0.004931531202375181, 0.0051263226267441835, 0.005126322626744184, 0.005180182015555603, 0.005252171562549055, 0.00506222504922288, 0.00498749456549241, 0.005046720495044484, 0.004832542745569365, 0.004673153897202485, 0.0047294129592133855, 0.004531252023222631, 0.004467387493872472, 0.004467387493872472, 0.0043375907918510506, 0.004393687494112248, 0.004458607817858551, 0.0043705881545081015, 0.0042185208743524, 0.004089608533733232, 0.004233202097703345, 0.0042677719656772205, 0.004206117993046388, 0.004206117993046388, 0.0043705881545081015, 0.0042185208743524, 0.004127755727624732, 0.004499433070863893, 0.004505959772278017, 0.004841318761137174, 0.004795235730835942, 0.004443936478908247, 0.004367598695776312, 0.004441731598356292, 0.004586404042473399, 0.004657055213899243, 0.004180420836153573, 0.004155350620045221, 0.0041403933560541254, 0.0038789857710804895, 0.0041403933560541254, 0.004246294903579268, 0.004111904072572805, 0.004111904072572805, 0.004276179870598791, 0.004211548748043035, 0.004517539514526256, 0.004795235730835942, 0.004921589257173595, 0.004864867806581203, 0.005184592558726288, 0.005237229365663817, 0.005184592558726288, 0.005426465757032371, 0.00565685424949238, 0.005526042241708152, 0.005650501151694965, 0.005466633482560639, 0.005634297305117026, 0.005671266640365488, 0.005805556803263437, 0.005795987352277014, 0.005885436886666849, 0.00606306987643476, 0.006184113946728542, 0.006272713828600042, 0.006353401788468465, 0.006326620144198606, 0.00636315927180574, 0.0060474315681476355, 0.005827450872677468, 0.005802743897045076, 0.005802743897045076, 0.0057393734991953, 0.005829691769077417, 0.006091010438610766, 0.006340540117339519, 0.006138004727989082, 0.006154474065296576, 0.006138004727989082, 0.006414269805898186, 0.00616984106566046, 0.006030669912359384, 0.006047971493292067, 0.006101722741010384, 0.006167723755692259, 0.0061459792730280014, 0.00595219047314276, 0.005973547129312905, 0.006060915267313265, 0.0061550046005387415, 0.006412233206448246, 0.0061523514668318955, 0.006281037220987356, 0.006736558801776758, 0.007159523413622173, 0.007220831542368601, 0.007246561464668915, 0.006998542122237652, 0.006363159271805739, 0.0063882545283017135, 0.006336934171496304, 0.006285194783726894, 0.006477590885002648, 0.005993738229117424, 0.005918631943416709, 0.005984469696725049, 0.005714285714285714, 0.005791478609974824, 0.005613395058396715, 0.005599416879261188, 0.005510065002024079, 0.005324414310992529, 0.005324414310992529, 0.005445687303186039, 0.005200313962264437, 0.005200313962264437, 0.0053507199591861145, 0.005375682206350508, 0.0053610842643812195, 0.0054714099216392345, 0.005450482098130478, 0.005436085025840128, 0.0055189469566398345, 0.005421649722573907, 0.005598833697790121, 0.0056735692253732165, 0.005528995923164291, 0.005454674086300217, 0.005542562584220407, 0.005587741685408976, 0.0054095908781891956, 0.005264590997157039, 0.005062870041905529, 0.004848732213850612, 0.005046720495044484, 0.00511101251999952, 0.00482239672819249, 0.004563564664708893, 0.0047542032959889124, 0.004899645968051661, 0.004602749843566233, 0.004742512896284898, 0.004685017369775916, 0.004878273364665838, 0.005098859416275249, 0.0050828242189570475, 0.004865538961693258, 0.0044914431115722474, 0.004408526062168208, 0.0044329011093073075, 0.004648633769008626, 0.004854789345773588, 0.004791829781311229, 0.004588539405687938, 0.004517539514526256, 0.0046591581967176015, 0.004795235730835942, 0.0047972781398435095, 0.00472665045140805, 0.0044380543631880225, 0.004931531202375181, 0.00472665045140805, 0.00472665045140805, 0.004582842892745924, 0.004582842892745924, 0.004723195044519274, 0.004862853785461321, 0.004995344771660421, 0.004997958767010257, 0.005062870041905529, 0.004997958767010257, 0.005312134741344959, 0.005250306113524647, 0.005250306113524647, 0.005313978485742935, 0.00531213474134496, 0.005474393079770281, 0.005495824017620384, 0.005613395058396714, 0.005728553615932407, 0.006006798869036754, 0.0060609152673132645, 0.0065672036107696655, 0.006466996274649192, 0.006527805519311921, 0.006477590885002648, 0.006334357239109038, 0.006080279263189097, 0.006141727470877442, 0.0058698816175525755, 0.005932408396912261, 0.006194665249310927, 0.00598719722509998, 0.005604080146260784, 0.005365954657631306, 0.005526042241708152, 0.0053262538046770485, 0.0053145929250680785, 0.005423456236664993, 0.005447485845857364, 0.0054095908781891956, 0.005573113298393878, 0.005703418237499047, 0.0053975050925858135, 0.005375682206350508, 0.005264590997157039, 0.0051390462070667695, 0.0050214234911577635, 0.00517450579322138, 0.005237229365663817, 0.005292428168465525, 0.005365954657631306, 0.005190257749881414, 0.0051263226267441835, 0.005250306113524648, 0.005313978485742935, 0.005189628589596676, 0.004997958767010257, 0.0051263226267441835, 0.00506222504922288, 0.005252171562549055, 0.00506222504922288, 0.005252171562549055, 0.005189628589596676, 0.005237229365663817, 0.005180182015555603, 0.004773395659533052, 0.004848732213850611, 0.004848732213850611, 0.00463456402194094, 0.004491443111572248, 0.004505959772278017, 0.004418144406874904, 0.004634564021940941, 0.00448198206882916, 0.004648633769008627, 0.004723195044519274, 0.00479727813984351, 0.004932193286180591, 0.004931531202375181, 0.00506222504922288, 0.004997958767010257, 0.005189628589596676, 0.005247195558056685, 0.005180182015555603, 0.005247195558056685, 0.005292428168465525, 0.005116759178405402, 0.005121224343407561, 0.005309060411125456, 0.005545507466519587, 0.0053537703670270675, 0.005362911180182888, 0.005423456236664993, 0.005212856947108793, 0.0051390462070667695, 0.005275124527014524, 0.005301674745025464, 0.005239722690901783, 0.005333605435235673, 0.005378111344389688, 0.005421047417431507, 0.00534155828368082, 0.00522536982384198, 0.005209724032018963, 0.005209724032018963, 0.005065449191355499, 0.005046720495044484, 0.005065449191355499, 0.004886299046041588, 0.00490297702151146, 0.004851425206123685, 0.004810872041108386, 0.004810872041108386, 0.004952673984004674, 0.005264590997157039, 0.0052397226909017824, 0.005209724032018963, 0.00519277362872518, 0.00490297702151146, 0.005018171062880035, 0.004969129189099352, 0.005091168824543142, 0.005026622999142686, 0.005046720495044484, 0.004800680223910451, 0.004467387493872472, 0.00452042981521511, 0.00452042981521511, 0.004279233194708356, 0.004295227536677974, 0.004517539514526256, 0.0047294129592133855, 0.0046626610603029365, 0.004690589797995687, 0.0045970709396842896, 0.004916278665654272, 0.005190257749881415, 0.005375682206350508, 0.005299826720309459, 0.005382359697973311, 0.0055402055513329475, 0.005540794903555383, 0.005436085025840128, 0.00565685424949238, 0.005478566772208861, 0.005421649722573907, 0.005910350657783275, 0.006019831172627583, 0.005818478656620734, 0.005865986355112613, 0.005929655666776158, 0.006167723755692259, 0.006019831172627583, 0.006038786200513328, 0.005960961434574945, 0.005737666453056557, 0.005737666453056557, 0.005771145679064045, 0.005569010464258476, 0.005993193418115152, 0.0060452713853431745, 0.006176188640452053, 0.006099046429314896, 0.006101187572589321, 0.006092618484691127, 0.005903164146351981, 0.005958221896108377, 0.005993738229117424, 0.00591863194341671, 0.005863202440402588, 0.005841442371503107, 0.006069529114640558, 0.005850379370221235, 0.005854842753949024, 0.0058252091142284145, 0.005827450872677468, 0.006092618484691127, 0.006019831172627583, 0.006073831457278722, 0.006019831172627583, 0.005993193418115152, 0.006507264386508232, 0.00674382559631174, 0.0067920722094188014, 0.00670497835148463, 0.006676183683170241, 0.006905070600652828, 0.006921601796446501, 0.0069371522711162295, 0.006889921654718816, 0.006857142857142857, 0.006809357307321706, 0.006614763944451557, 0.0063631592718057396, 0.006565214453186318, 0.006697669408846938, 0.006743825596311739, 0.006477590885002648, 0.006435107788133619, 0.0063882545283017135, 0.0065132831308685754, 0.0063882545283017135, 0.006828989825795344, 0.006663945022680343, 0.006687911726787826, 0.006563224692736562, 0.0066879117267878265, 0.006736558801776759, 0.006585574835833797, 0.006462955664273688, 0.0065358040587120995, 0.005798803535987367, 0.00565685424949238, 0.0057119995426741935, 0.005329318216532132, 0.005324414310992529, 0.005375682206350508, 0.005214735792708496, 0.00529982672030946, 0.005237852808242738, 0.005069959545787163, 0.004827810590945011, 0.004780914437337574, 0.004759694725247726, 0.004712813622974917, 0.004827810590945012, 0.004835920020945301, 0.00478364560833288, 0.004563564664708893, 0.0044262666813799055, 0.004441731598356292, 0.0044329011093073075, 0.0042677719656772205, 0.004199125273342591, 0.004267771965677221, 0.0041905627696683665, 0.004288380123267136, 0.004292185590448897, 0.0044380543631880225, 0.0042944672521270716, 0.00451464736345227, 0.004505959772278017, 0.004780914437337574, 0.004795235730835942, 0.004657055213899243, 0.0047294129592133855, 0.004987494565492411, 0.00497438335835894, 0.0047542032959889124, 0.004764494533868761, 0.0047542032959889124, 0.004764494533868761, 0.004841318761137174, 0.004848732213850611, 0.004841318761137174, 0.004712120714991612, 0.004787057380828743, 0.005039598299508421, 0.00495596939589635, 0.0051390462070667695, 0.005436085025840128, 0.005542562584220407, 0.005469619245786451, 0.00527202861470665, 0.005333605435235673, 0.0055219044333842445, 0.0054624506722659545, 0.0054624506722659545, 0.005696543885980162, 0.005703418237499047, 0.0056712666403654875, 0.005682195608985624, 0.00574903718647119, 0.005230366592685215, 0.005086035302870087, 0.004889639192064321, 0.0049029770215114595, 0.004865538961693258, 0.005252793231671496, 0.005436085025840128, 0.0054576663922394145, 0.005517171709623454, 0.005897076411585798, 0.006006798869036754, 0.0060775935087123804, 0.00606306987643476, 0.006091010438610766, 0.006144385192007017, 0.006037163815797573, 0.0060775935087123804, 0.006414269805898185, 0.006120424154969547, 0.006173544610774631, 0.006381606220943413, 0.006565711799079475, 0.006499733118539937, 0.00646497628513415, 0.006347231438885422, 0.006066838601136913, 0.006030669912359384, 0.006030669912359384, 0.0061145527311522, 0.006198880741632282, 0.006092618484691127, 0.006167723755692259, 0.006101722741010384, 0.006066838601136913, 0.005771711449927525, 0.005696543885980162, 0.0054809503123573935, 0.005498200076537107, 0.005378111344389688, 0.005333605435235673, 0.005480950312357394, 0.005502355710724902, 0.005360475154083919, 0.005382359697973311, 0.005360475154083919, 0.005734820246991716, 0.005714857114288571, 0.005903164146351981, 0.005903164146351981, 0.005696543885980162, 0.005528995923164291, 0.005454674086300217, 0.005436085025840128, 0.005010356620978965, 0.004997958767010257, 0.0049029770215114595, 0.004797958749641905, 0.00482239672819249, 0.004742512896284898, 0.004444671196029727, 0.00441222790685622, 0.004467387493872472, 0.004467387493872472, 0.004485623292980655, 0.004611255086133032, 0.004628924148817974, 0.004797958749641905, 0.004797958749641905, 0.0049815987926179126, 0.004934840733116368, 0.004714891735939719, 0.004628924148817974, 0.004499433070863892, 0.004549231825713176, 0.004549231825713176, 0.004452745083149293, 0.004572142801348003, 0.0045970709396842896, 0.0045970709396842896, 0.00452042981521511, 0.0044768793796116325, 0.004525483399593904, 0.004667560652951346, 0.004759694725247726, 0.004616916543251236, 0.004769974115362104, 0.0048494056021204865, 0.004597070939684289, 0.004642307659791978, 0.004592096137797587, 0.004571428571428572, 0.004868222656856883, 0.004868222656856883, 0.004969129189099353, 0.0047148917359397195, 0.004625395735965271, 0.004408526062168208, 0.0043974018303019405, 0.0043705881545081015, 0.004589250972631146, 0.004589250972631146, 0.004886299046041588, 0.005018171062880035, 0.005091168824543142, 0.005026622999142685, 0.0053610842643812195, 0.005259626742401761, 0.00534155828368082, 0.005378111344389688, 0.00527202861470665, 0.005469619245786452, 0.0058587454253605925, 0.005921389798253206, 0.005561382884844087, 0.0055807248450285, 0.005421047417431507, 0.005360475154083919, 0.005018171062880034, 0.005280074210981261, 0.005280074210981261, 0.005069959545787163, 0.004848732213850611, 0.00481900997538469, 0.004767920010286435, 0.00490297702151146, 0.004915614438310073, 0.005175136792040045, 0.005214735792708496, 0.00526272995037863, 0.005227244171899096, 0.005200313962264438, 0.005100780252439176, 0.005126959555693246, 0.005289342384185661, 0.005385392184380989, 0.005324414310992529, 0.005227244171899096, 0.0052347348528451595, 0.005200313962264437, 0.005100780252439176, 0.004997958767010258, 0.004971100153355782, 0.0049480567201804024, 0.004848732213850611, 0.004814264518817267, 0.004876264880384726, 0.004701020297417859, 0.004639493286899301, 0.0046310399061382426, 0.004756263324956528, 0.005154906519471502, 0.005333605435235673, 0.005394479415408433, 0.005317049972321425, 0.005438487184607762, 0.00536047515408392, 0.005151738363238695, 0.005502355710724902, 0.005671266640365488, 0.005638931726879496, 0.005638931726879496, 0.005771145679064045, 0.005730833183716992, 0.0055219044333842445, 0.005598833697790122, 0.0056735692253732165, 0.005498200076537107, 0.005631398854745106, 0.005362911180182888, 0.00527202861470665, 0.005394479415408433, 0.005394479415408433, 0.005557271390360781, 0.006008972882451777, 0.005714857114288571, 0.005734820246991716, 0.0058475880253559, 0.005750740857329886, 0.005289342384185661, 0.005200313962264437, 0.005137139679007439, 0.005137139679007439, 0.005164399326946288, 0.005227244171899096, 0.0050233739373339225, 0.005197173486126662, 0.005442688411332872, 0.005382359697973311, 0.005421047417431508, 0.005746196612560702, 0.00519277362872518, 0.005174505793221381, 0.004957945591653454, 0.0048244276386755275, 0.004756263324956528, 0.004891642184921759, 0.004891642184921759, 0.005046720495044484, 0.00493947035085127, 0.004891642184921759, 0.004891642184921759, 0.005321347075119002, 0.005502355710724902, 0.005502355710724902, 0.005502355710724902, 0.00565685424949238, 0.005438487184607762, 0.005587741685408976, 0.005454674086300217, 0.005394479415408433, 0.005469619245786451, 0.005317049972321425, 0.005483332816409214, 0.0053145929250680785, 0.0052397226909017824, 0.005252793231671496, 0.005162502161881249, 0.0051466652567760925, 0.005378111344389688, 0.005645876226711575, 0.0057393734991953, 0.0057852733518047395, 0.005645876226711576, 0.0058414423715031066, 0.005624436479709387, 0.005613395058396715, 0.005587741685408976, 0.005700554931812538, 0.005566078016862135, 0.005584819073312282, 0.00564298372371589, 0.005650501151694965, 0.005883217223421143, 0.00620151396920172, 0.006141727470877442, 0.006071142850419852, 0.005829691769077417, 0.005703418237499047, 0.005691956372543519, 0.00564298372371589, 0.0053145929250680785, 0.005624436479709387, 0.0057393734991953, 0.00597190702116064, 0.0059075876495177536, 0.005980103063749087, 0.00597190702116064, 0.00597190702116064, 0.006034458871974439, 0.006316289274889302, 0.006259686371487613, 0.005795987352277013, 0.005816794825401385, 0.005928003415130252, 0.005829691769077417, 0.005829691769077417, 0.005746196612560702, 0.006008972882451777, 0.005753579187722001, 0.005787530579105534, 0.005760385474629847, 0.005829691769077417, 0.005645876226711576, 0.005693677123237098, 0.005205334783093363, 0.005111012519999519, 0.004948056720180403, 0.00488161900209681, 0.00488161900209681, 0.004712120714991612, 0.004712120714991612, 0.004671057215471041, 0.004740446891875689, 0.004712120714991612, 0.005036357608349875, 0.005276981202566947, 0.005382359697973311, 0.0053610842643812195, 0.005214735792708496, 0.005133960558906561, 0.005047367469022534, 0.004957945591653454, 0.004932193286180591, 0.004982254223025672, 0.004961237501976741, 0.004737001548814333, 0.005111012519999519, 0.005394479415408433, 0.005394479415408433, 0.005378111344389688, 0.005259626742401761, 0.005217865698633838, 0.005299826720309459, 0.0054594609885696855, 0.005421649722573907, 0.005421649722573907, 0.0054426884113328725, 0.005421649722573906, 0.005126959555693246, 0.004971100153355782, 0.004942774565784207, 0.005237852808242737, 0.005197173486126662, 0.005276981202566947, 0.005214735792708496, 0.005324414310992529, 0.005411401417943641, 0.005445687303186039, 0.005450482098130478, 0.005411401417943641, 0.005671266640365488, 0.00563603565985735, 0.005619790104294513, 0.005615721372238143, 0.005348888879468143, 0.005098859416275249, 0.004918270809451432, 0.004969129189099352, 0.005098859416275249, 0.005252793231671496, 0.005162502161881249, 0.005129506480617202, 0.005239722690901783, 0.005239722690901783, 0.00516250216188125, 0.005348888879468143, 0.005287490049201811, 0.005469619245786451, 0.0055549205986353085, 0.005542562584220407, 0.005436085025840128, 0.00564298372371589, 0.005650501151694965, 0.005821283959641164, 0.005827450872677468, 0.00598719722509998, 0.005916976613516227, 0.0059075876495177536, 0.0058726623660232775, 0.0058726623660232775, 0.0058726623660232775, 0.005827450872677468, 0.005580724845028499, 0.005514211694543917, 0.005573113298393878, 0.00560116605935673, 0.005829691769077417, 0.0059075876495177536, 0.0057393734991953, 0.0055549205986353085, 0.0055549205986353085, 0.0055549205986353085, 0.005362911180182887, 0.005264590997157039, 0.005275124527014524, 0.005237229365663817, 0.005466633482560638, 0.005666082402852818, 0.005549627676424678, 0.005783015243462744, 0.005727983582236191, 0.005604080146260784, 0.005421047417431508, 0.0054904741254694, 0.005592414687844271, 0.005700554931812538, 0.005869881617552575, 0.005542562584220407, 0.005317049972321425, 0.005394479415408433, 0.005514211694543917, 0.005348888879468143, 0.005348888879468143, 0.005469619245786451, 0.005317049972321425, 0.005438487184607762, 0.0054624506722659545, 0.005442688411332872, 0.0054095908781891956, 0.005438487184607762, 0.005480950312357394, 0.005480950312357394, 0.005480950312357394, 0.005438487184607762, 0.005638931726879495, 0.005481546035451632, 0.005481546035451632, 0.005421649722573907, 0.005382359697973311, 0.005645876226711576, 0.005760385474629847, 0.005615721372238143, 0.005689087298127379, 0.005703418237499047, 0.005728553615932407, 0.005773408429858326, 0.005773408429858326, 0.005852053538053535, 0.005852053538053535, 0.005869881617552575, 0.005938459911664722, 0.005932408396912261, 0.006047431568147636, 0.00598719722509998, 0.005832491678834481, 0.0059980949356560585, 0.006154474065296576, 0.006034458871974439, 0.005980103063749088, 0.006141727470877442, 0.006088329417996436, 0.0059980949356560585, 0.005892090859268681, 0.005783015243462744, 0.00595219047314276, 0.006006255242729561, 0.006112416269615579, 0.006114552731152199, 0.005836409295910265, 0.005836409295910265, 0.005836409295910265, 0.005951641858876131, 0.0058414423715031066, 0.00595219047314276, 0.005947251122860657, 0.006001904459657547, 0.005888210289057556, 0.006159247237334465, 0.006219915348200127, 0.006577636818983622, 0.006626600692262502, 0.006724430026676868, 0.006720544195652186, 0.006464976285134149, 0.006367776019032974, 0.006311634866964149, 0.0065756508174833455, 0.006625122255321722, 0.00647305246103145, 0.006525804352643404, 0.006218340220833918, 0.006167723755692259, 0.006165605718625788, 0.006219915348200128, 0.006167723755692259, 0.0061656057186257884, 0.006114018685757831, 0.006527805519311923, 0.0065273052851628054, 0.006626600692262503, 0.006577140374828872, 0.006375463168448619, 0.006424951361683605, 0.006311634866964149, 0.00640866760006815, 0.00634311453789196, 0.0066937680429071415, 0.006595483921841164, 0.006553266828265807, 0.0064452482100998965, 0.0067249155976798975, 0.006714711232716974, 0.006703517200480868, 0.006775224975555259, 0.006800240091799881, 0.006823249569954008, 0.006746246121710494, 0.006614763944451557, 0.006378023492702844, 0.006529806072689967, 0.006347231438885422, 0.006497220755909438, 0.006446767897677922, 0.006363672409121344, 0.00631163486696415, 0.006226211872857708, 0.006207829158179441, 0.006278437346203598, 0.006259686371487614, 0.0062073031378286955, 0.006066838601136913, 0.006120424154969548, 0.005921389798253207, 0.005843677902534621, 0.0058167948254013845, 0.005728553615932407, 0.005795987352277014, 0.005861531456915348, 0.005771145679064045, 0.005776235621854745, 0.005727983582236191, 0.005495824017620384, 0.005839205984602037, 0.005932408396912261, 0.0062204403020220695, 0.0062204403020220695, 0.00628259662943303, 0.00626177258596696, 0.0063137039163122894, 0.006236691954122173, 0.006236691954122173, 0.00616984106566046, 0.006222539674441618, 0.006207303137828695, 0.0061909743389313215, 0.006084574004507344, 0.005843677902534621, 0.005843677902534621, 0.005771145679064045, 0.005703418237499047, 0.0058167948254013845, 0.005716570971611337, 0.005773408429858326, 0.005852053538053535, 0.005897076411585799, 0.0057852733518047395, 0.005795987352277014, 0.006101187572589321, 0.006212035717468312, 0.006052289160444389, 0.00634311453789196, 0.006259686371487613, 0.006154474065296576, 0.006154474065296576, 0.006154474065296576, 0.005836409295910265, 0.005832491678834481, 0.005719426259223374, 0.005554920598635309, 0.005780191367497962, 0.005719426259223373, 0.00576491853492187, 0.005852053538053535, 0.005940658934110641, 0.006144385192007017, 0.0060371638157975735, 0.006008972882451777, 0.006116688446456989, 0.006116688446456989, 0.006116688446456989, 0.006116688446456989, 0.005852053538053535, 0.0057575504995702855, 0.005813987356332299, 0.005526042241708152, 0.005592414687844271, 0.0053537703670270675, 0.005421047417431508, 0.005250306113524648, 0.005250306113524648, 0.005121224343407561, 0.005184592558726288, 0.005180182015555604, 0.005103980039625739, 0.005397505092585814, 0.0055549205986353085, 0.005514211694543917, 0.005333605435235673, 0.005615721372238143, 0.005865986355112612, 0.005903164146351981, 0.005883772217736176, 0.006207829158179441, 0.006138004727989082, 0.006207829158179441, 0.0060279620545099855, 0.005874330183266925, 0.005960961434574946, 0.005984469696725049, 0.006069529114640557, 0.005960961434574946, 0.00582801117755571, 0.005810054620558877, 0.005903164146351981, 0.005903164146351981, 0.005753579187722, 0.005657431450070332, 0.005771711449927525, 0.005903164146351981, 0.00582801117755571, 0.00582801117755571, 0.005728553615932407, 0.005897076411585798, 0.006135344242957508, 0.0061550046005387415, 0.0060818901465828894, 0.006412233206448246, 0.006303351878005795, 0.006123091122787508, 0.0061273558568046595, 0.0061273558568046595, 0.0061273558568046595, 0.006073831457278723, 0.0061273558568046595, 0.006180416735173136, 0.006207303137828695, 0.006259686371487614, 0.006285194783726894, 0.006614763944451557, 0.006489677832323184, 0.006384164081569972, 0.006527805519311923, 0.006344658688814634, 0.005973547129312905, 0.0061459792730280014, 0.006188336626596975, 0.006167723755692259, 0.006038786200513329, 0.005991013678665672, 0.006073831457278723, 0.006038786200513328, 0.0059390097436099465, 0.005921389798253207, 0.006259686371487613, 0.006353401788468465, 0.006272713828600042, 0.006365211572865975, 0.006404590190652645, 0.006353401788468465, 0.006416305758911178, 0.006416305758911178, 0.006703517200480868, 0.006665904718362371, 0.006495712871909111, 0.006194665249310927, 0.006034458871974439, 0.005971907021160641, 0.006272713828600042, 0.006301797605542761, 0.006220440302022069, 0.006177774515080951, 0.006167723755692258, 0.006156595931956861, 0.0060609152673132645, 0.006209406951865657, 0.006184113946728541, 0.006274795711773396, 0.0063302319653148476, 0.0063302319653148476, 0.006347231438885424, 0.006243494573537798, 0.006084574004507344, 0.006066838601136913, 0.005921389798253206, 0.005899290860184911, 0.005899290860184911, 0.0060775935087123804, 0.005938459911664723, 0.005921389798253206, 0.005883772217736176, 0.005734820246991716, 0.0058475880253559005, 0.005939009743609946, 0.0057852733518047395, 0.005750740857329886, 0.005750740857329886, 0.005750740857329886, 0.0055402055513329475, 0.0055219044333842445, 0.005657431450070332, 0.005321347075119002, 0.005154906519471502, 0.00534155828368082, 0.0054426884113328725, 0.005438487184607762, 0.005483332816409214, 0.0053262538046770485, 0.005362911180182888, 0.005714285714285714, 0.005810054620558877, 0.005807243892988572, 0.005818478656620734, 0.005897076411585798, 0.0057852733518047395, 0.005929655666776159, 0.005918631943416709, 0.005874330183266925, 0.005905929224093361, 0.005768882040742383, 0.005993193418115152, 0.005938459911664723, 0.0062073031378286955, 0.006207303137828695, 0.006557251788699911, 0.00655725178869991, 0.006435107788133619, 0.006375975315548971, 0.006446767897677922, 0.006446767897677922, 0.006477590885002648, 0.006497220755909438, 0.006483133533112153, 0.006583095233789563, 0.006565711799079475, 0.006446767897677922, 0.006477590885002648, 0.006272713828600042, 0.0063549434397521575, 0.0063549434397521575, 0.006324555320336759, 0.006395917064975188, 0.006477590885002648, 0.006363672409121344, 0.006363672409121344, 0.006579622221026719, 0.00646497628513415, 0.00631163486696415, 0.006455372703004365, 0.006543293809508406, 0.006734134794357136, 0.006676183683170241, 0.006676183683170241, 0.0065870621490238, 0.006701081240808707, 0.006761234037828133, 0.006772814806870425, 0.006772814806870425, 0.0067713682938848165, 0.006912160240017115, 0.006912160240017116, 0.0066717803516920795, 0.006527805519311923, 0.006527805519311923, 0.0065273052851628054, 0.0065273052851628054, 0.0064755742003694, 0.006371364509607476, 0.006058759891972237, 0.006114018685757831, 0.006001904459657546, 0.006159247237334465, 0.006095297618756978, 0.006041489206870661, 0.006268027063223811, 0.006577636818983622, 0.006675694567547536, 0.0065756508174833455, 0.006577140374828872, 0.00662709343128183, 0.006375463168448618, 0.006264379377048602, 0.006259686371487613, 0.006324039009031736, 0.006324039009031736, 0.006319907000090738, 0.00640866760006815, 0.0065032487956373924, 0.006503248795637392, 0.006503248795637392, 0.006712765785411846, 0.006663945022680343, 0.006663945022680343, 0.006668353528083991, 0.0063677760190329735, 0.0064755742003693995, 0.006477086772710744, 0.00647305246103145, 0.00647305246103145, 0.006523302031008154, 0.006577140374828872, 0.0066717803516920795, 0.006809357307321706, 0.006668353528083991, 0.006477086772710745, 0.006426475848918651, 0.006523302031008154, 0.006527805519311923, 0.006676183683170241, 0.006525804352643404, 0.0065756508174833455, 0.0065756508174833455, 0.006426983930972567, 0.006527805519311921, 0.006527805519311921, 0.006426983930972567, 0.006426475848918651, 0.006426983930972567, 0.006272193249834168, 0.006114552731152198, 0.0062706312542303595, 0.006159247237334465, 0.006159247237334465, 0.006159247237334465, 0.0062120357174683125, 0.006259686371487614, 0.006259686371487614, 0.006367776019032974, 0.006268027063223812, 0.006375463168448618, 0.006477590885002648, 0.006426475848918651, 0.0065273052851628054, 0.006525804352643404, 0.00647305246103145, 0.006573167471793557, 0.006573167471793557, 0.006765579149229562, 0.006755919551000577, 0.006701081240808708, 0.006701081240808708, 0.006553266828265806, 0.006422409745475254, 0.00643662986986456, 0.0064020404910449915, 0.0064020404910449915, 0.006869037302955033, 0.006925374814876853, 0.00693338566175962, 0.00693338566175962, 0.006559741159652007, 0.00670741289582668, 0.006559741159652007, 0.0064020404910449915, 0.0064452482100998965, 0.006452843069025419, 0.00650977287293058, 0.0063508315380341965, 0.006268027063223812, 0.006272193249834169, 0.006219915348200128, 0.006473052461031449, 0.006573167471793557, 0.006525804352643404, 0.00640866760006815, 0.006515288143423646, 0.0066937680429071415, 0.006685470081010132, 0.0069164105353772595, 0.0070101966550773125, 0.007036232758271391, 0.0070101966550773125, 0.0069164105353772595, 0.00687806332495135, 0.0068361583674231684, 0.0068361583674231684, 0.006977982867416571, 0.0069896716807073015, 0.0069896716807073015, 0.006800240091799881, 0.0068590473545708155, 0.006752051842338938, 0.006691328534082034, 0.006565214453186319, 0.0066167382062309165, 0.006676183683170241, 0.006545788488698326, 0.0064020404910449915, 0.006495712871909112, 0.0064452482100998965, 0.006291425976384569, 0.0063508315380341965, 0.00640866760006815, 0.0062120357174683125, 0.006207303137828695, 0.006047431568147636, 0.006095297618756979, 0.006052289160444389, 0.0062120357174683125, 0.006101187572589321, 0.006041489206870662, 0.006080279263189097, 0.0063137039163122894, 0.0063137039163122894, 0.006416305758911177, 0.0063759753155489705, 0.0064669962746491914, 0.006809357307321706, 0.006809357307321706, 0.006794475547029636, 0.006663945022680343, 0.006493198953756248, 0.006642350211072179, 0.006642350211072179, 0.0062888303964331906, 0.0063636724091213435, 0.00662709343128183, 0.006676183683170241, 0.00670497835148463, 0.006974706489325906, 0.006784857088714966, 0.006638908196444376, 0.006589540258343258, 0.0065132831308685754, 0.006485651352746905, 0.006336934171496305, 0.0063631592718057396, 0.006439165873221247, 0.006412233206448246, 0.006412233206448246, 0.006435107788133619, 0.006435107788133619, 0.006462955664273688, 0.006539799659915946, 0.006732679970994963, 0.00670497835148463, 0.006303351878005795, 0.0060609152673132645, 0.0060279620545099855, 0.006066838601136913, 0.006173544610774631, 0.005954384424737038, 0.005899290860184911, 0.005969172506148844, 0.006156595931956861, 0.00628259662943303, 0.00628259662943303, 0.006026336755764447, 0.006017118437068884, 0.0057393734991953, 0.005728553615932407, 0.00560116605935673, 0.005613395058396714, 0.005333605435235673, 0.005348888879468143, 0.0056313988547451056, 0.0056313988547451056, 0.005423456236664993, 0.005514211694543917, 0.005587741685408976, 0.005197173486126662, 0.005111651356639725, 0.005036357608349875, 0.004942774565784208, 0.005036357608349875, 0.005276981202566947, 0.005883217223421143, 0.005843677902534621, 0.005921389798253206, 0.005973547129312905, 0.0060279620545099855, 0.0058184786566207345, 0.005768882040742383, 0.005768882040742383, 0.005728553615932407, 0.005771711449927525, 0.005657431450070332, 0.005657431450070332, 0.005657431450070332, 0.005421047417431508, 0.005402342651336454, 0.005421047417431508, 0.005321347075119002, 0.005421047417431508, 0.005753579187722001, 0.005791478609974824, 0.00582801117755571, 0.005771711449927525, 0.006006798869036754, 0.006240879058960479, 0.006272713828600042, 0.006272713828600042, 0.006363672409121344, 0.006260207990285359, 0.0063816062209434135, 0.006347231438885424, 0.006533305567065807, 0.006565711799079475, 0.006497220755909438, 0.006363672409121344, 0.006432570184900704, 0.006432570184900704, 0.006312152192883379, 0.006483133533112154, 0.006483133533112154, 0.006483133533112154, 0.006730254566553352, 0.006527805519311921, 0.0065358040587120995, 0.006773296909216971, 0.0070101966550773125, 0.00710274451123203, 0.007028339136695679, 0.006869037302955033, 0.006656100470199331, 0.00680168046462469, 0.006773296909216971, 0.006869037302955033, 0.0069164105353772595, 0.006923960173903077, 0.0070838707279139365, 0.007074645732819274, 0.007120651197003527, 0.00716636132872726, 0.00723934826246853, 0.007194101892579526, 0.0070101966550773125, 0.0072117817436724565, 0.0072117817436724565, 0.007273547263606552, 0.0071375980639462305, 0.0069371522711162295, 0.006951728606055108, 0.007375192837326703, 0.007442185327508284, 0.007309373350398117, 0.007309373350398117, 0.007319640896734133, 0.00729819659021239, 0.007353910524340094, 0.007625521059479898, 0.007625521059479898, 0.007625521059479898, 0.007727607544858042, 0.007886956423909863, 0.007960719893608229, 0.007858337571506781, 0.007615665916184794, 0.007615665916184794, 0.007408324055150561, 0.00725556788308968, 0.007389346992772218, 0.007389346992772218, 0.0073574618516142635, 0.0073450246939749655, 0.007262315367002174, 0.007317856271351827, 0.007312946305933704, 0.00732187106676752, 0.006962992553932716, 0.006912160240017115, 0.0069592399303489505, 0.0068208563709150965, 0.007009730845803728, 0.007282520308300989, 0.007415813220024202, 0.00741361130981799, 0.007450517034517313, 0.00722806322324201, 0.0072172129846157455, 0.0072172129846157455, 0.007182745765700877, 0.007045044574821687, 0.0069985421222376505, 0.0069985421222376505, 0.0070861751002229975, 0.006940446377457818, 0.006940446377457818, 0.006980322195943657, 0.007202720574440563, 0.006925374814876853, 0.006925374814876853, 0.006925374814876853, 0.006925374814876853, 0.006782450342837847, 0.006782450342837847, 0.00698733548234641, 0.006993407974803186, 0.00698733548234641, 0.00698733548234641, 0.006782450342837847, 0.006838546211419083, 0.006685470081010132, 0.006869037302955033, 0.006925374814876853, 0.007019041157844154, 0.007119275358676124, 0.00723934826246853, 0.0075207468148489895, 0.007477203449724464, 0.0073450246939749655, 0.007389346992772218, 0.007692455885542692, 0.007319640896734133, 0.007319640896734133, 0.007082487744646031, 0.007082487744646031, 0.007082487744646031, 0.006980322195943657, 0.006980322195943657, 0.0070101966550773125, 0.006859047354570815, 0.00695360719779486, 0.0069164105353772595, 0.00690648911073743, 0.007033912024424739, 0.007095385105539965, 0.007141256963616991, 0.006951728606055109, 0.006761234037828133, 0.006851902759713642, 0.006722973103243741, 0.006765579149229562, 0.006765579149229562, 0.006717142249498666, 0.006819420048355899, 0.006724430026676868, 0.006773296909216971, 0.0068208563709150965, 0.007002739988528689, 0.006998542122237651, 0.006912160240017115, 0.007002739988528689, 0.0069592399303489505, 0.0069592399303489505, 0.00713714056959817, 0.00713714056959817, 0.00713714056959817, 0.0071261518939976665, 0.006993407974803188, 0.0071261518939976665, 0.007210423294206288, 0.007210423294206288, 0.00695360719779486, 0.007202720574440563, 0.0069427983536605635, 0.006859047354570815, 0.006811275166057755, 0.006782450342837847, 0.006773296909216971, 0.006773296909216971, 0.00695360719779486, 0.006811275166057755, 0.006734134794357136, 0.006749633398963841, 0.006773296909216971, 0.006782450342837847, 0.006602905977441962, 0.006487161575459828, 0.0064020404910449915, 0.006459418056810773, 0.006452843069025419, 0.006305941480792831, 0.006559741159652007, 0.0064188497920625335, 0.006565214453186319, 0.006569689210802183, 0.0064755742003693995, 0.006809357307321706, 0.006804080408408004, 0.0068571428571428585, 0.007049214748567997, 0.00722806322324201, 0.007186836038542826, 0.007445694551009917, 0.007351690073634464, 0.007268158119426103, 0.0072730983207759175, 0.0070547711457117695, 0.0070547711457117695, 0.007137140569598169, 0.007137140569598169, 0.007002739988528688, 0.006993407974803188, 0.006851902759713643, 0.007039944341152891, 0.007073260945855403, 0.007080182172221046, 0.00717182696673702, 0.00725556788308968, 0.007292825661048602, 0.007495958094540153, 0.007442185327508285, 0.00729819659021239, 0.00729819659021239, 0.007162715253025097, 0.007362342129557215, 0.007058472980491356, 0.00697798286741657, 0.007036232758271392, 0.007253317326913112, 0.007058472980491356, 0.007058472980491356, 0.007030661710083387, 0.006889921654718816, 0.006648737796432815, 0.006746246121710494, 0.006730254566553352, 0.006730254566553352, 0.00710779968249884, 0.00710779968249884, 0.007030661710083387, 0.006905070600652828, 0.006778597772039733, 0.006596969000988257, 0.006615257565133895, 0.006596969000988257, 0.006565711799079475, 0.006477590885002648, 0.00670497835148463, 0.006634972278981815, 0.006485651352746905, 0.006732679970994963, 0.00641477885473085, 0.006395917064975188, 0.006527805519311921, 0.0063549434397521575, 0.0063549434397521575, 0.006309565139127891, 0.006384164081569972, 0.006426983930972567, 0.006324555320336759, 0.006303351878005795, 0.006303351878005795, 0.006006798869036754, 0.005939009743609946, 0.006101722741010383, 0.006101722741010383, 0.005939009743609946, 0.005921389798253206, 0.005921389798253206, 0.005903164146351981, 0.006101187572589321, 0.006030669912359384, 0.005883217223421143, 0.005993193418115152, 0.005827450872677468, 0.005883217223421143, 0.005771145679064045, 0.005921389798253207, 0.005938459911664722, 0.005843677902534621, 0.005883217223421143, 0.00615500460053874, 0.006173544610774631, 0.00620782915817944, 0.0063549434397521575, 0.006507264386508234, 0.006563224692736562, 0.006507264386508234, 0.006535804058712099, 0.006535804058712099, 0.006535804058712099, 0.006606860997848975, 0.006527805519311921, 0.006507264386508234, 0.006585574835833797, 0.006684004665419298, 0.006684004665419298, 0.006563224692736562, 0.006614763944451557, 0.006563224692736562, 0.006563224692736562, 0.006539799659915946, 0.006563224692736562, 0.006336934171496305, 0.006412233206448246, 0.006384164081569972, 0.006634972278981815, 0.00670497835148463, 0.006773296909216971, 0.006743825596311741, 0.00662709343128183, 0.006648737796432815, 0.006648737796432815, 0.006648737796432815, 0.006842365028531689, 0.006775224975555259, 0.006788225099390856, 0.007000408151366196, 0.006788225099390856, 0.006918298717376776, 0.006788225099390856, 0.0067249155976798975, 0.006782450342837846, 0.0069896716807073015, 0.006977982867416571, 0.007116981703744122, 0.0072194747957542325, 0.007241152236646163, 0.0072730983207759175, 0.007214045257661739, 0.0072730983207759175, 0.007273547263606552, 0.0072569178817771625, 0.00723934826246853, 0.00723934826246853, 0.007102744511232031, 0.007129816667649016, 0.007129816667649016, 0.0073552424730075824, 0.0073552424730075824, 0.007250165374609305, 0.007295064028757628, 0.007317856271351827, 0.007317856271351827, 0.007295064028757628, 0.007295064028757628, 0.007362342129557215, 0.007494215456345144, 0.0076665187799992785, 0.007644766116735804, 0.0073552424730075824, 0.0073552424730075824, 0.0073552424730075824, 0.0073552424730075824, 0.007373421657465108, 0.007373421657465108, 0.007373421657465108, 0.007373421657465108, 0.007390672555074168, 0.0073339022661186035, 0.007137140569598169, 0.007116981703744122, 0.007116981703744122, 0.007082487744646032, 0.007082487744646032, 0.00697236527664898, 0.00702694522418337, 0.00702694522418337, 0.007019041157844154, 0.007019041157844154, 0.007019041157844154, 0.006893238331428673, 0.006955954724007983, 0.006955954724007983, 0.006817025504917367, 0.006817025504917367, 0.006817025504917367, 0.006817025504917367, 0.006817025504917367, 0.0069145218377627505, 0.0069145218377627505, 0.0069145218377627505, 0.006962992553932716, 0.006962992553932716, 0.006915938409329037, 0.0070547711457117695, 0.0070547711457117695, 0.0070547711457117695, 0.0070547711457117695, 0.0070547711457117695, 0.0070547711457117695, 0.0070547711457117695, 0.0070547711457117695, 0.0070547711457117695, 0.0070547711457117695, 0.0070547711457117695, 0.0070547711457117695, 0.0069088526470000204, 0.0069088526470000204, 0.006899393643869091, 0.006899393643869091, 0.006899393643869091, 0.006899393643869091, 0.006899393643869091, 0.006899393643869091, 0.006899393643869091, 0.006899393643869091, 0.006899393643869091, 0.006899393643869091, 0.006899393643869091, 0.006899393643869091, 0.006899393643869091, 0.006899393643869091, 0.006899393643869091, 0.006899393643869091, 0.006899393643869091, 0.006899393643869091, 0.006899393643869091, 0.006899393643869091, 0.006899393643869091, 0.006899393643869091, 0.006899393643869091, 0.006899393643869091, 0.006899393643869091, 0.006899393643869091, 0.006899393643869091, 0.006899393643869091, 0.006899393643869091, 0.006899393643869091, 0.006899393643869091, 0.006904597699196898, 0.006904597699196898, 0.006904597699196898, 0.006904597699196898, 0.006804080408408004, 0.006804080408408004, 0.006804080408408004, 0.006804080408408004, 0.006804080408408004, 0.006804080408408004, 0.006804080408408004, 0.006804080408408004, 0.006804080408408004, 0.006804080408408004, 0.006804080408408004, 0.006804080408408004, 0.006804080408408004, 0.006804080408408004, 0.006804080408408004, 0.006804080408408004, 0.006804080408408004, 0.006804080408408004, 0.006804080408408004, 0.006804080408408004, 0.006804080408408004, 0.006804080408408004, 0.006804080408408004, 0.006804080408408004, 0.006804080408408004, 0.006804080408408004, 0.006804080408408004, 0.006804080408408004, 0.006809357307321706, 0.006809357307321706, 0.006809357307321706, 0.006809357307321706, 0.006809357307321706, 0.006809357307321706, 0.006809357307321706, 0.006809357307321706, 0.006809357307321706, 0.006809357307321706, 0.006809357307321706, 0.006809357307321706, 0.006809357307321706, 0.006809357307321706, 0.006809357307321706, 0.006809357307321706, 0.006809357307321706, 0.006809357307321706, 0.006809357307321706, 0.006809357307321706, 0.006809357307321706, 0.0068136717303506475, 0.0068136717303506475, 0.0068136717303506475, 0.0068136717303506475, 0.0068136717303506475, 0.0068136717303506475, 0.0068136717303506475, 0.0068136717303506475, 0.0068136717303506475, 0.0068136717303506475, 0.0068136717303506475, 0.0068136717303506475, 0.0068136717303506475, 0.0068136717303506475, 0.0068136717303506475, 0.0068136717303506475, 0.006809357307321706, 0.00690885264700002, 0.00690885264700002, 0.00690885264700002, 0.00690885264700002, 0.00690885264700002, 0.00690885264700002, 0.00690885264700002, 0.00690885264700002, 0.00690885264700002, 0.00690885264700002, 0.00690885264700002, 0.00690885264700002, 0.00690885264700002, 0.00690885264700002, 0.00690885264700002, 0.00690885264700002, 0.00690885264700002, 0.00690885264700002, 0.00690885264700002, 0.00690885264700002, 0.00690885264700002, 0.00690885264700002, 0.00690885264700002, 0.00690885264700002, 0.0069045976991968985, 0.0069045976991968985, 0.0069045976991968985, 0.0069045976991968985, 0.0069045976991968985, 0.0069045976991968985, 0.0069045976991968985, 0.0069045976991968985, 0.0069045976991968985, 0.0069045976991968985, 0.0069045976991968985, 0.0069045976991968985, 0.0069045976991968985, 0.0069045976991968985, 0.0069045976991968985, 0.0069045976991968985, 0.0069045976991968985, 0.0069045976991968985, 0.0069045976991968985, 0.0069045976991968985, 0.0069045976991968985, 0.0069045976991968985, 0.0069045976991968985, 0.0069045976991968985, 0.0069045976991968985, 0.0069045976991968985, 0.0069045976991968985, 0.0069045976991968985, 0.0069045976991968985, 0.0069045976991968985, 0.0069045976991968985, 0.0069045976991968985, 0.0069045976991968985, 0.0069045976991968985, 0.0069045976991968985, 0.0069045976991968985, 0.0069045976991968985, 0.0069045976991968985, 0.006899393643869092, 0.006899393643869092, 0.006899393643869092, 0.006899393643869092, 0.006899393643869092, 0.006899393643869092, 0.006899393643869092, 0.006899393643869092, 0.006899393643869092, 0.006899393643869092, 0.006899393643869092, 0.006899393643869092, 0.006899393643869092, 0.006899393643869092, 0.006899393643869092, 0.006899393643869092, 0.006899393643869092, 0.0069045976991968985, 0.0069045976991968985, 0.0069045976991968985, 0.0069045976991968985, 0.0069045976991968985, 0.0069045976991968985, 0.0069045976991968985, 0.0069045976991968985, 0.0069045976991968985, 0.0069045976991968985, 0.0069045976991968985, 0.0069045976991968985, 0.0069045976991968985, 0.0069045976991968985, 0.0069045976991968985, 0.0069045976991968985, 0.0069045976991968985, 0.0069045976991968985, 0.006899393643869092, 0.006899393643869092, 0.006899393643869092, 0.006899393643869092, 0.006899393643869092, 0.006899393643869092, 0.006899393643869092, 0.006899393643869092, 0.006899393643869092, 0.006899393643869092, 0.006899393643869092, 0.006899393643869092, 0.006899393643869092, 0.006899393643869092, 0.006899393643869092, 0.006899393643869092, 0.006899393643869092, 0.006899393643869092, 0.006899393643869092, 0.006899393643869092, 0.006899393643869092, 0.006899393643869092, 0.006899393643869092, 0.006899393643869092, 0.006899393643869092, 0.006899393643869092, 0.006899393643869092, 0.006899393643869092, 0.006899393643869092, 0.006899393643869092, 0.006899393643869092, 0.006899393643869092, 0.006899393643869092, 0.006899393643869092, 0.006899393643869092, 0.006899393643869092, 0.006899393643869092, 0.006899393643869092, 0.006899393643869092, 0.006899393643869092, 0.006899393643869092, 0.006899393643869092, 0.007045044574821687, 0.007045044574821687, 0.007045044574821687, 0.007045044574821687, 0.007045044574821687, 0.007045044574821687, 0.007045044574821687, 0.007045044574821687, 0.007045044574821687, 0.007045044574821687, 0.007045044574821687, 0.007045044574821687, 0.007045044574821687, 0.007045044574821687, 0.007045044574821687, 0.007045044574821687, 0.007045044574821687, 0.007045044574821687, 0.007045044574821687, 0.006899393643869092, 0.006899393643869092, 0.006899393643869092, 0.006899393643869092, 0.006899393643869092, 0.006899393643869092, 0.006899393643869092, 0.006899393643869092, 0.006899393643869092, 0.006899393643869092, 0.006899393643869092, 0.006899393643869092, 0.006899393643869092, 0.006899393643869092, 0.006899393643869092, 0.006899393643869092, 0.006899393643869092, 0.006899393643869092, 0.006899393643869092, 0.006899393643869092, 0.006899393643869092, 0.006899393643869092, 0.006899393643869092, 0.006899393643869092, 0.006899393643869092, 0.00679783879221168, 0.00679783879221168, 0.00679783879221168, 0.00679783879221168, 0.00679783879221168, 0.00679783879221168, 0.00679783879221168, 0.00679783879221168, 0.00679783879221168, 0.00679783879221168, 0.00679783879221168, 0.00679783879221168, 0.00679783879221168, 0.00679783879221168, 0.00679783879221168, 0.00679783879221168, 0.00679783879221168, 0.00679783879221168, 0.00679783879221168, 0.00679783879221168, 0.00679783879221168, 0.00679783879221168, 0.00679783879221168, 0.00679783879221168, 0.00679783879221168, 0.00679783879221168, 0.00679783879221168, 0.00679783879221168, 0.00679783879221168, 0.00679783879221168, 0.00679783879221168, 0.00679783879221168, 0.00679783879221168, 0.00679783879221168, 0.00679783879221168, 0.00679783879221168, 0.00679783879221168, 0.00679783879221168, 0.00679783879221168, 0.00679783879221168, 0.00679783879221168, 0.00679783879221168, 0.00679783879221168, 0.00679783879221168, 0.00679783879221168, 0.00679783879221168, 0.00679783879221168, 0.00679783879221168, 0.00679783879221168, 0.00679783879221168, 0.00679783879221168, 0.00679783879221168, 0.00679783879221168, 0.00679783879221168, 0.00679783879221168, 0.00679783879221168, 0.00679783879221168, 0.00679783879221168, 0.00679783879221168, 0.00679783879221168, 0.00679783879221168, 0.00679783879221168, 0.00679783879221168, 0.00679783879221168, 0.00679783879221168, 0.00679783879221168, 0.00679783879221168, 0.00679783879221168, 0.00679783879221168, 0.00679783879221168, 0.00679783879221168, 0.00679783879221168, 0.00679783879221168, 0.00679783879221168, 0.00679783879221168, 0.00679783879221168, 0.00679783879221168, 0.00679783879221168, 0.00679783879221168, 0.00679783879221168, 0.00679783879221168, 0.00679783879221168, 0.00679783879221168, 0.00679783879221168, 0.00679783879221168, 0.00679783879221168, 0.00679783879221168, 0.00679783879221168, 0.00679783879221168, 0.00679783879221168, 0.00679783879221168, 0.00679783879221168, 0.00679783879221168, 0.00679783879221168, 0.00679783879221168, 0.00679783879221168, 0.00679783879221168, 0.00679783879221168, 0.00679783879221168, 0.00679783879221168, 0.00679783879221168, 0.00679783879221168, 0.00679783879221168, 0.00679783879221168, 0.00679783879221168, 0.00679783879221168, 0.00679783879221168, 0.00679783879221168, 0.00679783879221168, 0.00679783879221168, 0.00679783879221168, 0.00679783879221168, 0.00679783879221168, 0.00679783879221168, 0.00679783879221168, 0.00679783879221168, 0.00679783879221168, 0.00679783879221168, 0.00679783879221168, 0.00679783879221168, 0.00679783879221168, 0.00679783879221168, 0.00679783879221168, 0.00679783879221168, 0.00679783879221168, 0.00679783879221168, 0.00679783879221168, 0.00679783879221168, 0.00679783879221168, 0.00679783879221168, 0.00679783879221168, 0.00679783879221168, 0.00679783879221168, 0.00679783879221168, 0.00674237286396523, 0.00674237286396523, 0.00674237286396523, 0.00674237286396523, 0.00674237286396523, 0.00674237286396523, 0.00674237286396523, 0.00674237286396523, 0.00674237286396523, 0.00674237286396523, 0.00674237286396523, 0.00674237286396523, 0.00674237286396523, 0.00674237286396523, 0.00674237286396523, 0.00674237286396523, 0.00674237286396523, 0.00674237286396523, 0.00674237286396523, 0.00674237286396523, 0.00674237286396523, 0.00674237286396523, 0.00674237286396523, 0.00674237286396523, 0.00674237286396523, 0.00674237286396523, 0.00674237286396523, 0.00674237286396523, 0.00674237286396523, 0.00674237286396523, 0.00674237286396523, 0.00674237286396523, 0.00674237286396523, 0.00674237286396523, 0.00674237286396523, 0.00674237286396523, 0.00674237286396523, 0.00674237286396523, 0.00674237286396523, 0.00674237286396523, 0.00674237286396523, 0.00674237286396523, 0.00674237286396523, 0.00674237286396523, 0.00674237286396523, 0.00674237286396523, 0.00674237286396523, 0.00674237286396523, 0.00674237286396523, 0.00674237286396523, 0.00674237286396523, 0.00674237286396523, 0.00674237286396523, 0.00674237286396523, 0.00674237286396523, 0.00674237286396523, 0.00674237286396523, 0.00674237286396523, 0.00674237286396523, 0.00674237286396523, 0.00674237286396523, 0.00674237286396523, 0.00674237286396523, 0.00674237286396523, 0.00674237286396523, 0.00674237286396523, 0.006685470081010132, 0.006685470081010132, 0.006685470081010132, 0.006685470081010132, 0.006685470081010132, 0.006685470081010132, 0.006685470081010132, 0.006685470081010132, 0.006685470081010132, 0.006685470081010132, 0.006685470081010132, 0.006685470081010132, 0.006685470081010132, 0.006685470081010132, 0.006685470081010132, 0.006685470081010132, 0.006685470081010132, 0.006685470081010132, 0.006685470081010132, 0.006685470081010132, 0.006685470081010132, 0.006685470081010132, 0.006685470081010132, 0.006685470081010132, 0.006685470081010132, 0.006685470081010132, 0.006685470081010132, 0.006685470081010132, 0.006685470081010132]"
1,"[1.0, 2.0, 3.0, 4.0, 5.0, 6.0, 7.0, 8.0, 9.0, 10.0, 11.0, 12.0, 13.0, 14.0, 15.0, 16.0, 17.0, 18.0, 19.0, 20.0, 21.0, 22.0, 23.0, 24.0, 25.0, 26.0, 27.0, 28.0, 29.0, 30.0, 31.0, 32.0, 33.0, 34.0, 35.0, 36.0, 37.0, 38.0, 39.0, 40.0, 41.0, 42.0, 43.0, 44.0, 45.0, 46.0, 47.0, 48.0, 49.0, 50.0, 51.0, 52.0, 53.0, 54.0, 55.0, 56.0, 57.0, 58.0, 59.0, 60.0, 61.0, 62.0, 63.0, 64.0, 65.0, 66.0, 67.0, 68.0, 69.0, 70.0, 71.0, 72.0, 73.0, 74.0, 75.0, 76.0, 77.0, 78.0, 79.0, 80.0, 81.0, 82.0, 83.0, 84.0, 85.0, 86.0, 87.0, 88.0, 89.0, 90.0, 91.0, 92.0, 93.0, 94.0, 95.0, 96.0, 97.0, 98.0, 99.0, 100.0, 101.0, 102.0, 103.0, 104.0, 105.0, 106.0, 107.0, 108.0, 109.0, 110.0, 111.0, 112.0, 113.0, 114.0, 115.0, 116.0, 117.0, 118.0, 119.0, 120.0, 121.0, 122.0, 123.0, 124.0, 125.0, 126.0, 127.0, 128.0, 129.0, 130.0, 131.0, 132.0, 133.0, 134.0, 135.0, 136.0, 137.0, 138.0, 139.0, 140.0, 141.0, 142.0, 143.0, 144.0, 145.0, 146.0, 147.0, 148.0, 149.0, 150.0, 151.0, 152.0, 153.0, 154.0, 155.0, 156.0, 157.0, 158.0, 159.0, 160.0, 161.0, 162.0, 163.0, 164.0, 165.0, 166.0, 167.0, 168.0, 169.0, 170.0, 171.0, 172.0, 173.0, 174.0, 175.0, 176.0, 177.0, 178.0, 179.0, 180.0, 181.0, 182.0, 183.0, 184.0, 185.0, 186.0, 187.0, 188.0, 189.0, 190.0, 191.0, 192.0, 193.0, 194.0, 195.0, 196.0, 197.0, 198.0, 199.0, 200.0, 201.0, 202.0, 203.0, 204.0, 205.0, 206.0, 207.0, 208.0, 209.0, 210.0, 211.0, 212.0, 213.0, 214.0, 215.0, 216.0, 217.0, 218.0, 219.0, 220.0, 221.0, 222.0, 223.0, 224.0, 225.0, 226.0, 227.0, 228.0, 229.0, 230.0, 231.0, 232.0, 233.0, 234.0, 235.0, 236.0, 237.0, 238.0, 239.0, 240.0, 241.0, 242.0, 243.0, 244.0, 245.0, 246.0, 247.0, 248.0, 249.0, 250.0, 251.0, 252.0, 253.0, 254.0, 255.0, 256.0, 257.0, 258.0, 259.0, 260.0, 261.0, 262.0, 263.0, 264.0, 265.0, 266.0, 267.0, 268.0, 269.0, 270.0, 271.0, 272.0, 273.0, 274.0, 275.0, 276.0, 277.0, 278.0, 279.0, 280.0, 281.0, 282.0, 283.0, 284.0, 285.0, 286.0, 287.0, 288.0, 289.0, 290.0, 291.0, 292.0, 293.0, 294.0, 295.0, 296.0, 297.0, 298.0, 299.0, 300.0, 301.0, 302.0, 303.0, 304.0, 305.0, 306.0, 307.0, 308.0, 309.0, 310.0, 311.0, 312.0, 313.0, 314.0, 315.0, 316.0, 317.0, 318.0, 319.0, 320.0, 321.0, 322.0, 323.0, 324.0, 325.0, 326.0, 327.0, 328.0, 329.0, 330.0, 331.0, 332.0, 333.0, 334.0, 335.0, 336.0, 337.0, 338.0, 339.0, 340.0, 341.0, 342.0, 343.0, 344.0, 345.0, 346.0, 347.0, 348.0, 349.0, 350.0, 351.0, 352.0, 353.0, 354.0, 355.0, 356.0, 357.0, 358.0, 359.0, 360.0, 361.0, 362.0, 363.0, 364.0, 365.0, 366.0, 367.0, 368.0, 369.0, 370.0, 371.0, 372.0, 373.0, 374.0, 375.0, 376.0, 377.0, 378.0, 379.0, 380.0, 381.0, 382.0, 383.0, 384.0, 385.0, 386.0, 387.0, 388.0, 389.0, 390.0, 391.0, 392.0, 393.0, 394.0, 395.0, 396.0, 397.0, 398.0, 399.0, 400.0, 401.0, 402.0, 403.0, 404.0, 405.0, 406.0, 407.0, 408.0, 409.0, 410.0, 411.0, 412.0, 413.0, 414.0, 415.0, 416.0, 417.0, 418.0, 419.0, 420.0, 421.0, 422.0, 423.0, 424.0, 425.0, 426.0, 427.0, 428.0, 429.0, 430.0, 431.0, 432.0, 433.0, 434.0, 435.0, 436.0, 437.0, 438.0, 439.0, 440.0, 441.0, 442.0, 443.0, 444.0, 445.0, 446.0, 447.0, 448.0, 449.0, 450.0, 451.0, 452.0, 453.0, 454.0, 455.0, 456.0, 457.0, 458.0, 459.0, 460.0, 461.0, 462.0, 463.0, 464.0, 465.0, 466.0, 467.0, 468.0, 469.0, 470.0, 471.0, 472.0, 473.0, 474.0, 475.0, 476.0, 477.0, 478.0, 479.0, 480.0, 481.0, 482.0, 483.0, 484.0, 485.0, 486.0, 487.0, 488.0, 489.0, 490.0, 491.0, 492.0, 493.0, 494.0, 495.0, 496.0, 497.0, 498.0, 499.0, 500.0, 501.0, 502.0, 503.0, 504.0, 505.0, 506.0, 507.0, 508.0, 509.0, 510.0, 511.0, 512.0, 513.0, 514.0, 515.0, 516.0, 517.0, 518.0, 519.0, 520.0, 521.0, 522.0, 523.0, 524.0, 525.0, 526.0, 527.0, 528.0, 529.0, 530.0, 531.0, 532.0, 533.0, 534.0, 535.0, 536.0, 537.0, 538.0, 539.0, 540.0, 541.0, 542.0, 543.0, 544.0, 545.0, 546.0, 547.0, 548.0, 549.0, 550.0, 551.0, 552.0, 553.0, 554.0, 555.0, 556.0, 557.0, 558.0, 559.0, 560.0, 561.0, 562.0, 563.0, 564.0, 565.0, 566.0, 567.0, 568.0, 569.0, 570.0, 571.0, 572.0, 573.0, 574.0, 575.0, 576.0, 577.0, 578.0, 579.0, 580.0, 581.0, 582.0, 583.0, 584.0, 585.0, 586.0, 587.0, 588.0, 589.0, 590.0, 591.0, 592.0, 593.0, 594.0, 595.0, 596.0, 597.0, 598.0, 599.0, 600.0, 601.0, 602.0, 603.0, 604.0, 605.0, 606.0, 607.0, 608.0, 609.0, 610.0, 611.0, 612.0, 613.0, 614.0, 615.0, 616.0, 617.0, 618.0, 619.0, 620.0, 621.0, 622.0, 623.0, 624.0, 625.0, 626.0, 627.0, 628.0, 629.0, 630.0, 631.0, 632.0, 633.0, 634.0, 635.0, 636.0, 637.0, 638.0, 639.0, 640.0, 641.0, 642.0, 643.0, 644.0, 645.0, 646.0, 647.0, 648.0, 649.0, 650.0, 651.0, 652.0, 653.0, 654.0, 655.0, 656.0, 657.0, 658.0, 659.0, 660.0, 661.0, 662.0, 663.0, 664.0, 665.0, 666.0, 667.0, 668.0, 669.0, 670.0, 671.0, 672.0, 673.0, 674.0, 675.0, 676.0, 677.0, 678.0, 679.0, 680.0, 681.0, 682.0, 683.0, 684.0, 685.0, 686.0, 687.0, 688.0, 689.0, 690.0, 691.0, 692.0, 693.0, 694.0, 695.0, 696.0, 697.0, 698.0, 699.0, 700.0, 701.0, 702.0, 703.0, 704.0, 705.0, 706.0, 707.0, 708.0, 709.0, 710.0, 711.0, 712.0, 713.0, 714.0, 715.0, 716.0, 717.0, 718.0, 719.0, 720.0, 721.0, 722.0, 723.0, 724.0, 725.0, 726.0, 727.0, 728.0, 729.0, 730.0, 731.0, 732.0, 733.0, 734.0, 735.0, 736.0, 737.0, 738.0, 739.0, 740.0, 741.0, 742.0, 743.0, 744.0, 745.0, 746.0, 747.0, 748.0, 749.0, 750.0, 751.0, 752.0, 753.0, 754.0, 755.0, 756.0, 757.0, 758.0, 759.0, 760.0, 761.0, 762.0, 763.0, 764.0, 765.0, 766.0, 767.0, 768.0, 769.0, 770.0, 771.0, 772.0, 773.0, 774.0, 775.0, 776.0, 777.0, 778.0, 779.0, 780.0, 781.0, 782.0, 783.0, 784.0, 785.0, 786.0, 787.0, 788.0, 789.0, 790.0, 791.0, 792.0, 793.0, 794.0, 795.0, 796.0, 797.0, 798.0, 799.0, 800.0, 801.0, 802.0, 803.0, 804.0, 805.0, 806.0, 807.0, 808.0, 809.0, 810.0, 811.0, 812.0, 813.0, 814.0, 815.0, 816.0, 817.0, 818.0, 819.0, 820.0, 821.0, 822.0, 823.0, 824.0, 825.0, 826.0, 827.0, 828.0, 829.0, 830.0, 831.0, 832.0, 833.0, 834.0, 835.0, 836.0, 837.0, 838.0, 839.0, 840.0, 841.0, 842.0, 843.0, 844.0, 845.0, 846.0, 847.0, 848.0, 849.0, 850.0, 851.0, 852.0, 853.0, 854.0, 855.0, 856.0, 857.0, 858.0, 859.0, 860.0, 861.0, 862.0, 863.0, 864.0, 865.0, 866.0, 867.0, 868.0, 869.0, 870.0, 871.0, 872.0, 873.0, 874.0, 875.0, 876.0, 877.0, 878.0, 879.0, 880.0, 881.0, 882.0, 883.0, 884.0, 885.0, 886.0, 887.0, 888.0, 889.0, 890.0, 891.0, 892.0, 893.0, 894.0, 895.0, 896.0, 897.0, 898.0, 899.0, 900.0, 901.0, 902.0, 903.0, 904.0, 905.0, 906.0, 907.0, 908.0, 909.0, 910.0, 911.0, 912.0, 913.0, 914.0, 915.0, 916.0, 917.0, 918.0, 919.0, 920.0, 921.0, 922.0, 923.0, 924.0, 925.0, 926.0, 927.0, 928.0, 929.0, 930.0, 931.0, 932.0, 933.0, 934.0, 935.0, 936.0, 937.0, 938.0, 939.0, 940.0, 941.0, 942.0, 943.0, 944.0, 945.0, 946.0, 947.0, 948.0, 949.0, 950.0, 951.0, 952.0, 953.0, 954.0, 955.0, 956.0, 957.0, 958.0, 959.0, 960.0, 961.0, 962.0, 963.0, 964.0, 965.0, 966.0, 967.0, 968.0, 969.0, 970.0, 971.0, 972.0, 973.0, 974.0, 975.0, 976.0, 977.0, 978.0, 979.0, 980.0, 981.0, 982.0, 983.0, 984.0, 985.0, 986.0, 987.0, 988.0, 989.0, 990.0, 991.0, 992.0, 993.0, 994.0, 995.0, 996.0, 997.0, 998.0, 999.0, 1000.0, 1001.0, 1002.0, 1003.0, 1004.0, 1005.0, 1006.0, 1007.0, 1008.0, 1009.0, 1010.0, 1011.0, 1012.0, 1013.0, 1014.0, 1015.0, 1016.0, 1017.0, 1018.0, 1019.0, 1020.0, 1021.0, 1022.0, 1023.0, 1024.0, 1025.0, 1026.0, 1027.0, 1028.0, 1029.0, 1030.0, 1031.0, 1032.0, 1033.0, 1034.0, 1035.0, 1036.0, 1037.0, 1038.0, 1039.0, 1040.0, 1041.0, 1042.0, 1043.0, 1044.0, 1045.0, 1046.0, 1047.0, 1048.0, 1049.0, 1050.0, 1051.0, 1052.0, 1053.0, 1054.0, 1055.0, 1056.0, 1057.0, 1058.0, 1059.0, 1060.0, 1061.0, 1062.0, 1063.0, 1064.0, 1065.0, 1066.0, 1067.0, 1068.0, 1069.0, 1070.0, 1071.0, 1072.0, 1073.0, 1074.0, 1075.0, 1076.0, 1077.0, 1078.0, 1079.0, 1080.0, 1081.0, 1082.0, 1083.0, 1084.0, 1085.0, 1086.0, 1087.0, 1088.0, 1089.0, 1090.0, 1091.0, 1092.0, 1093.0, 1094.0, 1095.0, 1096.0, 1097.0, 1098.0, 1099.0, 1100.0, 1101.0, 1102.0, 1103.0, 1104.0, 1105.0, 1106.0, 1107.0, 1108.0, 1109.0, 1110.0, 1111.0, 1112.0, 1113.0, 1114.0, 1115.0, 1116.0, 1117.0, 1118.0, 1119.0, 1120.0, 1121.0, 1122.0, 1123.0, 1124.0, 1125.0, 1126.0, 1127.0, 1128.0, 1129.0, 1130.0, 1131.0, 1132.0, 1133.0, 1134.0, 1135.0, 1136.0, 1137.0, 1138.0, 1139.0, 1140.0, 1141.0, 1142.0, 1143.0, 1144.0, 1145.0, 1146.0, 1147.0, 1148.0, 1149.0, 1150.0, 1151.0, 1152.0, 1153.0, 1154.0, 1155.0, 1156.0, 1157.0, 1158.0, 1159.0, 1160.0, 1161.0, 1162.0, 1163.0, 1164.0, 1165.0, 1166.0, 1167.0, 1168.0, 1169.0, 1170.0, 1171.0, 1172.0, 1173.0, 1174.0, 1175.0, 1176.0, 1177.0, 1178.0, 1179.0, 1180.0, 1181.0, 1182.0, 1183.0, 1184.0, 1185.0, 1186.0, 1187.0, 1188.0, 1189.0, 1190.0, 1191.0, 1192.0, 1193.0, 1194.0, 1195.0, 1196.0, 1197.0, 1198.0, 1199.0, 1200.0, 1201.0, 1202.0, 1203.0, 1204.0, 1205.0, 1206.0, 1207.0, 1208.0, 1209.0, 1210.0, 1211.0, 1212.0, 1213.0, 1214.0, 1215.0, 1216.0, 1217.0, 1218.0, 1219.0, 1220.0, 1221.0, 1222.0, 1223.0, 1224.0, 1225.0, 1226.0, 1227.0, 1228.0, 1229.0, 1230.0, 1231.0, 1232.0, 1233.0, 1234.0, 1235.0, 1236.0, 1237.0, 1238.0, 1239.0, 1240.0, 1241.0, 1242.0, 1243.0, 1244.0, 1245.0, 1246.0, 1247.0, 1248.0, 1249.0, 1250.0, 1251.0, 1252.0, 1253.0, 1254.0, 1255.0, 1256.0, 1257.0, 1258.0, 1259.0, 1260.0, 1261.0, 1262.0, 1263.0, 1264.0, 1265.0, 1266.0, 1267.0, 1268.0, 1269.0, 1270.0, 1271.0, 1272.0, 1273.0, 1274.0, 1275.0, 1276.0, 1277.0, 1278.0, 1279.0, 1280.0, 1281.0, 1282.0, 1283.0, 1284.0, 1285.0, 1286.0, 1287.0, 1288.0, 1289.0, 1290.0, 1291.0, 1292.0, 1293.0, 1294.0, 1295.0, 1296.0, 1297.0, 1298.0, 1299.0, 1300.0, 1301.0, 1302.0, 1303.0, 1304.0, 1305.0, 1306.0, 1307.0, 1308.0, 1309.0, 1310.0, 1311.0, 1312.0, 1313.0, 1314.0, 1315.0, 1316.0, 1317.0, 1318.0, 1319.0, 1320.0, 1321.0, 1322.0, 1323.0, 1324.0, 1325.0, 1326.0, 1327.0, 1328.0, 1329.0, 1330.0, 1331.0, 1332.0, 1333.0, 1334.0, 1335.0, 1336.0, 1337.0, 1338.0, 1339.0, 1340.0, 1341.0, 1342.0, 1343.0, 1344.0, 1345.0, 1346.0, 1347.0, 1348.0, 1349.0, 1350.0, 1351.0, 1352.0, 1353.0, 1354.0, 1355.0, 1356.0, 1357.0, 1358.0, 1359.0, 1360.0, 1361.0, 1362.0, 1363.0, 1364.0, 1365.0, 1366.0, 1367.0, 1368.0, 1369.0, 1370.0, 1371.0, 1372.0, 1373.0, 1374.0, 1375.0, 1376.0, 1377.0, 1378.0, 1379.0, 1380.0, 1381.0, 1382.0, 1383.0, 1384.0, 1385.0, 1386.0, 1387.0, 1388.0, 1389.0, 1390.0, 1391.0, 1392.0, 1393.0, 1394.0, 1395.0, 1396.0, 1397.0, 1398.0, 1399.0, 1400.0, 1401.0, 1402.0, 1403.0, 1404.0, 1405.0, 1406.0, 1407.0, 1408.0, 1409.0, 1410.0, 1411.0, 1412.0, 1413.0, 1414.0, 1415.0, 1416.0, 1417.0, 1418.0, 1419.0, 1420.0, 1421.0, 1422.0, 1423.0, 1424.0, 1425.0, 1426.0, 1427.0, 1428.0, 1429.0, 1430.0, 1431.0, 1432.0, 1433.0, 1434.0, 1435.0, 1436.0, 1437.0, 1438.0, 1439.0, 1440.0, 1441.0, 1442.0, 1443.0, 1444.0, 1445.0, 1446.0, 1447.0, 1448.0, 1449.0, 1450.0, 1451.0, 1452.0, 1453.0, 1454.0, 1455.0, 1456.0, 1457.0, 1458.0, 1459.0, 1460.0, 1461.0, 1462.0, 1463.0, 1464.0, 1465.0, 1466.0, 1467.0, 1468.0, 1469.0, 1470.0, 1471.0, 1472.0, 1473.0, 1474.0, 1475.0, 1476.0, 1477.0, 1478.0, 1479.0, 1480.0, 1481.0, 1482.0, 1483.0, 1484.0, 1485.0, 1486.0, 1487.0, 1488.0, 1489.0, 1490.0, 1491.0, 1492.0, 1493.0, 1494.0, 1495.0, 1496.0, 1497.0, 1498.0, 1499.0, 1500.0, 1501.0, 1502.0, 1503.0, 1504.0, 1505.0, 1506.0, 1507.0, 1508.0, 1509.0, 1510.0, 1511.0, 1512.0, 1513.0, 1514.0, 1515.0, 1516.0, 1517.0, 1518.0, 1519.0, 1520.0, 1521.0, 1522.0, 1523.0, 1524.0, 1525.0, 1526.0, 1527.0, 1528.0, 1529.0, 1530.0, 1531.0, 1532.0, 1533.0, 1534.0, 1535.0, 1536.0, 1537.0, 1538.0, 1539.0, 1540.0, 1541.0, 1542.0, 1543.0, 1544.0, 1545.0, 1546.0, 1547.0, 1548.0, 1549.0, 1550.0, 1551.0, 1552.0, 1553.0, 1554.0, 1555.0, 1556.0, 1557.0, 1558.0, 1559.0, 1560.0, 1561.0, 1562.0, 1563.0, 1564.0, 1565.0, 1566.0, 1567.0, 1568.0, 1569.0, 1570.0, 1571.0, 1572.0, 1573.0, 1574.0, 1575.0, 1576.0, 1577.0, 1578.0, 1579.0, 1580.0, 1581.0, 1582.0, 1583.0, 1584.0, 1585.0, 1586.0, 1587.0, 1588.0, 1589.0, 1590.0, 1591.0, 1592.0, 1593.0, 1594.0, 1595.0, 1596.0, 1597.0, 1598.0, 1599.0, 1600.0, 1601.0, 1602.0, 1603.0, 1604.0, 1605.0, 1606.0, 1607.0, 1608.0, 1609.0, 1610.0, 1611.0, 1612.0, 1613.0, 1614.0, 1615.0, 1616.0, 1617.0, 1618.0, 1619.0, 1620.0, 1621.0, 1622.0, 1623.0, 1624.0, 1625.0, 1626.0, 1627.0, 1628.0, 1629.0, 1630.0, 1631.0, 1632.0, 1633.0, 1634.0, 1635.0, 1636.0, 1637.0, 1638.0, 1639.0, 1640.0, 1641.0, 1642.0, 1643.0, 1644.0, 1645.0, 1646.0, 1647.0, 1648.0, 1649.0, 1650.0, 1651.0, 1652.0, 1653.0, 1654.0, 1655.0, 1656.0, 1657.0, 1658.0, 1659.0, 1660.0, 1661.0, 1662.0, 1663.0, 1664.0, 1665.0, 1666.0, 1667.0, 1668.0, 1669.0, 1670.0, 1671.0, 1672.0, 1673.0, 1674.0, 1675.0, 1676.0, 1677.0, 1678.0, 1679.0, 1680.0, 1681.0, 1682.0, 1683.0, 1684.0, 1685.0, 1686.0, 1687.0, 1688.0, 1689.0, 1690.0, 1691.0, 1692.0, 1693.0, 1694.0, 1695.0, 1696.0, 1697.0, 1698.0, 1699.0, 1700.0, 1701.0, 1702.0, 1703.0, 1704.0, 1705.0, 1706.0, 1707.0, 1708.0, 1709.0, 1710.0, 1711.0, 1712.0, 1713.0, 1714.0, 1715.0, 1716.0, 1717.0, 1718.0, 1719.0, 1720.0, 1721.0, 1722.0, 1723.0, 1724.0, 1725.0, 1726.0, 1727.0, 1728.0, 1729.0, 1730.0, 1731.0, 1732.0, 1733.0, 1734.0, 1735.0, 1736.0, 1737.0, 1738.0, 1739.0, 1740.0, 1741.0, 1742.0, 1743.0, 1744.0, 1745.0, 1746.0, 1747.0, 1748.0, 1749.0, 1750.0, 1751.0, 1752.0, 1753.0, 1754.0, 1755.0, 1756.0, 1757.0, 1758.0, 1759.0, 1760.0, 1761.0, 1762.0, 1763.0, 1764.0, 1765.0, 1766.0, 1767.0, 1768.0, 1769.0, 1770.0, 1771.0, 1772.0, 1773.0, 1774.0, 1775.0, 1776.0, 1777.0, 1778.0, 1779.0, 1780.0, 1781.0, 1782.0, 1783.0, 1784.0, 1785.0, 1786.0, 1787.0, 1788.0, 1789.0, 1790.0, 1791.0, 1792.0, 1793.0, 1794.0, 1795.0, 1796.0, 1797.0, 1798.0, 1799.0, 1800.0, 1801.0, 1802.0, 1803.0, 1804.0, 1805.0, 1806.0, 1807.0, 1808.0, 1809.0, 1810.0, 1811.0, 1812.0, 1813.0, 1814.0, 1815.0, 1816.0, 1817.0, 1818.0, 1819.0, 1820.0, 1821.0, 1822.0, 1823.0, 1824.0, 1825.0, 1826.0, 1827.0, 1828.0, 1829.0, 1830.0, 1831.0, 1832.0, 1833.0, 1834.0, 1835.0, 1836.0, 1837.0, 1838.0, 1839.0, 1840.0, 1841.0, 1842.0, 1843.0, 1844.0, 1845.0, 1846.0, 1847.0, 1848.0, 1849.0, 1850.0, 1851.0, 1852.0, 1853.0, 1854.0, 1855.0, 1856.0, 1857.0, 1858.0, 1859.0, 1860.0, 1861.0, 1862.0, 1863.0, 1864.0, 1865.0, 1866.0, 1867.0, 1868.0, 1869.0, 1870.0, 1871.0, 1872.0, 1873.0, 1874.0, 1875.0, 1876.0, 1877.0, 1878.0, 1879.0, 1880.0, 1881.0, 1882.0, 1883.0, 1884.0, 1885.0, 1886.0, 1887.0, 1888.0, 1889.0, 1890.0, 1891.0, 1892.0, 1893.0, 1894.0, 1895.0, 1896.0, 1897.0, 1898.0, 1899.0, 1900.0, 1901.0, 1902.0, 1903.0, 1904.0, 1905.0, 1906.0, 1907.0, 1908.0, 1909.0, 1910.0, 1911.0, 1912.0, 1913.0, 1914.0, 1915.0, 1916.0, 1917.0, 1918.0, 1919.0, 1920.0, 1921.0, 1922.0, 1923.0, 1924.0, 1925.0, 1926.0, 1927.0, 1928.0, 1929.0, 1930.0, 1931.0, 1932.0, 1933.0, 1934.0, 1935.0, 1936.0, 1937.0, 1938.0, 1939.0, 1940.0, 1941.0, 1942.0, 1943.0, 1944.0, 1945.0, 1946.0, 1947.0, 1948.0, 1949.0, 1950.0, 1951.0, 1952.0, 1953.0, 1954.0, 1955.0, 1956.0, 1957.0, 1958.0, 1959.0, 1960.0, 1961.0, 1962.0, 1963.0, 1964.0, 1965.0, 1966.0, 1967.0, 1968.0, 1969.0, 1970.0, 1971.0, 1972.0, 1973.0, 1974.0, 1975.0, 1976.0, 1977.0, 1978.0, 1979.0, 1980.0, 1981.0, 1982.0, 1983.0, 1984.0, 1985.0, 1986.0, 1987.0, 1988.0, 1989.0, 1990.0, 1991.0, 1992.0, 1993.0, 1994.0, 1995.0, 1996.0, 1997.0, 1998.0, 1999.0, 2000.0, 2001.0, 2002.0, 2003.0, 2004.0, 2005.0, 2006.0, 2007.0, 2008.0, 2009.0, 2010.0, 2011.0, 2012.0, 2013.0, 2014.0, 2015.0, 2016.0, 2017.0, 2018.0, 2019.0, 2020.0, 2021.0, 2022.0, 2023.0, 2024.0, 2025.0, 2026.0, 2027.0, 2028.0, 2029.0, 2030.0, 2031.0, 2032.0, 2033.0, 2034.0, 2035.0, 2036.0, 2037.0, 2038.0, 2039.0, 2040.0, 2041.0, 2042.0, 2043.0, 2044.0, 2045.0, 2046.0, 2047.0, 2048.0, 2049.0, 2050.0, 2051.0, 2052.0, 2053.0, 2054.0, 2055.0, 2056.0, 2057.0, 2058.0, 2059.0, 2060.0, 2061.0, 2062.0, 2063.0, 2064.0, 2065.0, 2066.0, 2067.0, 2068.0, 2069.0, 2070.0, 2071.0, 2072.0, 2073.0, 2074.0, 2075.0, 2076.0, 2077.0, 2078.0, 2079.0, 2080.0, 2081.0, 2082.0, 2083.0, 2084.0, 2085.0, 2086.0, 2087.0, 2088.0, 2089.0, 2090.0, 2091.0, 2092.0, 2093.0, 2094.0, 2095.0, 2096.0, 2097.0, 2098.0, 2099.0, 2100.0, 2101.0, 2102.0, 2103.0, 2104.0, 2105.0, 2106.0, 2107.0, 2108.0, 2109.0, 2110.0, 2111.0, 2112.0, 2113.0, 2114.0, 2115.0, 2116.0, 2117.0, 2118.0, 2119.0, 2120.0, 2121.0, 2122.0, 2123.0, 2124.0, 2125.0, 2126.0, 2127.0, 2128.0, 2129.0, 2130.0, 2131.0, 2132.0, 2133.0, 2134.0, 2135.0, 2136.0, 2137.0, 2138.0, 2139.0, 2140.0, 2141.0, 2142.0, 2143.0, 2144.0, 2145.0, 2146.0, 2147.0, 2148.0, 2149.0, 2150.0, 2151.0, 2152.0, 2153.0, 2154.0, 2155.0, 2156.0, 2157.0, 2158.0, 2159.0, 2160.0, 2161.0, 2162.0, 2163.0, 2164.0, 2165.0, 2166.0, 2167.0, 2168.0, 2169.0, 2170.0, 2171.0, 2172.0, 2173.0, 2174.0, 2175.0, 2176.0, 2177.0, 2178.0, 2179.0, 2180.0, 2181.0, 2182.0, 2183.0, 2184.0, 2185.0, 2186.0, 2187.0, 2188.0, 2189.0, 2190.0, 2191.0, 2192.0, 2193.0, 2194.0, 2195.0, 2196.0, 2197.0, 2198.0, 2199.0, 2200.0, 2201.0, 2202.0, 2203.0, 2204.0, 2205.0, 2206.0, 2207.0, 2208.0, 2209.0, 2210.0, 2211.0, 2212.0, 2213.0, 2214.0, 2215.0, 2216.0, 2217.0, 2218.0, 2219.0, 2220.0, 2221.0, 2222.0, 2223.0, 2224.0, 2225.0, 2226.0, 2227.0, 2228.0, 2229.0, 2230.0, 2231.0, 2232.0, 2233.0, 2234.0, 2235.0, 2236.0, 2237.0, 2238.0, 2239.0, 2240.0, 2241.0, 2242.0, 2243.0, 2244.0, 2245.0, 2246.0, 2247.0, 2248.0, 2249.0, 2250.0, 2251.0, 2252.0, 2253.0, 2254.0, 2255.0, 2256.0, 2257.0, 2258.0, 2259.0, 2260.0, 2261.0, 2262.0, 2263.0, 2264.0, 2265.0, 2266.0, 2267.0, 2268.0, 2269.0, 2270.0, 2271.0, 2272.0, 2273.0, 2274.0, 2275.0, 2276.0, 2277.0, 2278.0, 2279.0, 2280.0, 2281.0, 2282.0, 2283.0, 2284.0, 2285.0, 2286.0, 2287.0, 2288.0, 2289.0, 2290.0, 2291.0, 2292.0, 2293.0, 2294.0, 2295.0, 2296.0, 2297.0, 2298.0, 2299.0, 2300.0, 2301.0, 2302.0, 2303.0, 2304.0, 2305.0, 2306.0, 2307.0, 2308.0, 2309.0, 2310.0, 2311.0, 2312.0, 2313.0, 2314.0, 2315.0, 2316.0, 2317.0, 2318.0, 2319.0, 2320.0, 2321.0, 2322.0, 2323.0, 2324.0, 2325.0, 2326.0, 2327.0, 2328.0, 2329.0, 2330.0, 2331.0, 2332.0, 2333.0, 2334.0, 2335.0, 2336.0, 2337.0, 2338.0, 2339.0, 2340.0, 2341.0, 2342.0, 2343.0, 2344.0, 2345.0, 2346.0, 2347.0, 2348.0, 2349.0, 2350.0, 2351.0, 2352.0, 2353.0, 2354.0, 2355.0, 2356.0, 2357.0, 2358.0, 2359.0, 2360.0, 2361.0, 2362.0, 2363.0, 2364.0, 2365.0, 2366.0, 2367.0, 2368.0, 2369.0, 2370.0, 2371.0, 2372.0, 2373.0, 2374.0, 2375.0, 2376.0, 2377.0, 2378.0, 2379.0, 2380.0, 2381.0, 2382.0, 2383.0, 2384.0, 2385.0, 2386.0, 2387.0, 2388.0, 2389.0, 2390.0, 2391.0, 2392.0, 2393.0, 2394.0, 2395.0, 2396.0, 2397.0, 2398.0, 2399.0, 2400.0]","[0.0, 0.0, 0.0, 0.0, 0.0, 0.0, 0.00012, 0.00012, 0.00012, 0.00012, 0.00024, 0.00024, 0.00048, 0.00048, 0.0006, 0.0006, 0.00096, 0.00096, 0.00096, 0.00096, 0.0012000000000000001, 0.00144, 0.00156, 0.00168, 0.00192, 0.00192, 0.0022800000000000003, 0.0024000000000000007, 0.00252, 0.0027600000000000003, 0.0028799999999999997, 0.00312, 0.0036, 0.00396, 0.004079999999999999, 0.00432, 0.00432, 0.00468, 0.0048, 0.00504, 0.00528, 0.0054, 0.005640000000000001, 0.006000000000000001, 0.006120000000000001, 0.006120000000000001, 0.006600000000000002, 0.006720000000000001, 0.006959999999999999, 0.0070799999999999995, 0.00768, 0.00804, 0.008280000000000001, 0.00876, 0.00888, 0.00912, 0.00924, 0.00936, 0.00972, 0.00996, 0.010320000000000001, 0.010320000000000001, 0.01044, 0.01056, 0.01056, 0.010920000000000001, 0.011040000000000001, 0.01152, 0.012240000000000003, 0.012240000000000003, 0.012480000000000002, 0.0126, 0.01272, 0.01284, 0.012960000000000001, 0.013080000000000001, 0.013080000000000001, 0.01332, 0.01368, 0.013919999999999998, 0.014039999999999999, 0.01464, 0.01476, 0.01476, 0.01512, 0.01524, 0.01536, 0.01584, 0.01644, 0.01692, 0.017039999999999996, 0.017279999999999997, 0.017759999999999998, 0.01848, 0.01872, 0.01908, 0.0192, 0.01932, 0.01968, 0.01968, 0.01992, 0.02004, 0.02028, 0.020640000000000002, 0.020640000000000002, 0.021, 0.02112, 0.021240000000000002, 0.021480000000000003, 0.021720000000000003, 0.02196, 0.0222, 0.02244, 0.02316, 0.023280000000000002, 0.023399999999999997, 0.024000000000000004, 0.024239999999999998, 0.0246, 0.02496, 0.0252, 0.02532, 0.02532, 0.02556, 0.02556, 0.025679999999999994, 0.026159999999999996, 0.026520000000000002, 0.027000000000000003, 0.02712, 0.02724, 0.027839999999999997, 0.028079999999999997, 0.028319999999999998, 0.028319999999999998, 0.028440000000000003, 0.028679999999999997, 0.028679999999999997, 0.02904, 0.02928, 0.02952, 0.03024, 0.03024, 0.030839999999999996, 0.030839999999999996, 0.03144, 0.03156, 0.03168, 0.031920000000000004, 0.032279999999999996, 0.03264, 0.033120000000000004, 0.033479999999999996, 0.034080000000000006, 0.03432, 0.03468, 0.03504, 0.03516, 0.035280000000000006, 0.03552, 0.036239999999999994, 0.036719999999999996, 0.0372, 0.03744, 0.037559999999999996, 0.0378, 0.03816, 0.0384, 0.03864, 0.03912, 0.039599999999999996, 0.03996, 0.04019999999999999, 0.040440000000000004, 0.0408, 0.04104, 0.04152, 0.042, 0.042, 0.04212, 0.04212, 0.04236000000000001, 0.042839999999999996, 0.042839999999999996, 0.04308, 0.04308, 0.043320000000000004, 0.043440000000000006, 0.0438, 0.044039999999999996, 0.044160000000000005, 0.0444, 0.044640000000000006, 0.04512000000000001, 0.04548, 0.0462, 0.046560000000000004, 0.04668000000000001, 0.04728000000000001, 0.047400000000000005, 0.047400000000000005, 0.047639999999999995, 0.047880000000000006, 0.04824, 0.048600000000000004, 0.04884, 0.04907999999999999, 0.04932, 0.04956000000000001, 0.049800000000000004, 0.05016, 0.05040000000000001, 0.050519999999999995, 0.050519999999999995, 0.051000000000000004, 0.05112, 0.05112, 0.05136, 0.051840000000000004, 0.05208, 0.052320000000000005, 0.052320000000000005, 0.05244, 0.052680000000000005, 0.0528, 0.05340000000000001, 0.053520000000000005, 0.053759999999999995, 0.054000000000000006, 0.05436, 0.0546, 0.05508000000000001, 0.05556, 0.05556, 0.0558, 0.056400000000000006, 0.056760000000000005, 0.057120000000000004, 0.05724, 0.05772, 0.05808, 0.05868, 0.05904, 0.059160000000000004, 0.05988, 0.06012000000000001, 0.06060000000000001, 0.060840000000000005, 0.06096000000000001, 0.06144, 0.06168000000000001, 0.06192, 0.062040000000000005, 0.062279999999999995, 0.06264, 0.06288, 0.063, 0.06312000000000001, 0.06348000000000001, 0.06372, 0.06396, 0.06444000000000001, 0.06468, 0.06480000000000001, 0.06504, 0.06540000000000001, 0.06576, 0.06576, 0.06636000000000002, 0.06648000000000001, 0.06672, 0.06744, 0.06768, 0.06792, 0.06804, 0.06816, 0.06828000000000001, 0.0684, 0.06864, 0.06888, 0.06899999999999999, 0.06971999999999999, 0.06984, 0.0702, 0.07056, 0.0708, 0.07104, 0.07139999999999999, 0.07164, 0.07188, 0.0726, 0.07296, 0.07356, 0.07368000000000001, 0.07404, 0.07464, 0.075, 0.07524, 0.07536, 0.07583999999999999, 0.07608, 0.07644000000000001, 0.07668, 0.07704000000000001, 0.0774, 0.07788, 0.07824, 0.07824, 0.07859999999999999, 0.07872, 0.07896, 0.07932, 0.07932, 0.07944, 0.07944, 0.07968, 0.07992, 0.07992, 0.08004, 0.08016, 0.08052, 0.08064, 0.08088000000000001, 0.0816, 0.08172, 0.08196000000000002, 0.08208, 0.08256000000000001, 0.08280000000000001, 0.08303999999999999, 0.0834, 0.0834, 0.08352, 0.08376, 0.08388, 0.084, 0.08436, 0.08495999999999998, 0.08532000000000001, 0.08567999999999999, 0.08591999999999998, 0.08628, 0.0864, 0.08676, 0.08700000000000001, 0.08748000000000002, 0.08760000000000001, 0.08772, 0.08783999999999999, 0.08796, 0.08856, 0.08856, 0.08904, 0.08928000000000001, 0.08975999999999999, 0.08988, 0.08988, 0.09036000000000001, 0.09072000000000001, 0.09072000000000001, 0.09072000000000001, 0.09096, 0.0912, 0.0912, 0.09132000000000001, 0.09168, 0.09192, 0.09228, 0.09228, 0.09264000000000001, 0.09312000000000001, 0.09336, 0.09372, 0.09408, 0.09444000000000001, 0.09516000000000002, 0.09539999999999998, 0.09552, 0.09552, 0.09588, 0.09612000000000002, 0.0966, 0.09672, 0.09684000000000001, 0.09695999999999999, 0.09695999999999999, 0.09720000000000001, 0.09744, 0.09768, 0.0978, 0.09815999999999998, 0.09852, 0.09852, 0.09888000000000002, 0.09924, 0.09936, 0.0996, 0.09971999999999999, 0.09996000000000001, 0.10007999999999999, 0.10032, 0.10032, 0.10056000000000001, 0.10103999999999999, 0.1014, 0.10187999999999998, 0.102, 0.10224, 0.10236, 0.10260000000000001, 0.10260000000000001, 0.10283999999999999, 0.10283999999999999, 0.10283999999999999, 0.1032, 0.10356, 0.10356, 0.10379999999999999, 0.10392, 0.1044, 0.10452000000000002, 0.10475999999999999, 0.105, 0.10536000000000001, 0.10572000000000001, 0.10584000000000002, 0.10608000000000001, 0.10620000000000002, 0.10620000000000002, 0.10644, 0.10668, 0.10668, 0.10715999999999999, 0.1074, 0.1074, 0.10776, 0.10824000000000002, 0.10836, 0.10848000000000001, 0.10872, 0.10908, 0.10932, 0.10932, 0.11004, 0.11040000000000001, 0.11052, 0.11064, 0.11100000000000002, 0.11123999999999999, 0.11135999999999999, 0.1116, 0.11172, 0.11172, 0.11172, 0.11208000000000001, 0.11231999999999999, 0.11244, 0.11280000000000001, 0.1134, 0.11388000000000002, 0.11448, 0.11484000000000001, 0.11484000000000001, 0.11484000000000001, 0.11507999999999999, 0.11532, 0.11544, 0.1158, 0.11591999999999998, 0.11628, 0.11676, 0.11699999999999999, 0.11699999999999999, 0.11712, 0.11712, 0.11724, 0.11736, 0.11747999999999999, 0.11747999999999999, 0.11784, 0.11796000000000001, 0.1182, 0.11856, 0.11903999999999999, 0.11928000000000001, 0.1194, 0.11963999999999998, 0.11975999999999999, 0.12, 0.12024000000000001, 0.12048000000000002, 0.1206, 0.12084000000000002, 0.12155999999999999, 0.12192, 0.12192, 0.12216, 0.12240000000000001, 0.12276, 0.12288, 0.12300000000000001, 0.12335999999999998, 0.12359999999999999, 0.12384, 0.12431999999999999, 0.12444, 0.12468, 0.12468, 0.12480000000000001, 0.12528, 0.12528, 0.1254, 0.12552, 0.12576, 0.12612, 0.12612, 0.12636, 0.1266, 0.12672, 0.12756, 0.12768000000000002, 0.12816, 0.12876, 0.12948, 0.12948, 0.12972, 0.12984, 0.12996000000000002, 0.13008, 0.13019999999999998, 0.13032, 0.13044, 0.13091999999999998, 0.13104, 0.13128, 0.13152, 0.13152, 0.13164, 0.132, 0.132, 0.13248000000000001, 0.13272, 0.1332, 0.13332, 0.13356, 0.13368, 0.13368, 0.13368, 0.13368, 0.1338, 0.13416, 0.13440000000000002, 0.13452, 0.135, 0.1356, 0.13584, 0.13608, 0.13620000000000002, 0.13656, 0.1368, 0.13716, 0.1374, 0.13763999999999998, 0.13763999999999998, 0.13788, 0.13824000000000003, 0.13836, 0.13848000000000002, 0.13872, 0.13908, 0.13932, 0.13956, 0.13979999999999998, 0.14004, 0.14004, 0.1404, 0.14052, 0.14076, 0.14148000000000002, 0.14172, 0.14196, 0.14196, 0.14208, 0.14244, 0.14244, 0.14256, 0.14315999999999998, 0.1434, 0.1434, 0.14364000000000002, 0.14388, 0.14388, 0.14448, 0.14484, 0.14508, 0.14544, 0.14568, 0.1458, 0.14604, 0.14628, 0.14676000000000003, 0.14688, 0.14712, 0.1476, 0.14772, 0.14784, 0.14784, 0.14808, 0.14808, 0.1482, 0.14844000000000002, 0.14844000000000002, 0.14856000000000003, 0.14856000000000003, 0.1488, 0.1488, 0.14904, 0.14916000000000001, 0.14928, 0.14952, 0.14964, 0.14976, 0.15036, 0.15036, 0.1506, 0.15084, 0.1512, 0.15144, 0.15192, 0.15192, 0.15216000000000002, 0.1524, 0.15264, 0.15276, 0.153, 0.15312, 0.15372, 0.15372, 0.15384, 0.15408000000000002, 0.1542, 0.15444000000000002, 0.15468, 0.15492, 0.15552000000000002, 0.15588000000000002, 0.15588000000000002, 0.15648, 0.15719999999999998, 0.15756, 0.15768000000000001, 0.15804, 0.15816000000000002, 0.15816000000000002, 0.15839999999999999, 0.15876, 0.159, 0.15911999999999998, 0.15924, 0.15936, 0.15960000000000002, 0.15972, 0.16008, 0.1602, 0.1602, 0.1602, 0.1602, 0.16044, 0.16068000000000002, 0.16104, 0.16128, 0.16140000000000002, 0.16152, 0.16188000000000002, 0.16212000000000004, 0.16224, 0.16235999999999998, 0.16259999999999997, 0.16271999999999998, 0.16283999999999998, 0.1632, 0.16344, 0.16368000000000002, 0.16380000000000003, 0.16391999999999998, 0.16476, 0.16512000000000002, 0.16536, 0.16548000000000002, 0.16560000000000002, 0.16596, 0.16607999999999998, 0.16607999999999998, 0.1662, 0.1668, 0.16692, 0.16692, 0.16728, 0.16752000000000003, 0.16763999999999998, 0.16763999999999998, 0.16776, 0.168, 0.16848, 0.16848, 0.1686, 0.1686, 0.1686, 0.16872, 0.16908, 0.16920000000000002, 0.16920000000000002, 0.16920000000000002, 0.16956000000000004, 0.16979999999999998, 0.17003999999999997, 0.17015999999999998, 0.1704, 0.17064000000000001, 0.171, 0.17112, 0.17148, 0.1716, 0.17196, 0.17232, 0.17268, 0.1728, 0.17292000000000002, 0.17315999999999998, 0.1734, 0.17352, 0.17352, 0.17364000000000002, 0.17388, 0.17424, 0.17448, 0.17472000000000001, 0.17496000000000003, 0.17508, 0.17520000000000002, 0.17544, 0.17604, 0.17615999999999998, 0.17615999999999998, 0.17652, 0.17712000000000003, 0.17712000000000003, 0.17735999999999996, 0.17735999999999996, 0.17759999999999998, 0.17784, 0.17796, 0.17808, 0.17832, 0.17844000000000002, 0.17844000000000002, 0.17844000000000002, 0.17868000000000003, 0.17868000000000003, 0.17892, 0.17903999999999998, 0.17915999999999996, 0.17951999999999999, 0.17964, 0.18, 0.18024, 0.18048000000000003, 0.18048000000000003, 0.18059999999999998, 0.18096, 0.18096, 0.18108000000000002, 0.18132, 0.18144, 0.18156, 0.1818, 0.18204, 0.18204, 0.18227999999999997, 0.18264, 0.18276, 0.18276, 0.18276, 0.183, 0.18372, 0.18420000000000003, 0.18444000000000002, 0.18456000000000003, 0.18456000000000003, 0.18456000000000003, 0.18528, 0.18564, 0.18576, 0.18576, 0.18576, 0.18588000000000002, 0.18588000000000002, 0.18624000000000002, 0.18660000000000004, 0.18672000000000005, 0.18684, 0.18684, 0.18684, 0.18684, 0.18732000000000004, 0.18780000000000002, 0.18816000000000002, 0.18828000000000003, 0.18876, 0.18936, 0.18984, 0.18996000000000002, 0.18996000000000002, 0.19020000000000004, 0.19032000000000004, 0.19032000000000004, 0.19044000000000005, 0.19056000000000003, 0.19092000000000003, 0.19116, 0.19140000000000001, 0.19140000000000001, 0.19164, 0.19188, 0.192, 0.192, 0.19211999999999999, 0.19224, 0.19247999999999998, 0.19247999999999998, 0.1926, 0.1926, 0.19271999999999997, 0.19271999999999997, 0.19283999999999998, 0.19332000000000002, 0.19356, 0.19392000000000004, 0.19416, 0.1944, 0.19463999999999998, 0.19463999999999998, 0.19476, 0.19488, 0.19524, 0.19548000000000001, 0.19572000000000003, 0.19607999999999998, 0.19619999999999999, 0.19631999999999997, 0.19643999999999998, 0.19668, 0.19692, 0.19692, 0.19716, 0.19740000000000002, 0.19752000000000003, 0.19764000000000004, 0.19788000000000003, 0.198, 0.19824000000000003, 0.19835999999999998, 0.19848, 0.1986, 0.19896, 0.19896, 0.19896, 0.19896, 0.19896, 0.19920000000000002, 0.19932, 0.19943999999999998, 0.19943999999999998, 0.19979999999999998, 0.20003999999999997, 0.20076, 0.201, 0.201, 0.20112000000000002, 0.20112000000000002, 0.20148, 0.20172, 0.20196000000000003, 0.20220000000000002, 0.20244, 0.20256, 0.20292000000000002, 0.20304000000000003, 0.20363999999999996, 0.20375999999999997, 0.20387999999999998, 0.204, 0.20412, 0.20412, 0.20435999999999999, 0.20459999999999998, 0.20484, 0.20495999999999998, 0.20495999999999998, 0.20532, 0.20555999999999996, 0.20555999999999996, 0.20567999999999997, 0.20567999999999997, 0.20579999999999998, 0.20604, 0.20616, 0.20628, 0.20628, 0.20675999999999997, 0.20724, 0.20748, 0.20772000000000002, 0.20784, 0.20796, 0.20796, 0.20808, 0.20832, 0.20844000000000001, 0.20856000000000002, 0.20868000000000003, 0.20892000000000002, 0.20904000000000003, 0.20927999999999997, 0.20939999999999998, 0.20939999999999998, 0.20951999999999998, 0.20976, 0.20987999999999998, 0.21036000000000002, 0.2106, 0.2106, 0.21084, 0.21119999999999997, 0.21144, 0.21156, 0.21167999999999998, 0.21192, 0.21204, 0.21216000000000002, 0.21240000000000003, 0.21240000000000003, 0.21264000000000002, 0.21276, 0.21287999999999996, 0.21311999999999998, 0.21323999999999999, 0.21323999999999999, 0.21323999999999999, 0.21359999999999998, 0.21384, 0.21444, 0.21456, 0.2148, 0.21516000000000002, 0.21516000000000002, 0.21516000000000002, 0.21576, 0.21588000000000002, 0.21624000000000002, 0.21636, 0.21660000000000001, 0.21672, 0.21696, 0.21696, 0.21708, 0.21731999999999999, 0.21731999999999999, 0.21744, 0.21756, 0.21768, 0.21792, 0.21792, 0.21804, 0.21828, 0.21828, 0.2184, 0.2184, 0.2184, 0.21864, 0.21899999999999997, 0.21936, 0.21960000000000002, 0.21972000000000003, 0.21984, 0.2202, 0.22032, 0.22056, 0.22091999999999998, 0.22091999999999998, 0.22116, 0.22128, 0.22128, 0.22152000000000002, 0.22164, 0.22187999999999997, 0.22211999999999996, 0.22223999999999997, 0.22235999999999997, 0.22235999999999997, 0.22235999999999997, 0.22247999999999998, 0.2226, 0.2226, 0.22271999999999997, 0.22271999999999997, 0.22308, 0.2232, 0.22343999999999997, 0.22368, 0.2238, 0.22392, 0.22392, 0.22428, 0.22476, 0.225, 0.22512000000000001, 0.22548, 0.2256, 0.2256, 0.22572, 0.22596, 0.22596, 0.22596, 0.2262, 0.22631999999999997, 0.22643999999999997, 0.22643999999999997, 0.22655999999999998, 0.22704000000000002, 0.22740000000000002, 0.22776, 0.22776, 0.22776, 0.22788, 0.22799999999999998, 0.22812, 0.22823999999999997, 0.22823999999999997, 0.22848, 0.22848, 0.2286, 0.22884000000000002, 0.22896, 0.22908, 0.22920000000000001, 0.22932000000000002, 0.22944000000000003, 0.22968, 0.22968, 0.2298, 0.2298, 0.23015999999999998, 0.23027999999999998, 0.23052, 0.23076, 0.23076, 0.23099999999999998, 0.23135999999999998, 0.23135999999999998, 0.23172, 0.2322, 0.23256, 0.23256, 0.23304000000000002, 0.23304000000000002, 0.2334, 0.23352, 0.23364000000000001, 0.23364000000000001, 0.23376000000000002, 0.23412, 0.23424, 0.2346, 0.23472, 0.23484000000000002, 0.23508000000000004, 0.23532, 0.23556000000000002, 0.23556000000000002, 0.23579999999999998, 0.23592, 0.23592, 0.23592, 0.23652, 0.23652, 0.23664000000000002, 0.23676000000000003, 0.23687999999999998, 0.23687999999999998, 0.23699999999999996, 0.23711999999999997, 0.23747999999999997, 0.23772, 0.23772, 0.23807999999999999, 0.2388, 0.23904, 0.23928000000000002, 0.2394, 0.23952, 0.23976000000000003, 0.23987999999999998, 0.24012, 0.24012, 0.24036000000000002, 0.24072000000000002, 0.24084, 0.24084, 0.24084, 0.24096, 0.24096, 0.24108000000000002, 0.24108000000000002, 0.24108000000000002, 0.24108000000000002, 0.2412, 0.24132, 0.24132, 0.24168, 0.24192, 0.24192, 0.24192, 0.24228000000000002, 0.24275999999999998, 0.24275999999999998, 0.24275999999999998, 0.24311999999999998, 0.24323999999999998, 0.24323999999999998, 0.24336, 0.24336, 0.24348, 0.24348, 0.24359999999999998, 0.24372, 0.24396, 0.24408000000000002, 0.24432, 0.24432, 0.24467999999999995, 0.24503999999999998, 0.24516, 0.24539999999999998, 0.24564, 0.24575999999999998, 0.24588, 0.24611999999999998, 0.24648, 0.24672, 0.24672, 0.24672, 0.24695999999999999, 0.24719999999999998, 0.24719999999999998, 0.24719999999999998, 0.24756, 0.24779999999999996, 0.24828, 0.2484, 0.24852, 0.249, 0.24924, 0.24924, 0.24924, 0.24936, 0.24960000000000002, 0.24960000000000002, 0.24996, 0.24996, 0.25007999999999997, 0.2502, 0.25044, 0.25079999999999997, 0.25079999999999997, 0.25104, 0.25104, 0.25104, 0.25128, 0.2514, 0.25152, 0.25176000000000004, 0.25188000000000005, 0.25188000000000005, 0.252, 0.252, 0.25236000000000003, 0.25248000000000004, 0.2526, 0.2526, 0.25284, 0.25296, 0.25307999999999997, 0.2532, 0.25344, 0.25356, 0.25368, 0.25368, 0.25392000000000003, 0.25416, 0.25428, 0.25452, 0.25476, 0.25476, 0.25488, 0.25488, 0.255, 0.25524, 0.25536000000000003, 0.25560000000000005, 0.25584, 0.25584, 0.25596, 0.25596, 0.25632, 0.25656, 0.25668, 0.25692, 0.25716, 0.25716, 0.25764000000000004, 0.25764000000000004, 0.25776, 0.258, 0.25812, 0.25824, 0.25824, 0.25824, 0.25836, 0.2586, 0.25872, 0.25896, 0.25908000000000003, 0.25920000000000004, 0.25944, 0.25968, 0.25992, 0.26016, 0.26028, 0.26052, 0.26076, 0.261, 0.26123999999999997, 0.26136, 0.26184, 0.26184, 0.26184, 0.26208000000000004, 0.26232000000000005, 0.26232000000000005, 0.26268, 0.26268, 0.26268, 0.26268, 0.26268, 0.26280000000000003, 0.26304, 0.26304, 0.26327999999999996, 0.26352, 0.26364, 0.26376, 0.26388, 0.26411999999999997, 0.26411999999999997, 0.26424, 0.26424, 0.26436, 0.26448, 0.26472, 0.26508000000000004, 0.26520000000000005, 0.26532, 0.26544, 0.26544, 0.26544, 0.26592, 0.26604, 0.26604, 0.26616, 0.26628, 0.26628, 0.26628, 0.2664, 0.2664, 0.26676, 0.267, 0.267, 0.26712, 0.26712, 0.26736000000000004, 0.26760000000000006, 0.26760000000000006, 0.26808000000000004, 0.26808000000000004, 0.2682, 0.26808, 0.2682, 0.26844, 0.26844, 0.26856, 0.26880000000000004, 0.26892, 0.26928, 0.26928, 0.26940000000000003, 0.26964000000000005, 0.27012, 0.27024000000000004, 0.27036, 0.2706, 0.27096, 0.27096, 0.27108, 0.27132, 0.27143999999999996, 0.27143999999999996, 0.27168, 0.2718, 0.27192, 0.27228, 0.27252000000000004, 0.27264000000000005, 0.27264000000000005, 0.27264000000000005, 0.27276, 0.27276, 0.27287999999999996, 0.27312, 0.27312, 0.27312, 0.27324, 0.27324, 0.27324, 0.27336, 0.27372, 0.27384000000000003, 0.27396, 0.2742, 0.27444, 0.27444, 0.27480000000000004, 0.27492, 0.27504, 0.27527999999999997, 0.2754, 0.27564, 0.27576, 0.27576, 0.276, 0.27624000000000004, 0.27636000000000005, 0.27636000000000005, 0.27636000000000005, 0.27648000000000006, 0.27648000000000006, 0.27648000000000006, 0.27684000000000003, 0.27684000000000003, 0.27684000000000003, 0.27696000000000004, 0.27696000000000004, 0.27696000000000004, 0.27708, 0.27744, 0.27768, 0.27816, 0.27816, 0.27828, 0.27840000000000004, 0.27852000000000005, 0.27876000000000006, 0.279, 0.27912000000000003, 0.27936000000000005, 0.27936000000000005, 0.2796, 0.27972, 0.27996000000000004, 0.27996000000000004, 0.27996000000000004, 0.2802, 0.28068, 0.28092, 0.28104, 0.28104, 0.28104, 0.28104, 0.28104, 0.28128, 0.2814, 0.28164, 0.28188, 0.28188, 0.28224000000000005, 0.28248, 0.28272, 0.28284, 0.28296, 0.28308, 0.28308, 0.28332, 0.28332, 0.28344, 0.28356000000000003, 0.28368000000000004, 0.28368000000000004, 0.28380000000000005, 0.28380000000000005, 0.28380000000000005, 0.28416, 0.28416, 0.28428000000000003, 0.2844, 0.28452, 0.28464, 0.28464, 0.28464, 0.28476, 0.285, 0.28524, 0.28548, 0.28608, 0.28608, 0.2862, 0.28632, 0.28656, 0.28668, 0.28716, 0.28728000000000004, 0.28740000000000004, 0.28776, 0.28812, 0.28812, 0.28812, 0.28812, 0.28836, 0.28848, 0.28884, 0.28908, 0.28932, 0.28944000000000003, 0.28956000000000004, 0.28980000000000006, 0.28980000000000006, 0.28992, 0.29003999999999996, 0.29016, 0.2904, 0.29076, 0.29100000000000004, 0.29112000000000005, 0.29136, 0.29148, 0.29184, 0.2922, 0.2922, 0.29244, 0.29256, 0.29268, 0.29304, 0.29304, 0.29328000000000004, 0.29328000000000004, 0.29352, 0.29388, 0.29388, 0.29388, 0.294, 0.29424, 0.29448, 0.29448, 0.29448, 0.29472000000000004, 0.29496, 0.2952, 0.2952, 0.29532, 0.29544, 0.29544, 0.29544, 0.29556, 0.29556, 0.29556, 0.29556, 0.29556, 0.29556, 0.29568, 0.2958, 0.2958, 0.2958, 0.29592, 0.29592, 0.29628, 0.2964, 0.2964, 0.29652, 0.29652, 0.29676, 0.29676, 0.29712, 0.29724, 0.29735999999999996, 0.29735999999999996, 0.2976, 0.29772, 0.29784, 0.29784, 0.29808, 0.29844000000000004, 0.29856, 0.2988, 0.2988, 0.29892, 0.29916, 0.29928, 0.2994, 0.29975999999999997, 0.29988, 0.3, 0.3, 0.3, 0.30012, 0.30024, 0.30036, 0.30036, 0.30036, 0.30048, 0.30048, 0.30072000000000004, 0.30084, 0.30108, 0.30119999999999997, 0.30132, 0.30132, 0.30144, 0.30156, 0.3018, 0.30216, 0.30252, 0.30264, 0.30264, 0.30288, 0.30323999999999995, 0.30323999999999995, 0.30335999999999996, 0.30347999999999997, 0.3036, 0.30372, 0.30408, 0.30408, 0.30432, 0.30456, 0.30468, 0.30468, 0.3048, 0.30504, 0.30504, 0.30516, 0.30528, 0.3054, 0.30552, 0.30552, 0.30564, 0.30588, 0.306, 0.30612, 0.30635999999999997, 0.30648, 0.3066, 0.30684, 0.30708, 0.30732000000000004, 0.30732000000000004, 0.30804000000000004, 0.30828, 0.30828, 0.30864, 0.30888000000000004, 0.30912, 0.30912, 0.30924, 0.30924, 0.30936, 0.30948, 0.3096, 0.30984, 0.30996, 0.31007999999999997, 0.3102, 0.31032, 0.31032, 0.31044, 0.31055999999999995, 0.31067999999999996, 0.31067999999999996, 0.31104, 0.31104, 0.31128, 0.31128, 0.31128, 0.31128, 0.31139999999999995, 0.31139999999999995, 0.31139999999999995, 0.31164, 0.31176, 0.31188, 0.31188, 0.31188, 0.31212, 0.31224, 0.31224, 0.31224, 0.31224, 0.31235999999999997, 0.31235999999999997, 0.31272, 0.31284, 0.31296, 0.31296, 0.31296, 0.31296, 0.31344, 0.31344, 0.31356, 0.31379999999999997, 0.31404, 0.31404, 0.31404, 0.31428, 0.3144, 0.31464, 0.315, 0.315, 0.31512, 0.31523999999999996, 0.31523999999999996, 0.31523999999999996, 0.31523999999999996, 0.31536, 0.31536, 0.31536, 0.31548, 0.31583999999999995, 0.31595999999999996, 0.31643999999999994, 0.31643999999999994, 0.31667999999999996, 0.31679999999999997, 0.31715999999999994, 0.31715999999999994, 0.31739999999999996, 0.31739999999999996, 0.31739999999999996, 0.31739999999999996, 0.31751999999999997, 0.31764, 0.31787999999999994, 0.31799999999999995, 0.31799999999999995, 0.31811999999999996, 0.31836, 0.3186, 0.31872, 0.31884, 0.31896, 0.31908000000000003, 0.3192, 0.31944, 0.31956, 0.31956, 0.31956, 0.31980000000000003, 0.32004, 0.32016, 0.32028, 0.3204, 0.32064, 0.32064, 0.32088, 0.321, 0.32124, 0.32124, 0.32124, 0.32124, 0.32124, 0.32136000000000003, 0.32136000000000003, 0.32148, 0.32148, 0.32159999999999994, 0.32159999999999994, 0.32159999999999994, 0.32171999999999995, 0.32171999999999995, 0.32183999999999996, 0.32183999999999996, 0.32183999999999996, 0.32183999999999996, 0.32195999999999997, 0.3222, 0.3222, 0.32232, 0.32268, 0.32268, 0.32280000000000003, 0.32280000000000003, 0.32292000000000004, 0.32304, 0.32328, 0.3234, 0.32364000000000004, 0.32364000000000004, 0.32388000000000006, 0.32388000000000006, 0.32411999999999996, 0.32436, 0.32436, 0.32448, 0.32448, 0.32472, 0.32496, 0.32496, 0.32496, 0.32496, 0.32508000000000004, 0.32508000000000004, 0.32508000000000004, 0.32532000000000005, 0.32543999999999995, 0.32567999999999997, 0.3258, 0.3258, 0.3258, 0.32592, 0.32628, 0.3264, 0.3264, 0.32676, 0.327, 0.32712, 0.32748, 0.3276, 0.3282, 0.32832, 0.32844, 0.32868, 0.32868, 0.32868, 0.32892000000000005, 0.32892000000000005, 0.32915999999999995, 0.32964, 0.32976, 0.32976, 0.32988, 0.33024000000000003, 0.33036, 0.33048, 0.33072, 0.33096000000000003, 0.33120000000000005, 0.33132000000000006, 0.33144000000000007, 0.3316800000000001, 0.3316800000000001, 0.3318000000000001, 0.33216, 0.33240000000000003, 0.33240000000000003, 0.33240000000000003, 0.33240000000000003, 0.33252000000000004, 0.33275999999999994, 0.33275999999999994, 0.33299999999999996, 0.33336, 0.33336, 0.33336, 0.33336, 0.33336, 0.33336, 0.3336, 0.33372, 0.33372, 0.33384, 0.33396000000000003, 0.33396000000000003, 0.33396000000000003, 0.33408, 0.3342, 0.3342, 0.33468000000000003, 0.33492000000000005, 0.33516000000000007, 0.3352800000000001, 0.3354000000000001, 0.3354000000000001, 0.3354000000000001, 0.3354000000000001, 0.3354000000000001, 0.3354000000000001, 0.33552, 0.33552, 0.33564, 0.33564, 0.33576, 0.33576, 0.336, 0.336, 0.33612000000000003, 0.33612000000000003, 0.33612000000000003, 0.33623999999999993, 0.33623999999999993, 0.33635999999999994, 0.33635999999999994, 0.33647999999999995, 0.33684, 0.33684, 0.33696, 0.3372, 0.33744, 0.33744, 0.33768, 0.33768, 0.3378, 0.33792, 0.33792, 0.33792, 0.33792, 0.33804, 0.33828, 0.33852000000000004, 0.33852000000000004, 0.33864000000000005, 0.33864000000000005, 0.33864000000000005, 0.33864000000000005, 0.33876000000000006, 0.33876000000000006, 0.33876000000000006, 0.33876000000000006, 0.33888000000000007, 0.33888000000000007, 0.3391200000000001, 0.3391200000000001, 0.3391200000000001, 0.33948, 0.3396, 0.3396, 0.3396, 0.33995999999999993, 0.33995999999999993, 0.33995999999999993, 0.34007999999999994, 0.34031999999999996, 0.34031999999999996, 0.34043999999999996, 0.34043999999999996, 0.34043999999999996, 0.34068, 0.34116, 0.34116, 0.34116, 0.34116, 0.34116, 0.34116, 0.34128000000000003, 0.3414, 0.3414, 0.3414, 0.34164, 0.34164, 0.34164, 0.34176, 0.34188, 0.34212000000000004, 0.34224000000000004, 0.34248000000000006, 0.34260000000000007, 0.3427200000000001, 0.34284, 0.34284, 0.34284, 0.34319999999999995, 0.34319999999999995, 0.34331999999999996, 0.34331999999999996, 0.34331999999999996, 0.3435599999999999, 0.3435599999999999, 0.3435599999999999, 0.3435599999999999, 0.34391999999999995, 0.34415999999999997, 0.34452, 0.34464, 0.34464, 0.34476, 0.34476, 0.34476, 0.345, 0.34512, 0.34512, 0.34512, 0.3456, 0.34572, 0.34608000000000005, 0.34620000000000006, 0.34668, 0.3468, 0.34692, 0.34692, 0.34692, 0.3472799999999999, 0.34739999999999993, 0.34739999999999993, 0.34751999999999994, 0.34763999999999995, 0.34775999999999996, 0.34787999999999997, 0.348, 0.34812, 0.34812, 0.34812, 0.34824, 0.34824, 0.34836, 0.34836, 0.34884, 0.34884, 0.34896, 0.3492, 0.34944000000000003, 0.34956000000000004, 0.34968000000000005, 0.34979999999999994, 0.35003999999999996, 0.35003999999999996, 0.35003999999999996, 0.35003999999999996, 0.35003999999999996, 0.35015999999999997, 0.35028, 0.35063999999999995, 0.35075999999999996, 0.35075999999999996, 0.35111999999999993, 0.35111999999999993, 0.35111999999999993, 0.35123999999999994, 0.35147999999999996, 0.35159999999999997, 0.35172, 0.35196, 0.35196, 0.35208, 0.35208, 0.35244, 0.35256, 0.35256, 0.35256, 0.35256, 0.35256, 0.35268, 0.35268, 0.3528, 0.3528, 0.3528, 0.35328000000000004, 0.35340000000000005, 0.35340000000000005, 0.35351999999999995, 0.35375999999999996, 0.35375999999999996, 0.35375999999999996, 0.35375999999999996, 0.35388, 0.35388, 0.35412, 0.35424, 0.35436, 0.35448, 0.35484000000000004, 0.35496, 0.35496, 0.35496, 0.35508, 0.3552, 0.35544000000000003, 0.35544000000000003, 0.35556000000000004, 0.35556000000000004, 0.3558, 0.35603999999999997, 0.35603999999999997, 0.35628, 0.35628, 0.35628, 0.35628, 0.35628, 0.35628, 0.35628, 0.3564, 0.3564, 0.35676, 0.35688000000000003, 0.35712000000000005, 0.35735999999999996, 0.35747999999999996, 0.3576, 0.35772, 0.35784, 0.35784, 0.3582, 0.3582, 0.3582, 0.3582, 0.3582, 0.3582, 0.35832, 0.35832, 0.35832, 0.35832, 0.35832, 0.35856, 0.35868, 0.3588, 0.35892, 0.35904, 0.35904, 0.35928000000000004, 0.35940000000000005, 0.35964000000000007, 0.35975999999999997, 0.35975999999999997, 0.35988, 0.36, 0.36012, 0.36024, 0.36024, 0.36036, 0.36047999999999997, 0.36047999999999997, 0.36047999999999997, 0.36047999999999997, 0.36071999999999993, 0.36083999999999994, 0.36083999999999994, 0.36083999999999994, 0.36095999999999995, 0.36095999999999995, 0.36095999999999995, 0.36107999999999996, 0.36119999999999997, 0.36144, 0.36156, 0.36156, 0.36168, 0.36168, 0.3618, 0.3618, 0.3618, 0.36192, 0.3624, 0.36252, 0.36264, 0.36288000000000004, 0.36300000000000004, 0.36300000000000004, 0.36300000000000004, 0.36312000000000005, 0.36312000000000005, 0.36335999999999996, 0.36335999999999996, 0.36372, 0.36372, 0.36384, 0.36384, 0.36396, 0.36396, 0.36396, 0.36396, 0.36408, 0.3642, 0.36444000000000004, 0.3648, 0.36504, 0.36504, 0.36516, 0.36528, 0.36528, 0.3654, 0.3654, 0.3654, 0.3654, 0.36564, 0.36576000000000003, 0.36576000000000003, 0.36576000000000003, 0.36588, 0.366, 0.366, 0.366, 0.36612, 0.36612, 0.36612, 0.36624, 0.36624, 0.36624, 0.36624, 0.36648, 0.36648, 0.3666, 0.36672, 0.36707999999999996, 0.36707999999999996, 0.36707999999999996, 0.36732, 0.36744, 0.36744, 0.36756, 0.36756, 0.3678, 0.36792, 0.36816000000000004, 0.36828000000000005, 0.36828000000000005, 0.36852, 0.36876, 0.369, 0.369, 0.369, 0.36912, 0.36912, 0.36924, 0.36924, 0.36936, 0.36936, 0.36936, 0.36948000000000003, 0.36948000000000003, 0.36948000000000003, 0.3696, 0.3696, 0.36972, 0.36996, 0.36996, 0.37008, 0.37032000000000004, 0.37044000000000005, 0.37056000000000006, 0.37056000000000006, 0.37056000000000006, 0.37079999999999996, 0.37091999999999997, 0.37104, 0.37104, 0.37116, 0.37128, 0.37128, 0.37128, 0.37128, 0.37163999999999997, 0.3717599999999999, 0.3717599999999999, 0.37199999999999994, 0.37199999999999994, 0.37211999999999995, 0.37211999999999995, 0.37223999999999996, 0.37223999999999996, 0.37235999999999997, 0.3726, 0.37272, 0.37272, 0.37272, 0.37284, 0.37308, 0.3732, 0.37356, 0.37356, 0.37392000000000003, 0.37404000000000004, 0.37416000000000005, 0.37416000000000005, 0.37427999999999995, 0.37451999999999996, 0.37451999999999996, 0.37464, 0.37464, 0.37464, 0.37476, 0.37476, 0.37488, 0.37488, 0.375, 0.37512, 0.37512, 0.37524, 0.37524, 0.37536, 0.37560000000000004, 0.37607999999999997, 0.3762, 0.37632, 0.37632, 0.37656, 0.37656, 0.37656, 0.37656, 0.37656, 0.37656, 0.37692, 0.37692, 0.37704, 0.37704, 0.37704, 0.37704, 0.37704, 0.37716, 0.37728, 0.37728, 0.3774, 0.3774, 0.3774, 0.3774, 0.37776, 0.37776, 0.37776, 0.37776, 0.37788, 0.37799999999999995, 0.37799999999999995, 0.37811999999999996, 0.37811999999999996, 0.37811999999999996, 0.37811999999999996, 0.37811999999999996, 0.37811999999999996, 0.37811999999999996, 0.37848, 0.37848, 0.37848, 0.37848, 0.37848, 0.37848, 0.37848, 0.3786, 0.37872, 0.37884, 0.37884, 0.37884, 0.37896, 0.37896, 0.37908000000000003, 0.37920000000000004, 0.37932000000000005, 0.37956, 0.37956, 0.3798, 0.38004000000000004, 0.38016, 0.38016, 0.38016, 0.38028, 0.3803999999999999, 0.3805199999999999, 0.3805199999999999, 0.38099999999999995, 0.38111999999999996, 0.38111999999999996, 0.38111999999999996, 0.38148, 0.38159999999999994, 0.38159999999999994, 0.38171999999999995, 0.38183999999999996, 0.38183999999999996, 0.38183999999999996, 0.38183999999999996, 0.38195999999999997, 0.38208, 0.38244, 0.38268, 0.38280000000000003, 0.38304000000000005, 0.38304000000000005, 0.38304000000000005, 0.38304000000000005, 0.38316, 0.3834, 0.3834, 0.3834, 0.38364000000000004, 0.38388, 0.384, 0.3841199999999999, 0.3841199999999999, 0.3841199999999999, 0.3843599999999999, 0.3843599999999999, 0.3843599999999999, 0.38447999999999993, 0.38447999999999993, 0.38459999999999994, 0.38459999999999994, 0.38459999999999994, 0.38471999999999995, 0.38471999999999995, 0.38483999999999996, 0.38483999999999996, 0.38483999999999996, 0.38483999999999996, 0.38508, 0.3852, 0.3852, 0.3852, 0.3852, 0.38531999999999994, 0.38543999999999995, 0.38543999999999995, 0.38543999999999995, 0.38555999999999996, 0.38567999999999997, 0.3858, 0.38604, 0.38616, 0.3864, 0.38652000000000003, 0.38652000000000003, 0.38652000000000003, 0.38652000000000003, 0.38652000000000003, 0.38664000000000004, 0.38676, 0.38688, 0.38712, 0.38724000000000003, 0.38748000000000005, 0.38760000000000006, 0.38783999999999996, 0.38783999999999996, 0.38783999999999996, 0.38795999999999997, 0.38808, 0.38831999999999994, 0.38855999999999996, 0.38855999999999996, 0.3888, 0.3888, 0.38891999999999993, 0.38903999999999994, 0.38939999999999997, 0.38939999999999997, 0.38939999999999997, 0.38952, 0.38952, 0.38952, 0.38952, 0.38952, 0.38976, 0.38976, 0.38988, 0.39, 0.39012, 0.39012, 0.39012, 0.39012, 0.39024000000000003, 0.39024000000000003, 0.39024000000000003, 0.39036000000000004, 0.39036000000000004, 0.39036000000000004, 0.39036000000000004, 0.39048, 0.3906, 0.39084, 0.39096000000000003, 0.39120000000000005, 0.39132000000000006, 0.39132000000000006, 0.39144000000000007, 0.3915600000000001, 0.3915600000000001, 0.3918000000000001, 0.39192000000000005, 0.39192000000000005, 0.39192000000000005, 0.39216, 0.39216, 0.39239999999999997, 0.39239999999999997, 0.39252, 0.39252, 0.39252, 0.39263999999999993]","[0.0, 0.00024, 0.00064, 0.0008799999999999999, 0.00096, 0.0011200000000000001, 0.00136, 0.0014399999999999999, 0.0015199999999999999, 0.00168, 0.0016, 0.00184, 0.00184, 0.00192, 0.0020800000000000003, 0.0022400000000000002, 0.00216, 0.0028000000000000004, 0.00288, 0.0029600000000000004, 0.00312, 0.00312, 0.00328, 0.0034400000000000003, 0.0034400000000000003, 0.0035199999999999997, 0.0035200000000000006, 0.0035200000000000006, 0.00376, 0.00384, 0.004320000000000001, 0.0044800000000000005, 0.00424, 0.00408, 0.00416, 0.00408, 0.0041600000000000005, 0.004, 0.004320000000000001, 0.004240000000000001, 0.004320000000000001, 0.00464, 0.004719999999999999, 0.0048000000000000004, 0.00528, 0.005520000000000001, 0.0052, 0.0052, 0.00512, 0.00512, 0.00472, 0.0048000000000000004, 0.004880000000000001, 0.00464, 0.00472, 0.0048000000000000004, 0.0048000000000000004, 0.0048000000000000004, 0.00488, 0.00488, 0.0048, 0.00496, 0.00528, 0.00536, 0.00576, 0.005600000000000001, 0.005920000000000001, 0.00576, 0.005520000000000001, 0.005680000000000001, 0.006000000000000001, 0.00616, 0.00624, 0.006400000000000001, 0.006400000000000001, 0.0064800000000000005, 0.006959999999999999, 0.006880000000000001, 0.0068, 0.0068, 0.0068, 0.0064, 0.0064, 0.0064, 0.006400000000000001, 0.0064800000000000005, 0.0064800000000000005, 0.006160000000000001, 0.0060799999999999995, 0.00584, 0.006080000000000001, 0.0060799999999999995, 0.00592, 0.005520000000000001, 0.00544, 0.00536, 0.005680000000000001, 0.005680000000000001, 0.005600000000000001, 0.005840000000000001, 0.005840000000000001, 0.006080000000000001, 0.006240000000000001, 0.00632, 0.0064, 0.006160000000000001, 0.0064800000000000005, 0.006639999999999999, 0.00672, 0.00688, 0.006719999999999999, 0.00688, 0.006880000000000001, 0.006719999999999999, 0.00688, 0.007039999999999999, 0.006719999999999999, 0.006639999999999999, 0.006719999999999999, 0.0068, 0.00664, 0.00664, 0.0068, 0.00688, 0.006959999999999999, 0.006959999999999999, 0.006960000000000001, 0.0068000000000000005, 0.006639999999999999, 0.006639999999999999, 0.006639999999999999, 0.00624, 0.0064800000000000005, 0.0064, 0.006719999999999999, 0.006639999999999999, 0.006880000000000001, 0.007039999999999999, 0.0068, 0.0068, 0.0068, 0.0064, 0.006639999999999999, 0.00632, 0.00672, 0.0064, 0.0064, 0.0064800000000000005, 0.00672, 0.00664, 0.00672, 0.0064800000000000005, 0.00624, 0.00616, 0.00616, 0.006240000000000001, 0.00632, 0.00664, 0.006880000000000001, 0.006880000000000001, 0.00656, 0.0064800000000000005, 0.0064, 0.00632, 0.00624, 0.00616, 0.00624, 0.00616, 0.0060799999999999995, 0.0060799999999999995, 0.005920000000000001, 0.005920000000000001, 0.006000000000000001, 0.006080000000000001, 0.005920000000000001, 0.006000000000000001, 0.006080000000000001, 0.005920000000000001, 0.006240000000000001, 0.00624, 0.00632, 0.00632, 0.0060799999999999995, 0.0063999999999999994, 0.00632, 0.0064, 0.00624, 0.0064, 0.00632, 0.0064, 0.00632, 0.0063999999999999994, 0.006719999999999999, 0.006719999999999999, 0.006719999999999999, 0.00624, 0.006239999999999999, 0.00616, 0.005840000000000001, 0.005920000000000001, 0.006159999999999999, 0.006079999999999999, 0.006239999999999999, 0.00616, 0.006080000000000001, 0.006000000000000001, 0.005920000000000001, 0.005920000000000001, 0.00616, 0.006080000000000001, 0.006160000000000001, 0.006000000000000001, 0.00632, 0.0064800000000000005, 0.006320000000000001, 0.00656, 0.0068000000000000005, 0.0068000000000000005, 0.00672, 0.00672, 0.006960000000000001, 0.007360000000000001, 0.007440000000000001, 0.00752, 0.00768, 0.00752, 0.00768, 0.0076, 0.00768, 0.00776, 0.00776, 0.00776, 0.00768, 0.00776, 0.00768, 0.00736, 0.00736, 0.0074399999999999996, 0.0074399999999999996, 0.00728, 0.0072, 0.007039999999999999, 0.0068000000000000005, 0.00672, 0.0064, 0.006400000000000001, 0.006240000000000001, 0.0064, 0.006480000000000001, 0.006240000000000001, 0.006400000000000001, 0.0064800000000000005, 0.006479999999999999, 0.006479999999999999, 0.0064800000000000005, 0.006320000000000001, 0.00632, 0.006639999999999999, 0.006479999999999999, 0.0063999999999999994, 0.0063999999999999994, 0.00624, 0.006080000000000001, 0.00632, 0.006320000000000001, 0.006400000000000001, 0.006320000000000001, 0.006560000000000002, 0.00624, 0.00624, 0.006160000000000001, 0.005920000000000001, 0.006240000000000001, 0.00624, 0.00624, 0.006320000000000001, 0.006320000000000001, 0.006240000000000001, 0.006240000000000001, 0.006240000000000001, 0.006480000000000001, 0.006240000000000001, 0.006320000000000001, 0.006160000000000001, 0.006000000000000001, 0.006160000000000001, 0.006240000000000001, 0.00632, 0.0064800000000000005, 0.0064800000000000005, 0.006160000000000001, 0.006320000000000001, 0.006320000000000001, 0.006480000000000001, 0.006240000000000001, 0.005920000000000001, 0.00576, 0.00576, 0.006080000000000001, 0.00576, 0.005680000000000001, 0.005680000000000001, 0.005600000000000001, 0.00536, 0.0052, 0.00504, 0.00488, 0.0052, 0.004960000000000001, 0.00496, 0.0052, 0.00504, 0.00504, 0.00544, 0.005840000000000001, 0.00576, 0.00576, 0.006080000000000001, 0.006080000000000001, 0.006160000000000001, 0.006000000000000001, 0.006080000000000001, 0.00624, 0.005920000000000001, 0.006160000000000001, 0.006080000000000001, 0.006320000000000001, 0.006160000000000001, 0.0064, 0.006320000000000001, 0.006240000000000001, 0.006240000000000001, 0.006560000000000002, 0.006480000000000001, 0.006560000000000002, 0.006560000000000002, 0.006320000000000001, 0.006160000000000001, 0.006160000000000001, 0.006080000000000001, 0.006240000000000001, 0.006320000000000001, 0.0064800000000000005, 0.00624, 0.00632, 0.0060799999999999995, 0.00616, 0.006479999999999999, 0.0068, 0.006959999999999999, 0.006639999999999999, 0.006719999999999999, 0.00656, 0.00664, 0.00664, 0.0068000000000000005, 0.007039999999999999, 0.0068, 0.00656, 0.00664, 0.00664, 0.00656, 0.006639999999999999, 0.006719999999999999, 0.0068000000000000005, 0.00656, 0.006639999999999999, 0.0064800000000000005, 0.00656, 0.0064800000000000005, 0.00656, 0.006719999999999999, 0.0068, 0.00688, 0.00664, 0.00624, 0.006479999999999999, 0.0064, 0.0064800000000000005, 0.0063999999999999994, 0.006479999999999999, 0.00616, 0.00624, 0.00624, 0.00632, 0.00656, 0.0064800000000000005, 0.0064800000000000005, 0.0064800000000000005, 0.0064, 0.00632, 0.006160000000000001, 0.00632, 0.00624, 0.00624, 0.0064, 0.006400000000000001, 0.006400000000000001, 0.00632, 0.0064800000000000005, 0.006639999999999999, 0.0068, 0.0068, 0.006639999999999999, 0.006720000000000001, 0.0064800000000000005, 0.0064800000000000005, 0.0064800000000000005, 0.00656, 0.00656, 0.006719999999999999, 0.006559999999999999, 0.006639999999999999, 0.0068, 0.006559999999999999, 0.00656, 0.006880000000000001, 0.006960000000000001, 0.00728, 0.00712, 0.0072, 0.00728, 0.00728, 0.00712, 0.00712, 0.00728, 0.00728, 0.0072, 0.00736, 0.0074399999999999996, 0.00728, 0.0074399999999999996, 0.00712, 0.007039999999999999, 0.00712, 0.0072, 0.007039999999999999, 0.006959999999999999, 0.0072, 0.0072, 0.007039999999999999, 0.007039999999999999, 0.00712, 0.00688, 0.00712, 0.0074399999999999996, 0.00752, 0.0074399999999999996, 0.00736, 0.0076, 0.0074399999999999996, 0.00752, 0.00768, 0.00768, 0.0074399999999999996, 0.0074399999999999996, 0.00768, 0.00776, 0.0074399999999999996, 0.00712, 0.0068000000000000005, 0.006719999999999999, 0.006719999999999999, 0.006719999999999999, 0.0068, 0.0068000000000000005, 0.00672, 0.00656, 0.00656, 0.006480000000000001, 0.00632, 0.006240000000000001, 0.0064800000000000005, 0.00672, 0.0068000000000000005, 0.0068000000000000005, 0.00672, 0.006960000000000001, 0.007200000000000001, 0.007280000000000001, 0.00736, 0.007360000000000001, 0.0072, 0.00712, 0.0072, 0.00728, 0.00712, 0.00712, 0.00712, 0.006959999999999999, 0.0068, 0.006959999999999999, 0.00712, 0.00688, 0.0068, 0.006959999999999999, 0.007039999999999999, 0.007039999999999999, 0.007039999999999999, 0.006959999999999999, 0.00688, 0.006959999999999999, 0.006959999999999999, 0.007039999999999999, 0.0068, 0.007039999999999999, 0.007039999999999999, 0.00712, 0.00728, 0.0072, 0.00736, 0.0074399999999999996, 0.0074399999999999996, 0.00736, 0.00736, 0.00752, 0.0074399999999999996, 0.0074399999999999996, 0.00752, 0.00712, 0.00728, 0.00712, 0.00688, 0.0064800000000000005, 0.0064800000000000005, 0.006320000000000001, 0.006240000000000001, 0.006160000000000001, 0.006240000000000001, 0.0064800000000000005, 0.00656, 0.00656, 0.00624, 0.00624, 0.00632, 0.006160000000000001, 0.0064, 0.0064800000000000005, 0.00656, 0.0068000000000000005, 0.006719999999999999, 0.006719999999999999, 0.006639999999999999, 0.006639999999999999, 0.0064800000000000005, 0.0064, 0.006479999999999999, 0.006559999999999999, 0.006719999999999999, 0.006959999999999999, 0.006719999999999999, 0.006880000000000001, 0.006880000000000001, 0.0068, 0.0068000000000000005, 0.006960000000000001, 0.00688, 0.006959999999999999, 0.006719999999999999, 0.006559999999999999, 0.006479999999999999, 0.0063999999999999994, 0.00632, 0.006479999999999999, 0.0064800000000000005, 0.006480000000000001, 0.00656, 0.006719999999999999, 0.006639999999999999, 0.00656, 0.00664, 0.006719999999999999, 0.006639999999999999, 0.006719999999999999, 0.006959999999999999, 0.007040000000000001, 0.0071200000000000005, 0.0071200000000000005, 0.00672, 0.00688, 0.007039999999999999, 0.007039999999999999, 0.00712, 0.00712, 0.0074399999999999996, 0.00768, 0.0074399999999999996, 0.00768, 0.00776, 0.0076, 0.00752, 0.00768, 0.00752, 0.00768, 0.0076, 0.0074399999999999996, 0.0074399999999999996, 0.00752, 0.00736, 0.0074399999999999996, 0.0072, 0.00712, 0.006959999999999999, 0.0068, 0.006719999999999999, 0.006639999999999999, 0.006719999999999999, 0.00688, 0.00688, 0.006959999999999999, 0.0072, 0.00728, 0.00728, 0.00736, 0.0072, 0.0072, 0.007039999999999999, 0.0072, 0.00736, 0.00728, 0.00752, 0.00768, 0.0074399999999999996, 0.00752, 0.00752, 0.0074399999999999996, 0.0072, 0.00736, 0.00736, 0.0076, 0.00752, 0.0076, 0.0076, 0.00752, 0.0074399999999999996, 0.0076, 0.00752, 0.0076, 0.00768, 0.00768, 0.00768, 0.00792, 0.00776, 0.00808, 0.00776, 0.00784, 0.00792, 0.00768, 0.00736, 0.00728, 0.00728, 0.0072, 0.00728, 0.00736, 0.007360000000000001, 0.007200000000000001, 0.007200000000000001, 0.0072, 0.00728, 0.0074399999999999996, 0.00736, 0.00736, 0.007280000000000001, 0.00728, 0.00728, 0.00752, 0.00752, 0.0074399999999999996, 0.00736, 0.00728, 0.0072, 0.00736, 0.00728, 0.00712, 0.00712, 0.0072, 0.00736, 0.0072, 0.00728, 0.0072, 0.007039999999999999, 0.007039999999999999, 0.007039999999999999, 0.007039999999999999, 0.0072, 0.006959999999999999, 0.0068, 0.007039999999999999, 0.006959999999999999, 0.006959999999999999, 0.00688, 0.007039999999999999, 0.007039999999999999, 0.00712, 0.00688, 0.00688, 0.00712, 0.007039999999999999, 0.0072, 0.00736, 0.0076, 0.00768, 0.0076, 0.00728, 0.00752, 0.0076, 0.0076, 0.0076, 0.00776, 0.00752, 0.0074399999999999996, 0.00768, 0.00776, 0.0076, 0.00776, 0.00784, 0.00784, 0.00792, 0.008320000000000001, 0.008159999999999999, 0.008159999999999999, 0.00792, 0.00784, 0.00776, 0.0076, 0.0074399999999999996, 0.00752, 0.00752, 0.00776, 0.00768, 0.00784, 0.00784, 0.00824, 0.008320000000000001, 0.008159999999999999, 0.00816, 0.00824, 0.00816, 0.008400000000000001, 0.008320000000000001, 0.008320000000000001, 0.008320000000000001, 0.008400000000000001, 0.008480000000000001, 0.008480000000000001, 0.00808, 0.00816, 0.008, 0.00816, 0.00816, 0.00816, 0.00816, 0.00816, 0.008320000000000001, 0.008480000000000001, 0.008480000000000001, 0.008560000000000002, 0.008480000000000001, 0.00864, 0.00848, 0.00872, 0.008799999999999999, 0.008560000000000002, 0.00888, 0.00888, 0.00872, 0.00864, 0.00864, 0.00864, 0.008560000000000002, 0.008879999999999999, 0.00904, 0.0092, 0.00912, 0.00904, 0.008960000000000001, 0.008960000000000001, 0.009200000000000002, 0.009040000000000001, 0.00888, 0.008960000000000001, 0.00904, 0.00912, 0.009120000000000001, 0.008640000000000002, 0.008400000000000001, 0.008320000000000001, 0.008320000000000001, 0.00872, 0.00904, 0.00864, 0.00848, 0.0084, 0.00856, 0.00864, 0.00864, 0.00864, 0.00856, 0.00856, 0.00848, 0.008560000000000002, 0.008960000000000001, 0.009200000000000002, 0.00928, 0.008960000000000001, 0.00888, 0.009040000000000001, 0.009040000000000001, 0.008960000000000001, 0.00872, 0.00872, 0.0088, 0.0088, 0.008640000000000002, 0.008640000000000002, 0.008640000000000002, 0.008560000000000002, 0.00872, 0.00872, 0.008560000000000002, 0.00864, 0.0088, 0.0088, 0.0088, 0.0088, 0.008960000000000001, 0.00888, 0.008960000000000001, 0.00888, 0.008960000000000001, 0.00896, 0.00904, 0.00904, 0.00928, 0.00936, 0.00904, 0.00912, 0.008960000000000001, 0.008960000000000001, 0.008960000000000001, 0.00904, 0.00904, 0.008960000000000001, 0.00904, 0.008960000000000001, 0.008960000000000001, 0.0088, 0.00872, 0.00904, 0.00904, 0.008960000000000001, 0.00904, 0.00888, 0.00904, 0.008960000000000001, 0.008960000000000001, 0.00888, 0.00904, 0.00888, 0.008960000000000001, 0.0088, 0.00888, 0.008960000000000001, 0.008960000000000001, 0.0088, 0.008960000000000001, 0.0092, 0.0092, 0.00936, 0.009519999999999999, 0.00968, 0.00976, 0.00976, 0.00968, 0.00952, 0.009439999999999999, 0.009519999999999999, 0.0096, 0.009600000000000001, 0.00984, 0.009680000000000001, 0.00952, 0.00936, 0.00928, 0.0092, 0.00936, 0.009200000000000002, 0.009120000000000001, 0.008960000000000001, 0.0092, 0.009439999999999999, 0.00936, 0.00944, 0.00952, 0.00944, 0.009439999999999999, 0.009519999999999999, 0.009519999999999999, 0.00968, 0.009519999999999999, 0.009519999999999999, 0.0096, 0.0096, 0.00984, 0.01008, 0.010320000000000001, 0.010320000000000001, 0.0104, 0.01056, 0.01024, 0.01, 0.00984, 0.00968, 0.0096, 0.009519999999999999, 0.0096, 0.009680000000000001, 0.00968, 0.00976, 0.00968, 0.00976, 0.00968, 0.00968, 0.01008, 0.01008, 0.01016, 0.010320000000000001, 0.01024, 0.01016, 0.01016, 0.01016, 0.01048, 0.010320000000000001, 0.01016, 0.01016, 0.01016, 0.01008, 0.01, 0.01008, 0.01, 0.00992, 0.01, 0.01, 0.01, 0.00992, 0.00984, 0.00984, 0.00992, 0.01016, 0.01008, 0.01008, 0.00976, 0.01, 0.01, 0.00992, 0.00992, 0.01016, 0.00976, 0.00984, 0.01, 0.01016, 0.01008, 0.01, 0.01008, 0.01016, 0.01008, 0.00992, 0.01, 0.01016, 0.01008, 0.01016, 0.01016, 0.01024, 0.01024, 0.01016, 0.010320000000000001, 0.0104, 0.0104, 0.01056, 0.01056, 0.01064, 0.01072, 0.01072, 0.0108, 0.01072, 0.01048, 0.0104, 0.010320000000000001, 0.0104, 0.01048, 0.01056, 0.01056, 0.01064, 0.01064, 0.01056, 0.01064, 0.01056, 0.01056, 0.01064, 0.0108, 0.010960000000000001, 0.01088, 0.010960000000000001, 0.011280000000000002, 0.011280000000000002, 0.011360000000000002, 0.011120000000000001, 0.011280000000000002, 0.011200000000000002, 0.011120000000000001, 0.011120000000000001, 0.011120000000000001, 0.011120000000000001, 0.01088, 0.01064, 0.01064, 0.01072, 0.01048, 0.01048, 0.01048, 0.01056, 0.0104, 0.0104, 0.0104, 0.01048, 0.0104, 0.01056, 0.0108, 0.0108, 0.01072, 0.0108, 0.01064, 0.01072, 0.010960000000000001, 0.011040000000000001, 0.011040000000000001, 0.011040000000000001, 0.011120000000000001, 0.011120000000000001, 0.011120000000000001, 0.011200000000000002, 0.011280000000000002, 0.011200000000000002, 0.011360000000000002, 0.011280000000000002, 0.01144, 0.011760000000000001, 0.011760000000000001, 0.011840000000000002, 0.011920000000000002, 0.011920000000000002, 0.011920000000000002, 0.011680000000000001, 0.011760000000000001, 0.011920000000000002, 0.012, 0.01224, 0.012160000000000002, 0.011920000000000002, 0.012000000000000002, 0.011760000000000001, 0.011680000000000001, 0.011600000000000001, 0.011840000000000002, 0.011680000000000001, 0.011760000000000001, 0.011680000000000001, 0.011840000000000002, 0.011840000000000002, 0.012000000000000002, 0.01208, 0.011920000000000002, 0.011840000000000002, 0.011680000000000001, 0.011760000000000001, 0.011840000000000002, 0.011840000000000002, 0.011680000000000001, 0.011600000000000001, 0.011920000000000002, 0.011840000000000002, 0.011840000000000002, 0.012000000000000002, 0.012080000000000002, 0.011680000000000001, 0.011840000000000002, 0.012080000000000002, 0.012080000000000002, 0.012160000000000002, 0.012240000000000003, 0.012240000000000003, 0.012240000000000003, 0.012080000000000002, 0.012000000000000002, 0.012080000000000002, 0.012000000000000002, 0.01152, 0.011360000000000002, 0.011280000000000002, 0.011280000000000002, 0.011200000000000002, 0.011120000000000001, 0.011120000000000001, 0.010960000000000001, 0.011040000000000001, 0.010960000000000001, 0.01088, 0.010960000000000001, 0.011120000000000001, 0.011200000000000002, 0.011200000000000002, 0.011200000000000002, 0.011200000000000002, 0.011280000000000002, 0.011360000000000002, 0.01152, 0.011680000000000001, 0.011840000000000002, 0.012000000000000002, 0.012000000000000002, 0.012080000000000002, 0.012080000000000002, 0.012160000000000002, 0.011920000000000002, 0.011600000000000001, 0.011600000000000001, 0.011600000000000001, 0.01144, 0.01144, 0.011600000000000001, 0.011600000000000001, 0.011680000000000001, 0.011840000000000002, 0.011840000000000002, 0.012000000000000002, 0.012160000000000002, 0.012080000000000002, 0.012320000000000003, 0.012160000000000002, 0.012320000000000003, 0.012160000000000002, 0.011920000000000002, 0.011840000000000002, 0.011840000000000002, 0.011760000000000001, 0.011760000000000001, 0.011680000000000001, 0.01152, 0.011280000000000002, 0.011120000000000001, 0.011360000000000002, 0.011360000000000002, 0.011200000000000002, 0.011200000000000002, 0.01144, 0.011600000000000001, 0.01144, 0.011280000000000002, 0.011120000000000001, 0.011120000000000001, 0.011120000000000001, 0.011040000000000001, 0.011120000000000001, 0.011600000000000001, 0.011680000000000001, 0.011680000000000001, 0.011600000000000001, 0.011680000000000001, 0.01152, 0.011760000000000001, 0.011920000000000002, 0.011920000000000002, 0.011840000000000002, 0.011600000000000001, 0.011680000000000001, 0.011600000000000001, 0.011600000000000001, 0.011920000000000002, 0.011760000000000001, 0.011920000000000002, 0.011840000000000002, 0.012000000000000002, 0.012160000000000002, 0.012240000000000003, 0.012160000000000002, 0.012400000000000001, 0.012240000000000003, 0.012240000000000003, 0.012160000000000002, 0.012240000000000003, 0.01224, 0.012159999999999999, 0.012080000000000002, 0.012160000000000002, 0.012160000000000002, 0.012160000000000002, 0.012080000000000002, 0.012320000000000003, 0.012160000000000002, 0.012080000000000002, 0.012160000000000002, 0.012000000000000002, 0.011840000000000002, 0.012000000000000002, 0.012000000000000002, 0.012240000000000003, 0.012320000000000003, 0.012240000000000003, 0.012160000000000002, 0.012160000000000002, 0.012080000000000002, 0.012240000000000003, 0.012320000000000003, 0.012400000000000001, 0.012240000000000003, 0.012240000000000003, 0.012320000000000003, 0.012560000000000002, 0.012560000000000002, 0.012640000000000002, 0.01248, 0.012799999999999999, 0.013039999999999998, 0.012960000000000001, 0.01288, 0.0128, 0.0128, 0.013039999999999998, 0.013199999999999998, 0.0132, 0.01312, 0.01312, 0.01328, 0.01328, 0.013200000000000003, 0.013040000000000003, 0.012960000000000003, 0.012960000000000001, 0.012880000000000003, 0.012720000000000002, 0.012640000000000002, 0.01256, 0.01248, 0.012400000000000001, 0.012160000000000002, 0.012160000000000002, 0.012160000000000002, 0.012000000000000002, 0.011920000000000002, 0.012160000000000002, 0.01208, 0.01208, 0.01208, 0.01224, 0.01232, 0.012399999999999998, 0.012320000000000003, 0.012480000000000002, 0.012480000000000002, 0.012480000000000002, 0.012400000000000001, 0.012480000000000002, 0.012400000000000001, 0.012560000000000002, 0.012560000000000002, 0.012720000000000002, 0.0128, 0.01272, 0.01264, 0.01272, 0.01256, 0.012640000000000002, 0.012640000000000002, 0.012800000000000002, 0.012960000000000003, 0.013040000000000001, 0.01288, 0.012960000000000001, 0.013040000000000001, 0.013040000000000001, 0.01312, 0.01328, 0.01328, 0.0132, 0.013519999999999999, 0.013279999999999998, 0.0132, 0.01336, 0.013439999999999999, 0.01368, 0.013519999999999999, 0.013439999999999999, 0.013519999999999999, 0.013359999999999999, 0.0136, 0.013519999999999999, 0.013839999999999998, 0.013919999999999998, 0.013919999999999998, 0.014079999999999999, 0.014159999999999999, 0.014159999999999999, 0.014159999999999999, 0.014159999999999999, 0.01432, 0.01424, 0.01424, 0.014079999999999999, 0.014079999999999999, 0.014079999999999999, 0.013919999999999998, 0.013840000000000002, 0.013920000000000002, 0.013920000000000002, 0.014000000000000002, 0.014079999999999999, 0.014159999999999999, 0.014079999999999999, 0.013999999999999999, 0.013920000000000002, 0.013760000000000001, 0.013600000000000001, 0.01352, 0.013600000000000001, 0.013600000000000001, 0.013600000000000001, 0.013840000000000002, 0.013760000000000001, 0.01368, 0.013839999999999998, 0.013839999999999998, 0.013839999999999998, 0.014079999999999999, 0.01424, 0.01432, 0.014079999999999999, 0.014159999999999999, 0.014159999999999999, 0.013999999999999999, 0.013919999999999998, 0.013999999999999999, 0.013839999999999998, 0.013839999999999998, 0.013839999999999998, 0.01376, 0.014079999999999999, 0.013999999999999999, 0.013999999999999999, 0.013999999999999999, 0.013919999999999998, 0.013839999999999998, 0.013839999999999998, 0.013919999999999998, 0.014079999999999999, 0.013999999999999999, 0.01432, 0.01432, 0.014079999999999999, 0.014079999999999999, 0.014159999999999999, 0.014079999999999999, 0.01424, 0.01448, 0.01464, 0.01448, 0.0144, 0.01424, 0.01432, 0.01432, 0.01424, 0.01432, 0.01432, 0.01424, 0.01456, 0.01448, 0.01472, 0.0148, 0.014879999999999999, 0.014879999999999999, 0.014879999999999999, 0.01496, 0.01496, 0.01464, 0.01456, 0.01448, 0.01464, 0.01472, 0.01496, 0.01512, 0.01496, 0.01496, 0.01496, 0.01504, 0.01504, 0.01512, 0.01512, 0.01496, 0.01504, 0.01496, 0.01496, 0.01504, 0.0152, 0.01528, 0.0152, 0.01512, 0.0152, 0.01528, 0.01536, 0.01536, 0.01552, 0.01536, 0.01544, 0.01544, 0.01536, 0.01536, 0.01536, 0.01544, 0.01552, 0.015600000000000001, 0.015600000000000001, 0.015600000000000001, 0.01584, 0.01544, 0.015600000000000001, 0.015600000000000001, 0.01576, 0.01568, 0.01568, 0.015600000000000001, 0.01568, 0.01584, 0.01576, 0.01576, 0.01584, 0.01608, 0.01616, 0.01608, 0.016, 0.01576, 0.01576, 0.01608, 0.01608, 0.01608, 0.01592, 0.01624, 0.01624, 0.01624, 0.01624, 0.01632, 0.01608, 0.016, 0.016, 0.016, 0.01616, 0.01608, 0.016, 0.01616, 0.01624, 0.01616, 0.01632, 0.01608, 0.01616, 0.01608, 0.01616, 0.01616, 0.01616, 0.01624, 0.01624, 0.01624, 0.01608, 0.01592, 0.01592, 0.01608, 0.016, 0.01584, 0.01592, 0.01592, 0.01592, 0.016, 0.01608, 0.01616, 0.01608, 0.01624, 0.0164, 0.01648, 0.016640000000000002, 0.016640000000000002, 0.016640000000000002, 0.016800000000000002, 0.016960000000000003, 0.016960000000000003, 0.017040000000000003, 0.017040000000000003, 0.016880000000000003, 0.016800000000000002, 0.016880000000000003, 0.016880000000000003, 0.016960000000000003, 0.016960000000000003, 0.017200000000000003, 0.016960000000000003, 0.01704, 0.017040000000000003, 0.0172, 0.01712, 0.01728, 0.0172, 0.01736, 0.017280000000000004, 0.0172, 0.0172, 0.017120000000000003, 0.017280000000000004, 0.017200000000000003, 0.01712, 0.01712, 0.017280000000000004, 0.017120000000000003, 0.017120000000000003, 0.017040000000000003, 0.017120000000000003, 0.017280000000000004, 0.01736, 0.017280000000000004, 0.01736, 0.01736, 0.01752, 0.01768, 0.01784, 0.01776, 0.018000000000000002, 0.017920000000000002, 0.01808, 0.018000000000000002, 0.01808, 0.01808, 0.01824, 0.018160000000000003, 0.017920000000000002, 0.01776, 0.01776, 0.01784, 0.01768, 0.0176, 0.01776, 0.01776, 0.01776, 0.01784, 0.018000000000000002, 0.01776, 0.01784, 0.01792, 0.018, 0.01808, 0.01824, 0.01816, 0.01808, 0.01816, 0.01816, 0.01816, 0.01832, 0.01832, 0.01832, 0.01824, 0.01832, 0.01832, 0.01832, 0.01816, 0.0184, 0.0184, 0.0184, 0.0184, 0.01832, 0.01856, 0.018080000000000002, 0.01816, 0.01816, 0.017920000000000002, 0.01776, 0.0176, 0.0176, 0.0176, 0.01768, 0.01768, 0.01768, 0.01784, 0.017920000000000002, 0.01784, 0.018080000000000002, 0.01808, 0.018000000000000002, 0.01808, 0.01816, 0.01824, 0.01824, 0.01832, 0.018080000000000002, 0.018160000000000003, 0.018000000000000002, 0.018000000000000002, 0.018000000000000002, 0.018080000000000002, 0.018080000000000002, 0.01816, 0.01824, 0.01832, 0.0184, 0.01848, 0.01848, 0.01864, 0.01848, 0.0184, 0.0184, 0.0184, 0.01864, 0.01856, 0.01856, 0.0184, 0.01832, 0.01832, 0.01832, 0.0184, 0.01864, 0.0184, 0.0184, 0.0184, 0.01848, 0.0184, 0.01856, 0.01856, 0.01848, 0.01864, 0.01848, 0.01824, 0.0184, 0.01864, 0.01864, 0.01872, 0.01896, 0.01896, 0.01888, 0.01888, 0.018959999999999998, 0.019039999999999998, 0.018799999999999997, 0.019119999999999998, 0.018799999999999997, 0.019039999999999998, 0.019039999999999998, 0.019039999999999998, 0.018879999999999997, 0.018959999999999998, 0.018799999999999997, 0.018879999999999997, 0.018959999999999998, 0.019039999999999998, 0.018959999999999998, 0.018879999999999997, 0.018879999999999997, 0.018799999999999997, 0.018879999999999997, 0.018879999999999997, 0.018879999999999997, 0.018959999999999998, 0.019039999999999998, 0.018959999999999998, 0.018959999999999998, 0.018959999999999998, 0.018879999999999997, 0.01872, 0.01872, 0.01872, 0.018879999999999997, 0.018879999999999997, 0.018799999999999997, 0.018879999999999997, 0.018879999999999997, 0.019039999999999998, 0.018879999999999997, 0.018959999999999998, 0.018799999999999997, 0.01872, 0.01864, 0.018799999999999997, 0.018879999999999997, 0.018879999999999997, 0.018959999999999998, 0.018959999999999998, 0.018959999999999998, 0.019039999999999998, 0.0192, 0.0192, 0.01944, 0.01952, 0.0196, 0.0196, 0.01968, 0.01976, 0.01992, 0.01992, 0.02008, 0.02024, 0.02024, 0.02024, 0.02008, 0.02016, 0.02016, 0.02048, 0.020560000000000002, 0.020560000000000002, 0.020640000000000002, 0.0208, 0.020720000000000002, 0.0208, 0.020720000000000002, 0.02088, 0.0208, 0.0208, 0.0208, 0.0208, 0.02112, 0.02104, 0.02104, 0.0212, 0.02128, 0.02128, 0.02128, 0.02136, 0.02144, 0.02144, 0.02144, 0.02136, 0.02152, 0.0216, 0.02168, 0.0216, 0.02136, 0.02136, 0.02152, 0.02128, 0.0212, 0.02128, 0.02128, 0.02128, 0.02112, 0.02112, 0.02112, 0.02104, 0.02104, 0.02104, 0.02112, 0.02136, 0.02136, 0.02112, 0.0212, 0.02136, 0.02128, 0.02104, 0.02096, 0.02096, 0.02088, 0.020720000000000002, 0.020640000000000002, 0.020560000000000002, 0.02048, 0.0204, 0.0204, 0.02032, 0.02024, 0.02024, 0.02024, 0.0204, 0.0204, 0.0204, 0.0204, 0.02048, 0.0204, 0.02016, 0.02016, 0.02024, 0.02024, 0.02024, 0.02024, 0.02008, 0.02008, 0.02008, 0.02016, 0.02008, 0.02024, 0.0204, 0.02032, 0.02024, 0.02024, 0.02, 0.02, 0.01992, 0.01984, 0.01992, 0.02016, 0.02024, 0.02024, 0.0204, 0.020640000000000002, 0.020720000000000002, 0.0208, 0.0208, 0.02088, 0.02088, 0.02096, 0.0208, 0.02088, 0.02104, 0.02128, 0.02144, 0.02144, 0.02144, 0.02144, 0.0216, 0.0216, 0.02152, 0.02176, 0.02168, 0.02176, 0.0216, 0.0216, 0.02144, 0.0216, 0.0216, 0.02176, 0.02176, 0.021840000000000002, 0.021840000000000002, 0.021840000000000002, 0.02176, 0.0216, 0.0216, 0.02152, 0.0216, 0.0216, 0.02168, 0.021920000000000002, 0.022080000000000002, 0.022160000000000003, 0.022160000000000003, 0.022080000000000002, 0.022080000000000002, 0.022160000000000003, 0.022240000000000003, 0.022480000000000003, 0.022240000000000003, 0.022400000000000003, 0.022400000000000003, 0.022400000000000003, 0.022480000000000003, 0.022640000000000004, 0.022640000000000004, 0.022720000000000004, 0.022560000000000004, 0.022720000000000004, 0.022640000000000004, 0.022720000000000004, 0.022720000000000004, 0.022720000000000004, 0.022400000000000003, 0.022400000000000003, 0.022480000000000003, 0.022480000000000003, 0.022480000000000003, 0.022560000000000004, 0.022480000000000003, 0.022400000000000003, 0.022400000000000003, 0.022400000000000003, 0.022240000000000003, 0.022320000000000003, 0.022400000000000003, 0.022480000000000003, 0.022400000000000003, 0.022320000000000003, 0.022320000000000003, 0.022320000000000003, 0.022320000000000003, 0.022240000000000003, 0.022160000000000003, 0.022160000000000003, 0.022320000000000003, 0.022320000000000003, 0.022320000000000003, 0.022640000000000004, 0.022640000000000004, 0.022720000000000004, 0.022640000000000004, 0.0228, 0.02288, 0.02288, 0.022720000000000004, 0.022640000000000004, 0.022560000000000004, 0.022640000000000004, 0.02288, 0.02288, 0.02296, 0.02304, 0.02304, 0.02304, 0.02304, 0.02304, 0.02296, 0.02312, 0.02296, 0.02296, 0.0228, 0.02288, 0.0228, 0.02296, 0.02304, 0.02288, 0.02296, 0.02304, 0.02296, 0.02288, 0.02288, 0.02288, 0.0228, 0.022720000000000004, 0.022720000000000004, 0.0228, 0.022720000000000004, 0.022720000000000004, 0.0228, 0.02296, 0.022640000000000004, 0.022640000000000004, 0.022560000000000004, 0.022480000000000003, 0.022400000000000003, 0.022400000000000003, 0.022320000000000003, 0.022400000000000003, 0.022240000000000003, 0.022240000000000003, 0.022400000000000003, 0.022480000000000003, 0.022480000000000003, 0.022480000000000003, 0.022400000000000003, 0.022160000000000003, 0.022080000000000002, 0.022160000000000003, 0.022000000000000002, 0.022080000000000002, 0.022080000000000002, 0.022160000000000003, 0.022240000000000003, 0.022080000000000002, 0.022160000000000003, 0.022000000000000002, 0.022320000000000003, 0.022320000000000003, 0.022400000000000003, 0.022240000000000003, 0.022320000000000003, 0.022400000000000003, 0.022400000000000003, 0.022400000000000003, 0.022480000000000003, 0.022560000000000004, 0.022560000000000004, 0.022720000000000004, 0.02312, 0.023200000000000002, 0.02296, 0.02288, 0.02304, 0.02304, 0.02296, 0.023200000000000002, 0.023440000000000003, 0.023440000000000003, 0.023600000000000003, 0.023600000000000003, 0.023600000000000003, 0.023600000000000003, 0.023600000000000003, 0.023600000000000003, 0.023440000000000003, 0.023520000000000003, 0.023520000000000003, 0.023600000000000003, 0.023600000000000003, 0.023520000000000003, 0.023520000000000003, 0.023760000000000003, 0.023680000000000003, 0.023760000000000003, 0.023680000000000003, 0.023520000000000003, 0.023600000000000003, 0.023440000000000003, 0.023440000000000003, 0.023600000000000003, 0.023840000000000004, 0.023840000000000004, 0.024000000000000004, 0.024080000000000004, 0.024000000000000004, 0.024080000000000004, 0.023840000000000004, 0.023920000000000004, 0.023760000000000003, 0.023680000000000003, 0.023680000000000003, 0.023600000000000003, 0.023600000000000003, 0.023600000000000003, 0.023680000000000003, 0.023440000000000003, 0.023440000000000003, 0.023600000000000003, 0.023680000000000003, 0.023680000000000003, 0.023760000000000003, 0.023760000000000003, 0.023760000000000003, 0.023840000000000004, 0.023920000000000004, 0.024000000000000004, 0.023840000000000004, 0.02384, 0.02408, 0.02408, 0.024080000000000004, 0.02416, 0.02408, 0.024239999999999998, 0.024159999999999994, 0.02416, 0.024239999999999998, 0.02416, 0.02416, 0.024319999999999998, 0.024319999999999998, 0.024399999999999998, 0.02456, 0.02448, 0.02448, 0.02456, 0.02456, 0.02448, 0.024399999999999998, 0.02464, 0.02472, 0.02472, 0.0248, 0.02496, 0.02496, 0.02496, 0.02496, 0.02488, 0.02496, 0.024959999999999996, 0.024959999999999996, 0.024879999999999996, 0.024959999999999996, 0.024959999999999996, 0.02504, 0.024799999999999996, 0.024799999999999996, 0.024799999999999996, 0.024719999999999995, 0.024799999999999996, 0.025039999999999996, 0.025039999999999996, 0.024959999999999996, 0.024959999999999996, 0.025039999999999996, 0.025119999999999996, 0.025039999999999996, 0.025039999999999996, 0.024959999999999996, 0.025119999999999996, 0.025199999999999997, 0.025199999999999997, 0.025199999999999997, 0.025359999999999997, 0.025279999999999997, 0.025199999999999997, 0.025039999999999996, 0.024959999999999996, 0.024959999999999996, 0.025039999999999996, 0.025039999999999996, 0.025039999999999996, 0.025119999999999996, 0.025119999999999996, 0.025119999999999996, 0.025199999999999997, 0.025279999999999997, 0.025119999999999996, 0.025119999999999996, 0.025119999999999996, 0.025119999999999996, 0.025119999999999996, 0.025199999999999997, 0.025279999999999997, 0.025439999999999997, 0.025519999999999998, 0.025599999999999998, 0.025759999999999995, 0.025839999999999995, 0.025919999999999995, 0.025919999999999995, 0.025919999999999995, 0.025839999999999995, 0.026079999999999996, 0.025999999999999995, 0.025999999999999995, 0.025759999999999995, 0.025759999999999995, 0.025759999999999995, 0.025599999999999998, 0.025519999999999998, 0.025759999999999995, 0.025679999999999994, 0.025759999999999995, 0.025599999999999998, 0.025599999999999998, 0.025439999999999997, 0.025439999999999997, 0.025439999999999997, 0.025279999999999997, 0.025119999999999996, 0.024959999999999996, 0.025039999999999996, 0.025119999999999996, 0.025039999999999996, 0.025119999999999996, 0.025039999999999996, 0.025039999999999996, 0.025119999999999996, 0.025119999999999996, 0.025119999999999996, 0.025199999999999997, 0.025359999999999997, 0.025439999999999997, 0.025359999999999997, 0.025519999999999998, 0.025599999999999998, 0.025439999999999997, 0.025439999999999997, 0.025439999999999997, 0.025519999999999998, 0.025439999999999997, 0.025439999999999997, 0.025519999999999998, 0.025679999999999994, 0.025599999999999998, 0.025759999999999995, 0.025679999999999994, 0.025759999999999995, 0.025679999999999994, 0.025679999999999994, 0.025679999999999994, 0.025999999999999995, 0.026079999999999996, 0.025999999999999995, 0.026000000000000002, 0.026080000000000002, 0.026000000000000002, 0.026000000000000002, 0.026000000000000002, 0.026080000000000002, 0.026080000000000002, 0.026160000000000003, 0.026160000000000003, 0.026000000000000002, 0.026000000000000002, 0.026000000000000002, 0.026160000000000003, 0.026080000000000002, 0.026000000000000002, 0.026160000000000003, 0.026000000000000002, 0.026160000000000003, 0.025920000000000002, 0.025920000000000002, 0.025920000000000002, 0.026000000000000002, 0.025920000000000002, 0.025840000000000002, 0.026080000000000002, 0.026160000000000003, 0.02624, 0.02632, 0.02632, 0.02632, 0.0264, 0.02648, 0.02648, 0.0264, 0.02648, 0.0264, 0.0264, 0.02632, 0.026319999999999996, 0.025999999999999995, 0.026079999999999996, 0.025999999999999995, 0.026159999999999996, 0.025999999999999995, 0.025999999999999995, 0.025999999999999995, 0.026239999999999996, 0.026239999999999996, 0.026239999999999996, 0.026000000000000002, 0.026159999999999996, 0.026239999999999996, 0.026239999999999996, 0.026319999999999996, 0.026319999999999996, 0.026319999999999996, 0.026239999999999996, 0.026319999999999996, 0.026399999999999996, 0.026319999999999996, 0.026319999999999996, 0.026399999999999996, 0.026399999999999996, 0.026239999999999996, 0.026239999999999996, 0.026399999999999996, 0.026479999999999997, 0.026559999999999997, 0.026479999999999997, 0.026559999999999997, 0.026479999999999997, 0.026719999999999997, 0.026719999999999997, 0.026719999999999997, 0.026799999999999997, 0.026879999999999998, 0.026959999999999998, 0.026799999999999997, 0.026959999999999998, 0.02712, 0.02712, 0.02712, 0.0272, 0.02728, 0.02728, 0.0272, 0.02728, 0.02728, 0.02728, 0.02728, 0.0276, 0.02752, 0.02752, 0.0276, 0.02752, 0.0276, 0.0276, 0.02744, 0.02752, 0.0276, 0.0276, 0.02752, 0.02744, 0.02744, 0.02752, 0.02744, 0.02736, 0.02744, 0.02752, 0.02736, 0.02728, 0.02736, 0.02752, 0.027839999999999997, 0.027919999999999997, 0.027919999999999997, 0.028159999999999998, 0.028079999999999997, 0.027999999999999997, 0.027839999999999997, 0.027919999999999997, 0.027919999999999997, 0.027759999999999996, 0.027839999999999997, 0.028079999999999997, 0.028239999999999998, 0.028159999999999998, 0.028079999999999997, 0.028079999999999997, 0.028079999999999997, 0.027919999999999997, 0.027919999999999997, 0.027839999999999997, 0.027919999999999997, 0.027919999999999997, 0.027919999999999997, 0.027759999999999996, 0.027759999999999996, 0.027839999999999997, 0.027759999999999996, 0.027919999999999997, 0.027839999999999997, 0.027839999999999997, 0.027999999999999997, 0.028319999999999998, 0.028399999999999998, 0.028399999999999998, 0.028399999999999998, 0.02848, 0.02848, 0.02848, 0.02848, 0.02848, 0.02856, 0.02872, 0.0288, 0.02872, 0.02872, 0.02904, 0.02904, 0.02896, 0.02904, 0.02888, 0.0288, 0.02864, 0.02856, 0.02856, 0.02856, 0.02864, 0.02872, 0.02864, 0.02864, 0.02864, 0.02864, 0.02856, 0.028399999999999998, 0.028319999999999998, 0.028239999999999998, 0.02848, 0.02848, 0.02856, 0.02856, 0.028399999999999998, 0.028399999999999998, 0.02848, 0.028319999999999998, 0.028319999999999998, 0.028319999999999998, 0.028319999999999998, 0.028079999999999997, 0.028159999999999998, 0.028239999999999998, 0.028159999999999998, 0.028319999999999998, 0.028319999999999998, 0.028319999999999998, 0.028319999999999998, 0.028239999999999998, 0.028319999999999998, 0.028319999999999998, 0.028319999999999998, 0.028399999999999998, 0.02864, 0.02888, 0.02904, 0.02896, 0.02896, 0.02912, 0.0292, 0.02928, 0.02944, 0.02944, 0.02936, 0.02936, 0.0292, 0.02912, 0.02896, 0.02896, 0.02904, 0.02896, 0.02896, 0.02896, 0.02888, 0.0288, 0.02896, 0.02896, 0.02912, 0.0292, 0.02904, 0.02912, 0.02904, 0.0292, 0.02928, 0.0292]","[0.0, 0.0, 0.0, 0.0, 0.0, 0.0, 0.000848528137423857, 0.000848528137423857, 0.000848528137423857, 0.000848528137423857, 0.0011876919823329444, 0.0011876919823329444, 0.0016442850937072179, 0.0016442850937072179, 0.0018182745801939794, 0.0018182745801939794, 0.0022219682394541236, 0.0022219682394541236, 0.0022219682394541236, 0.0022219682394541236, 0.002710523708715754, 0.0028582854858056686, 0.003163310072099303, 0.0032162850924503518, 0.003521595185858424, 0.003521595185858424, 0.004000204076426754, 0.004020356365562939, 0.004036769773479983, 0.004405747637450193, 0.004732173854345917, 0.0051770293270428, 0.005283783431116265, 0.0057639272326129466, 0.005742217448380877, 0.005690808916353542, 0.005690808916353542, 0.005722993365470949, 0.0060609152673132645, 0.006455372703004365, 0.006487161575459828, 0.006442841305016961, 0.006573788396164804, 0.006414269805898185, 0.006582723212923295, 0.006582723212923295, 0.006883876458946719, 0.006925374814876853, 0.0072081586428441044, 0.007241715886417517, 0.00717546841249932, 0.007131304943983369, 0.007160093489299578, 0.007294280678191983, 0.007397296803562771, 0.007784442884395013, 0.0076866170473526944, 0.007870793337085026, 0.007751339581396395, 0.007912686790521786, 0.008313843876330612, 0.008313843876330612, 0.008293493884746437, 0.008182011129450325, 0.008182011129450325, 0.008371087267542748, 0.008342074327266129, 0.00864312868522665, 0.008986520517998507, 0.008986520517998507, 0.009218968909542002, 0.009171829096728298, 0.009041943081764979, 0.0090719572399381, 0.009100257901705369, 0.009126861006761015, 0.009126861006761015, 0.009412193567660094, 0.00939265887895044, 0.009578547459222167, 0.009743569307863667, 0.009859751207690334, 0.009788706528965106, 0.009788706528965106, 0.010013541851321302, 0.01008445965486561, 0.010297136514981398, 0.010051621861213061, 0.010414197530490844, 0.010405728406674343, 0.010592565741103135, 0.010472588125235152, 0.010771390678220577, 0.010556437246862163, 0.01074954199309089, 0.01088875098251327, 0.010842094834863014, 0.010793875814647897, 0.011046173961316807, 0.011046173961316807, 0.010939238491572903, 0.011215805174586696, 0.011492748379135534, 0.01176254866176579, 0.01176254866176579, 0.012076288117376032, 0.011891756705845457, 0.012073854363196265, 0.012005508939564336, 0.011993263415223514, 0.012158745907404117, 0.012136973364433968, 0.012231041139123799, 0.01230291155186695, 0.012340475960787554, 0.012376739209880274, 0.012242448734644884, 0.01217987634399882, 0.012553558727894407, 0.01255999480046688, 0.01282853961179637, 0.012730230772071813, 0.012730230772071813, 0.012527781372711171, 0.012527781372711171, 0.012541262508460719, 0.012347618129395959, 0.01242650229081673, 0.012785514763008255, 0.012956189916131098, 0.013067423273943803, 0.013375823453575651, 0.013467784691247328, 0.013445946206487482, 0.013445946206487482, 0.013268283496322178, 0.013239458648529497, 0.013239458648529497, 0.013243342570853462, 0.013801863228253951, 0.014283199778703907, 0.014289370960576942, 0.014289370960576942, 0.014697438344063602, 0.014697438344063602, 0.014774716406684738, 0.014737374395788165, 0.014598630072715727, 0.01446719018457747, 0.014641344869643524, 0.014503708181717121, 0.014858021952014024, 0.01504719107287714, 0.015496991149699916, 0.015619767695364193, 0.015584450649311202, 0.01539806507855014, 0.015429047611699227, 0.015600941886793313, 0.01570420455853548, 0.016441063573521375, 0.016604695672229195, 0.016664761795905925, 0.016512407209027236, 0.016831893923775317, 0.016807432758109354, 0.016873309439128157, 0.01675270310202177, 0.016759718472137475, 0.017450384476204155, 0.017897668300989517, 0.017757964582756917, 0.017576654275208468, 0.01747436606540435, 0.017440277099464975, 0.017788967000328476, 0.01772607902360306, 0.01785657141942828, 0.01785657141942828, 0.01779433526004663, 0.01779433526004663, 0.01783227983409953, 0.017898078793261468, 0.017898078793261468, 0.017802590960249557, 0.017802590960249557, 0.017536480925924282, 0.017421731678965716, 0.017743064180986673, 0.01771654363490088, 0.017764169394759617, 0.017607975929292117, 0.01748907530723225, 0.01736597658806273, 0.01765339766106207, 0.017948907078318792, 0.018043213433876132, 0.018154034801989245, 0.0180871360307794, 0.01843355414366277, 0.01843355414366277, 0.01855907281287159, 0.018482909921970447, 0.018501582943861086, 0.01851309519981872, 0.018622303941285907, 0.018609674903124984, 0.018712039123603426, 0.018849738806180433, 0.018905781428668098, 0.01888673003536005, 0.01881814148580013, 0.018664863858521518, 0.018664863858521518, 0.019175877703883223, 0.019251970479588286, 0.019251970479588286, 0.01932510263457182, 0.01927180450761142, 0.019524803691296708, 0.019320539984848315, 0.019320539984848315, 0.019311791893101192, 0.01955676197062055, 0.019620896815302165, 0.019742216239338892, 0.019801298658709953, 0.019953578779819146, 0.01965830561345094, 0.019710931391655, 0.019853545408972235, 0.019758583771441244, 0.019837256228971725, 0.019837256228971725, 0.020001020382133774, 0.020211130495802736, 0.019925944527327242, 0.019667273137195743, 0.019553756359203773, 0.019877214932414143, 0.020299633051875994, 0.020617448524816777, 0.02051277352166255, 0.02060746843020852, 0.020942720716764767, 0.020942720716764767, 0.020899174868977043, 0.020678649148632627, 0.020655542320922697, 0.020448202355997865, 0.0205371142379958, 0.020515638634257247, 0.020521725670366905, 0.020638818191130292, 0.02068397782766918, 0.020722303866873015, 0.020651629376840158, 0.020863638910109342, 0.020858356129095198, 0.020745336333543418, 0.02066443262008914, 0.020988976698665965, 0.02093570331919584, 0.02081992765969906, 0.0210780473866213, 0.02148848766295144, 0.02175049612382791, 0.02175049612382791, 0.02156221184368238, 0.021780200707457745, 0.021807169762746024, 0.02207238555484279, 0.021887877550677896, 0.021934819956649112, 0.02194051326767402, 0.022045740946440223, 0.02218294987836655, 0.022153453685691573, 0.02215875926682038, 0.02232655598252485, 0.022425386489059077, 0.02238078622025452, 0.022376518304431797, 0.02249081445154616, 0.02272835144007751, 0.023158724719039365, 0.023391050093781507, 0.023418987586824428, 0.02339262050043883, 0.02345785626198957, 0.023946368648055417, 0.024102637674270067, 0.02377887932684836, 0.023816852205520187, 0.024018666210483302, 0.024096540525687965, 0.024038234849794556, 0.024098064957458257, 0.02412701086046973, 0.023900610529303836, 0.02422668456264619, 0.024237902515839668, 0.024039457360849094, 0.024133100310822993, 0.024462382616280576, 0.02488638673849539, 0.025251841719052526, 0.025251841719052526, 0.025202040733695696, 0.02500860260153759, 0.02502974556932823, 0.025174039105752558, 0.025174039105752558, 0.025064944216403685, 0.025064944216403685, 0.02499096979768035, 0.024914416775539943, 0.024914416775539943, 0.024830823504635672, 0.024776025277905827, 0.024487597860541402, 0.024579533546993017, 0.02455201891195633, 0.024304194649299126, 0.024391400291153137, 0.02462283658786398, 0.02473685179513945, 0.025035615447125053, 0.02507783800856193, 0.025176081943797696, 0.02505585596956023, 0.02505585596956023, 0.024926209466490226, 0.024811583864750575, 0.024797662826013527, 0.024930924980998265, 0.024646695353266624, 0.02470475456180821, 0.024791736608830623, 0.024665467887766676, 0.02482579303869264, 0.024571461793997475, 0.02448489746928977, 0.024128533367135673, 0.024038234849794556, 0.024306915115846758, 0.024243661069253058, 0.024331083671983483, 0.024417591517391802, 0.02426213981847909, 0.023553811598472262, 0.023553811598472262, 0.023826721408142255, 0.024080680714495373, 0.023814384265800022, 0.023953730909605623, 0.023953730909605623, 0.023673596762500398, 0.02358747505757742, 0.02358747505757742, 0.02358747505757742, 0.023703061026812893, 0.023567532145487177, 0.023567532145487177, 0.023514164207288912, 0.023662111279513533, 0.02361238001125508, 0.02384305828897435, 0.02384305828897435, 0.023912903185843208, 0.02412944682502342, 0.02418783637639854, 0.024421502736694304, 0.024317491814808235, 0.024328667896797253, 0.02387754474097249, 0.024190569928577287, 0.024056260587825944, 0.024056260587825944, 0.023861539372481602, 0.02398438267383378, 0.023977029824056056, 0.024111171092018147, 0.02418327976946393, 0.024163524543562492, 0.024163524543562492, 0.024544836108473748, 0.024561592715756322, 0.024843543077690457, 0.02473120807929173, 0.024507691420766465, 0.024607315985291856, 0.024607315985291856, 0.024311448550266294, 0.024098064957458257, 0.024066031612025706, 0.024, 0.023965996319615775, 0.02374177408566373, 0.023643474312186448, 0.02347507579696963, 0.02347507579696963, 0.02352259877354593, 0.023359619790028558, 0.02360646746386356, 0.02364502795385904, 0.023691899933289004, 0.023783513411690913, 0.023642542078176943, 0.023418987586824428, 0.023418987586824428, 0.023877544740972485, 0.023877544740972485, 0.023877544740972485, 0.02390798688168232, 0.02371700500760187, 0.02371700500760187, 0.023946368648055417, 0.024044041223707527, 0.024091661695808907, 0.02424638832772369, 0.024280301917902293, 0.024281512241511934, 0.024369402025943124, 0.024451568122995086, 0.02462731186702922, 0.0247071335646123, 0.024582223542342834, 0.024582223542342834, 0.024539148231313312, 0.024880481654239308, 0.024880481654239308, 0.024724077333643818, 0.02499714269385889, 0.02499714269385889, 0.024841177138627168, 0.024929746185991527, 0.02482490520359236, 0.02474872909538457, 0.024802106559643648, 0.02498067824768346, 0.024998318310785365, 0.024998318310785365, 0.025473443554623946, 0.025542281872716583, 0.02551609336101754, 0.02537374506799322, 0.025721427579640556, 0.025720285014449, 0.025604336367426643, 0.02534013514130483, 0.025539117655319358, 0.025539117655319358, 0.025539117655319358, 0.025439676547808994, 0.025485842408390313, 0.02547921121388244, 0.0253691118633407, 0.0253473824273507, 0.025150680601007152, 0.024778397437926383, 0.02478343752408459, 0.02478343752408459, 0.02478343752408459, 0.024684821412423976, 0.024821353545621455, 0.024651166301008963, 0.02467172222507015, 0.0247071335646123, 0.02475021335715088, 0.02461089853155736, 0.024281512241511934, 0.024281512241511934, 0.02431144855026629, 0.02431144855026629, 0.02425002419523304, 0.02403548397257518, 0.024185710066660673, 0.024185710066660673, 0.02438748424407696, 0.024292402440403676, 0.024432330537838668, 0.024351306380746385, 0.024435638075631774, 0.024353719910300924, 0.024402241449405872, 0.024467187523418428, 0.024363371637583755, 0.024182975965141518, 0.024181760709683822, 0.024269103563071753, 0.024220921973048214, 0.024213640952224953, 0.024598954681623597, 0.0247071335646123, 0.0247071335646123, 0.02483526130487925, 0.025019176318845298, 0.024966557223450668, 0.024849456939822278, 0.02499714269385889, 0.02487664259780197, 0.024723780174610212, 0.024746354091387413, 0.02475466560848187, 0.024658616079147173, 0.024791736608830623, 0.024791736608830623, 0.024812768273365933, 0.024534057960313046, 0.024534057960313046, 0.02470148305883925, 0.02448009603822698, 0.02451368630635814, 0.024379348905605017, 0.024379348905605017, 0.024467187523418428, 0.024462382616280573, 0.024444055243242557, 0.024598954681623594, 0.02454603338835097, 0.024266681617697423, 0.024521177852324022, 0.024845021675193125, 0.024845021675193125, 0.024660999532849105, 0.02486482639868484, 0.024948894703749412, 0.02503209368562115, 0.02514366881806736, 0.024932103720271326, 0.025189210518208233, 0.02492178786130886, 0.02485300458163346, 0.02480210655964364, 0.024599850671522875, 0.024599850671522875, 0.024497196840888233, 0.024394713378441783, 0.024394713378441783, 0.02429935751229246, 0.02429330973661645, 0.02442481174075715, 0.024493597664096065, 0.024658616079147173, 0.024932103720271326, 0.024932103720271326, 0.024932103720271326, 0.024932103720271326, 0.025085161074277534, 0.024657126303586564, 0.024544836108473748, 0.024607315985291853, 0.02425123602993447, 0.024544836108473748, 0.024597461292597177, 0.02476653436574839, 0.02502651654969674, 0.025211076282993926, 0.0253691118633407, 0.02531141550964783, 0.0255206998816447, 0.025811530408730445, 0.025811530408730445, 0.0258990504908294, 0.02596902393394162, 0.026263002610563194, 0.026358780436933137, 0.026436709171845398, 0.026769492230629147, 0.02667601536808613, 0.02655234337634835, 0.02659215781283755, 0.02632447452815865, 0.02632447452815865, 0.02641891715558133, 0.026365747724296094, 0.02634121469934017, 0.026226050299000693, 0.026276426930709168, 0.026268596911016573, 0.026268596911016573, 0.02626384183159619, 0.026441433163788643, 0.026441433163788643, 0.026490013520693616, 0.026833089532842674, 0.02670244198876322, 0.02670244198876322, 0.026624187254051072, 0.02670904455843544, 0.02670904455843544, 0.026828434504442923, 0.026969642798024992, 0.027042551503819578, 0.027201560579481164, 0.027187512139335783, 0.027327940400451185, 0.027364478688210944, 0.027210472173748973, 0.026783759928702452, 0.027084629273023894, 0.027192916244447758, 0.02699659842518335, 0.026966373618313028, 0.026962831559654222, 0.026962831559654222, 0.026981354105896076, 0.026981354105896076, 0.026839659963173442, 0.02655234337634835, 0.02655234337634835, 0.026628326179128133, 0.026628326179128133, 0.026391093117155404, 0.026391093117155404, 0.026149460524345157, 0.026251810433195046, 0.02607292754986306, 0.026162943103495345, 0.02626300261056319, 0.026584144422829886, 0.02689872161441498, 0.02689872161441498, 0.026894351125263824, 0.027186701430917976, 0.026914831659612993, 0.027011834141232784, 0.02695411066298892, 0.02695411066298892, 0.026853616789808358, 0.02702379903503048, 0.02727169422904358, 0.027380583020283043, 0.02754217545095936, 0.02772800838465669, 0.027665671648364185, 0.027665671648364185, 0.027688765864553096, 0.02746711577467849, 0.027435267039907237, 0.027262263669918595, 0.027302119227007163, 0.02739345966929079, 0.027343797565556296, 0.027414907310752353, 0.027414907310752353, 0.02737065313545193, 0.026777998888822818, 0.026635222958346274, 0.026475587523110373, 0.02651911901759536, 0.026606244471889664, 0.026606244471889664, 0.026612870907874328, 0.026452545111144653, 0.02642586858765942, 0.026508866441249425, 0.026673811967882637, 0.026754942324279267, 0.026668027176178364, 0.02655455685557412, 0.02700857006845896, 0.02705776134456788, 0.02705776134456788, 0.02705776134456788, 0.02705776134456788, 0.027018633026343962, 0.027004489422679183, 0.027277081656098576, 0.027418926875798916, 0.027247167986146854, 0.027316915593657724, 0.02725363858875601, 0.02728058291315698, 0.027293237556701305, 0.027385949026492263, 0.027381656305651352, 0.02741892687579892, 0.02734836487295885, 0.027321218486587247, 0.027039019424316618, 0.026833910924615595, 0.027030594910665392, 0.026899541002077507, 0.027083815484980872, 0.026948658669433485, 0.026672434750322365, 0.026615355396033002, 0.026502214000697667, 0.02621260017936537, 0.026347628944943188, 0.026347628944943188, 0.026230532139598896, 0.026668027176178364, 0.026879048816989833, 0.026879048816989833, 0.02698679949417447, 0.02715506492388498, 0.02722450876601854, 0.02722450876601854, 0.027320142826889333, 0.027267383521006057, 0.027531236434127634, 0.027531236434127634, 0.027648670485067393, 0.027648670485067393, 0.027648670485067393, 0.027712105952571175, 0.027580561033792906, 0.02758881761045328, 0.02758881761045328, 0.02758881761045328, 0.027450259282816938, 0.02767523021307933, 0.02765823492531064, 0.027741783118830788, 0.02764202656559503, 0.0276462788579924, 0.027622085218837748, 0.02751522027785305, 0.027644418560552518, 0.02774813838212339, 0.0280276539823636, 0.028221745849176486, 0.02796677328837321, 0.027959153880514443, 0.028134400469814854, 0.027880473746450772, 0.027701764476329677, 0.027664343808725105, 0.027664343808725105, 0.027785446197751862, 0.027548576762378364, 0.027481021280371748, 0.027209122119807763, 0.027392118634112738, 0.027598402793181598, 0.027607186287158594, 0.027615434903292022, 0.02738997284125886, 0.027256873314031142, 0.027233952398895502, 0.027233952398895502, 0.027026245747119104, 0.02705748981524415, 0.02705748981524415, 0.027000952364156127, 0.027000952364156127, 0.027159393459008332, 0.027152900397563424, 0.027364478688210948, 0.02744035461185751, 0.027509879486972588, 0.027557109531195136, 0.027557109531195136, 0.027557109531195136, 0.02732901575323957, 0.02732901575323957, 0.027633785887007583, 0.027731187776765063, 0.027748403153172986, 0.028007462562389927, 0.027864658326874733, 0.027827456709853586, 0.0279318120151375, 0.02787599362189917, 0.02787599362189917, 0.0278340563676506, 0.02775766854880478, 0.02775766854880478, 0.027553910052543786, 0.02743633818608497, 0.02728246801930664, 0.027154253246733834, 0.027193186421511955, 0.02741812300993186, 0.02741812300993186, 0.027371995222288406, 0.027298620732145992, 0.027380583020283043, 0.027380583020283043, 0.027380583020283043, 0.027003401146325767, 0.027156417665225346, 0.02675741362077937, 0.026854984715721446, 0.026738461177159185, 0.026738461177159185, 0.026738461177159185, 0.026822956966154256, 0.0265689399756289, 0.02685908807545219, 0.02685908807545219, 0.02685908807545219, 0.026846228785436514, 0.026846228785436514, 0.027320142826889333, 0.02713909748397868, 0.027230714950854554, 0.02726765296022347, 0.02726765296022347, 0.02726765296022347, 0.02726765296022347, 0.02675851190151787, 0.02686701946055568, 0.02679884249708695, 0.026857173252262435, 0.026975090550433404, 0.026672434750322365, 0.026412242059549677, 0.026491400221850973, 0.026491400221850973, 0.02656451522967726, 0.026531029196095686, 0.026531029196095686, 0.026496946300759, 0.026600721180955578, 0.026769492230629147, 0.026668302670903875, 0.02675741362077937, 0.02675741362077937, 0.026402504519419348, 0.026237253465020975, 0.02625153056762324, 0.02625153056762324, 0.026181189695610684, 0.02619437546731071, 0.025965628772495006, 0.025965628772495006, 0.02589224137198837, 0.02589224137198837, 0.02587492679670213, 0.02587492679670213, 0.025942133407148415, 0.02577963125715925, 0.025879753334470967, 0.02601086115374083, 0.02562154705456694, 0.025742841287453497, 0.026171927630924845, 0.026171927630924845, 0.026004363841007728, 0.025920317458373407, 0.0259477968865433, 0.026226050299000696, 0.026192412049667973, 0.02615170810357698, 0.026230532139598896, 0.026112347536702843, 0.026021309948359085, 0.025950061932213466, 0.02584793837750599, 0.02584793837750599, 0.026307723704847828, 0.02639805187617342, 0.026414467278986588, 0.02651357757675051, 0.026873581595222882, 0.027050972293816283, 0.027481021280371744, 0.027385949026492263, 0.027504537659025184, 0.0274620331604585, 0.027330897518809617, 0.027330897518809617, 0.027330897518809617, 0.027330897518809617, 0.027330897518809617, 0.02729431427672684, 0.0272212701948386, 0.027363136232709067, 0.027363136232709067, 0.027354811538113623, 0.027444905850500873, 0.026893258391998083, 0.02686701946055568, 0.02686701946055568, 0.026811998532487696, 0.026811998532487696, 0.02650470886157278, 0.026388030681831983, 0.026184556906851855, 0.026230532139598892, 0.026218205234422236, 0.026295153584659215, 0.026769492230629147, 0.026870027304543975, 0.026898721614414985, 0.026804324963234826, 0.026764002629178874, 0.026668027176178364, 0.02662639476082302, 0.02662639476082302, 0.02673433930283641, 0.02705776134456788, 0.027159663969548213, 0.027277081656098576, 0.027277081656098576, 0.027623149120745424, 0.027954160728607402, 0.027954160728607402, 0.02788126428193642, 0.02788126428193642, 0.02801821564916769, 0.027948903815530866, 0.027873885078828806, 0.027771693120433084, 0.027771693120433084, 0.027885743559703607, 0.028226171095171188, 0.02881555702273708, 0.02870827229143516, 0.02875608897366303, 0.028649863767172632, 0.028649863767172632, 0.028722344284972456, 0.028966863545670067, 0.0288848240642814, 0.02885301243424354, 0.02876962684101809, 0.028600585123171086, 0.028514915538420685, 0.028829576649613126, 0.028896013424635842, 0.028896013424635842, 0.028961790450910473, 0.0287356423776665, 0.028825753791230736, 0.028925491899579738, 0.028972189339123836, 0.028972189339123836, 0.028736920716125762, 0.02845404458176772, 0.02859724547888471, 0.0285779706795858, 0.028558168351486352, 0.028284155801221206, 0.0281584148440677, 0.028292466726487244, 0.029092393283103674, 0.029092393283103674, 0.02909643361272292, 0.02909769610067689, 0.029199273124864054, 0.029199273124864054, 0.02937412438990258, 0.02937412438990258, 0.02937412438990258, 0.029318796645406407, 0.029262611096128543, 0.029062325707179804, 0.028980049435881276, 0.028991202043350456, 0.029067381255648478, 0.029067381255648478, 0.029067381255648478, 0.028939458268909583, 0.028876683624385564, 0.028761198351463818, 0.028670371537209503, 0.028946819641317057, 0.029007416363434246, 0.028822440237157052, 0.028822440237157052, 0.0287798398826934, 0.028998550280442417, 0.028998550280442417, 0.02887846454169117, 0.028859377565522575, 0.02876324184845396, 0.029254575780237057, 0.029254575780237057, 0.0291330235510235, 0.028988414293736494, 0.028988414293736494, 0.029067128499108294, 0.029067128499108294, 0.029067128499108294, 0.029020583827936434, 0.02899753684120675, 0.02896990697610335, 0.028889656365176087, 0.028810457285152417, 0.028730528455044514, 0.028666271156898248, 0.028583882999811957, 0.028699825783443357, 0.028497647593570718, 0.028497647593570718, 0.028608804125118334, 0.028573599917491983, 0.028573599917491983, 0.028681388404614004, 0.028567685469096455, 0.029003616945449534, 0.028978274761677334, 0.02891405985230814, 0.029077489715641985, 0.029077489715641985, 0.029077489715641985, 0.029012481480091515, 0.029073446753394225, 0.029073446753394225, 0.02885504942901711, 0.02885504942901711, 0.02890719845382772, 0.028838749442161242, 0.028725413622002073, 0.028788773322039187, 0.02876860533743728, 0.028951641594569526, 0.028951641594569526, 0.028835946954013734, 0.028767583797584054, 0.02897218933912384, 0.029148906935084276, 0.029220652467257555, 0.02921838951267311, 0.02921838951267311, 0.02929096816983916, 0.029384127327104853, 0.029384127327104853, 0.029384127327104853, 0.02942510381789464, 0.029469763127237897, 0.02938912751897427, 0.02938912751897427, 0.029382877146184226, 0.029799986303242987, 0.030164853179601905, 0.03027935243154103, 0.03027935243154103, 0.03027935243154103, 0.030292209546080886, 0.030401396315945486, 0.03041323557202002, 0.030448725719793002, 0.030448725719793002, 0.030227869287011506, 0.030227869287011506, 0.030140487381458133, 0.030110246408415697, 0.03024050534077277, 0.03017556789787367, 0.030085592185344425, 0.030043804753753026, 0.030001469351771864, 0.029890575949824805, 0.029890575949824805, 0.029698484809835, 0.029698484809835, 0.029785190128995456, 0.029763722611149797, 0.029842607535029448, 0.029992897118334878, 0.029992897118334878, 0.02982192044076824, 0.02979505506157774, 0.02979505506157774, 0.029788396590427146, 0.02992030230121211, 0.030074845411582955, 0.030074845411582955, 0.03006995924472782, 0.03006995924472782, 0.029969372120652153, 0.029959319356863415, 0.029924230847872012, 0.029924230847872012, 0.029986772594132984, 0.030024235108950754, 0.030255078845019847, 0.030455722293325493, 0.030392695148133, 0.030159007183355926, 0.030126833926733484, 0.030214498479494034, 0.03012976018788719, 0.03012976018788719, 0.03026212018955954, 0.030412027695821745, 0.030412027695821745, 0.030412027695821745, 0.03018530525042317, 0.03018530525042317, 0.03016266106378845, 0.030261149067032186, 0.03023758979705053, 0.03023758979705053, 0.030334865775748097, 0.030358833566364245, 0.03011219835541601, 0.030277653913911698, 0.030277653913911698, 0.030315241670668243, 0.030497908927983763, 0.030240505340772765, 0.030125614567361517, 0.030067271514497798, 0.03005725149355707, 0.029666555071256897, 0.029580495504398067, 0.029605322191133408, 0.029605322191133408, 0.029628144369425333, 0.02965862919479398, 0.0298406379534585, 0.0298406379534585, 0.0298406379534585, 0.030264790615836215, 0.030264790615836215, 0.030442210223065373, 0.030442210223065373, 0.030442210223065373, 0.030442210223065373, 0.03042555317022659, 0.03064906031119361, 0.03064906031119361, 0.030690981192047478, 0.03103378014686708, 0.03103378014686708, 0.03103378014686708, 0.030925875831063654, 0.03140490017659729, 0.03140490017659729, 0.03140490017659729, 0.03117078695162625, 0.03112290317500628, 0.03112290317500628, 0.03109810677353139, 0.03109810677353139, 0.03133182511929559, 0.03133182511929559, 0.031353156271151796, 0.031350578551443097, 0.03127361801380629, 0.03124611975909969, 0.03128371813592756, 0.03128371813592756, 0.03133651452949327, 0.03126774434996381, 0.03121247788161337, 0.03114744396103992, 0.031151217750626358, 0.031140602801762566, 0.030963863071757223, 0.030844997609839758, 0.030877136379858932, 0.030800901126494362, 0.030800901126494362, 0.030800901126494362, 0.03096077834807076, 0.030690023639945406, 0.030690023639945406, 0.030690023639945406, 0.03118421892887621, 0.031359013937017226, 0.03113895126227416, 0.031023361835749465, 0.031025493138543272, 0.030981890694733397, 0.030957218669562383, 0.030957218669562383, 0.030957218669562383, 0.030979756392238607, 0.030999670834328783, 0.030999670834328783, 0.031014124497837216, 0.031014124497837216, 0.03103378014686708, 0.030886890422960996, 0.031113459257028544, 0.030999670834328783, 0.030999670834328783, 0.030530653716003695, 0.030530653716003695, 0.030530653716003695, 0.030344309892583528, 0.030140487381458126, 0.030203554325237136, 0.0301090263772802, 0.030267946270412387, 0.030267946270412387, 0.03030457633656632, 0.03030457633656632, 0.03033874064086163, 0.030276440628694397, 0.030455722293325486, 0.030455722293325486, 0.030714192690889028, 0.030602760979882786, 0.03063467423208744, 0.03080948700961959, 0.030535466164405462, 0.030661522786577914, 0.030858095223398455, 0.030858095223398455, 0.030772264214678113, 0.030612362448753892, 0.030543405046535573, 0.03040357121880821, 0.030309667077804515, 0.030309667077804515, 0.03031039425675621, 0.03031039425675621, 0.030091696596929073, 0.030090719974294872, 0.030138293493392712, 0.030134392853566193, 0.03032299592112648, 0.03032299592112648, 0.030173620050281926, 0.030173620050281926, 0.030353993113908156, 0.030318149747001918, 0.030432555071227017, 0.030802093753377165, 0.030594357222820535, 0.030594357222820535, 0.03098568464728873, 0.03098568464728873, 0.03095128496228107, 0.030928488947432085, 0.03077345795138587, 0.030736908611966953, 0.030736908611966953, 0.030736908611966953, 0.030675896274516543, 0.03045572229332549, 0.030416858912820845, 0.030191876188059297, 0.030175567897873665, 0.03001224240001988, 0.029952452115896987, 0.029939694489464132, 0.030169480456587384, 0.030250221790382743, 0.030204770538199855, 0.0303793968850937, 0.0301882258437265, 0.030213525826310685, 0.030090719974294872, 0.030138293493392712, 0.029981872073992052, 0.029981872073992052, 0.029981872073992052, 0.029949508530600126, 0.02996422356540464, 0.02996422356540464, 0.030068248898742583, 0.030068248898742583, 0.030068248898742583, 0.030068248898742583, 0.030068248898742583, 0.030110002406143362, 0.030361737467424623, 0.030361737467424623, 0.030223007859603128, 0.0302278692870115, 0.030168749881089786, 0.030157789124834054, 0.030195039462853252, 0.030195039462853252, 0.030195039462853252, 0.030133417614715677, 0.030133417614715677, 0.030290269199253827, 0.03044583011560978, 0.03005236246613431, 0.02970936772488174, 0.029741745553538524, 0.029847530920342744, 0.029804916729031298, 0.029804916729031298, 0.029804916729031298, 0.029653674446234568, 0.029633103386694594, 0.029633103386694594, 0.029512612315996115, 0.029515848389000253, 0.029515848389000253, 0.029515848389000253, 0.029692299558323608, 0.029692299558323608, 0.029796287948504658, 0.029673736068195015, 0.029673736068195015, 0.029648718869661885, 0.029648718869661885, 0.02972098825505543, 0.03003671223074611, 0.03003671223074611, 0.029875824640655253, 0.029875824640655253, 0.029895737188449064, 0.02985122292644108, 0.029648966668162247, 0.029538739696492514, 0.029538739696492514, 0.02950763304914959, 0.02954346503933843, 0.029485963454096705, 0.029534511117314526, 0.029534511117314526, 0.029450061501616248, 0.029329068954098862, 0.028978274761677327, 0.0290155201256718, 0.02905221197100426, 0.02881963616306473, 0.028924221895236833, 0.028924221895236833, 0.02908456354726152, 0.029326062797171957, 0.029257589282308354, 0.029257589282308354, 0.029369872109954818, 0.029425103817894635, 0.02942984740645705, 0.029290968169839154, 0.029170323191593895, 0.029347850458434122, 0.029347850458434122, 0.029347850458434122, 0.029424105070225554, 0.029424105070225554, 0.02934985310953055, 0.02927465993458701, 0.02927465993458701, 0.02927465993458701, 0.02919851827383977, 0.02919851827383977, 0.02919851827383977, 0.02927265213924604, 0.029265874813021196, 0.029337835152385923, 0.029309022083826065, 0.029325060676381715, 0.029464028570306482, 0.029464028570306482, 0.029443824063973143, 0.02946103618444579, 0.029651692314990336, 0.02963384716770982, 0.029599365685426295, 0.02950389804754619, 0.029592166641370005, 0.029592166641370005, 0.029518586327524392, 0.02991318049534249, 0.030071180860873202, 0.030071180860873202, 0.030071180860873202, 0.03030069710250837, 0.03030069710250837, 0.03030069710250837, 0.03028056560008786, 0.03028056560008786, 0.03028056560008786, 0.030264790615836215, 0.030264790615836215, 0.030264790615836215, 0.030272800481283387, 0.030318149747001918, 0.030257021448562568, 0.03044389955981597, 0.03044389955981597, 0.030422896855184983, 0.030304576336566323, 0.030427726346413806, 0.03028541778830605, 0.030334865775748093, 0.03031039425675621, 0.030113906205253005, 0.030113906205253005, 0.02996324278791177, 0.03010731825063298, 0.030246578487559243, 0.030246578487559243, 0.030246578487559243, 0.030479836091476364, 0.030528969179840864, 0.030490440121052866, 0.03041009499411372, 0.03041009499411372, 0.03041009499411372, 0.03041009499411372, 0.03041009499411372, 0.030368512156710027, 0.030431589387560107, 0.030435451938387204, 0.030509710732479777, 0.030509710732479777, 0.030424587264317682, 0.0302278692870115, 0.03007679965606415, 0.03049814982678692, 0.030385925850563093, 0.0303212998482881, 0.0303212998482881, 0.030528969179840864, 0.030528969179840864, 0.030583548999221055, 0.030589554039353543, 0.030426519045472316, 0.030426519045472316, 0.030407437328685873, 0.030407437328685873, 0.030407437328685873, 0.03068427769981206, 0.03068427769981206, 0.030687390217601546, 0.030666075119997114, 0.030644265701892145, 0.0307177805320685, 0.0307177805320685, 0.0307177805320685, 0.030838327596995136, 0.03076772759279583, 0.030718976386007426, 0.030644265701892145, 0.031386881440031794, 0.031386881440031794, 0.03128864956876111, 0.0311896372115444, 0.030894263386656132, 0.03069696521595234, 0.03042579464191259, 0.030872377191745178, 0.030981890694733404, 0.031117001062153163, 0.030892598677696646, 0.030892598677696646, 0.030892598677696646, 0.030892598677696646, 0.030579945409115593, 0.0304940542883162, 0.030833562418711394, 0.030610682409103862, 0.030360043558894302, 0.03034237287749155, 0.030251436127151088, 0.0307199330356413, 0.0307199330356413, 0.03060468151463506, 0.0308240298521548, 0.030684277699812055, 0.030570093428789153, 0.030430623673248253, 0.030431589387560107, 0.03045548105892619, 0.030501763080523853, 0.030644265701892142, 0.030298757299228474, 0.030528006546013925, 0.030528006546013925, 0.03061356242062711, 0.030655531844237527, 0.030673022115766252, 0.030482487444700546, 0.030482487444700546, 0.030368512156710027, 0.030368512156710027, 0.030590274564952558, 0.030605881787656435, 0.030605881787656435, 0.030605881787656435, 0.030546050882066505, 0.030593156497651493, 0.03044583011560978, 0.03044583011560978, 0.03044583011560978, 0.030368512156710027, 0.03016753221594368, 0.030328810307921367, 0.030328810307921367, 0.030214498479494024, 0.03024536395575901, 0.03024536395575901, 0.03024536395575901, 0.03022714012274399, 0.03022714012274399, 0.03022714012274399, 0.03022714012274399, 0.03022714012274399, 0.03022714012274399, 0.03023272993270163, 0.030237832769764515, 0.030237832769764515, 0.030237832769764515, 0.030193822857920955, 0.030193822857920955, 0.030204770538199855, 0.03030457633656632, 0.03030457633656632, 0.03033099041561018, 0.03033099041561018, 0.03021255314181406, 0.03021255314181406, 0.030115857915045084, 0.03021255314181406, 0.030356897477999883, 0.030356897477999883, 0.03030457633656632, 0.030229084521705384, 0.030250221790382743, 0.030250221790382743, 0.030047472643217395, 0.029983097279116768, 0.029878775485113102, 0.029938712908410825, 0.029938712908410825, 0.02998015670269866, 0.030061406541699042, 0.03002790538883484, 0.03009169659692907, 0.02981477513459611, 0.02990163465601907, 0.02996324278791177, 0.02996324278791177, 0.02996324278791177, 0.02992619492780769, 0.030035733820275627, 0.029948772589070104, 0.029948772589070104, 0.029948772589070104, 0.02986106604436825, 0.02986106604436825, 0.02983152694717453, 0.029865248387121943, 0.02973408680903698, 0.029889592755707475, 0.02992128448623358, 0.02992128448623358, 0.029804916729031298, 0.02968759790531654, 0.029624176557917922, 0.02943783488045579, 0.02914512596210452, 0.029071172340043146, 0.029071172340043146, 0.029123691176688133, 0.02939912535142111, 0.02939912535142111, 0.02929773969132104, 0.029371122844434414, 0.029368871484020252, 0.029416113868117266, 0.029479733612730475, 0.029479733612730475, 0.029469763127237897, 0.02928268973928705, 0.02937612524983303, 0.02937612524983303, 0.029493686629860436, 0.029502652941934646, 0.029502652941934646, 0.029444073586848595, 0.02930977408890859, 0.029174352728772873, 0.029113598758193072, 0.029113598758193072, 0.029278926042532395, 0.029381126803526406, 0.029343844746212037, 0.029630128075928366, 0.0297518718327271, 0.02973779289945056, 0.029698484809834995, 0.02996348798529467, 0.02988197190444364, 0.029748908400484345, 0.029748908400484345, 0.02997819615817401, 0.029862296205983182, 0.029862296205983182, 0.02974569768239173, 0.029698237424508025, 0.029797027656174986, 0.029797027656174986, 0.029845561663678036, 0.029845561663678036, 0.030016158913464715, 0.030038913537786486, 0.030231757866082967, 0.03010414575829606, 0.030002693756612273, 0.02999853057625813, 0.029969372120652153, 0.03001322157629459, 0.03001322157629459, 0.03010536598722045, 0.030025947962061216, 0.029994856701965233, 0.029994856701965233, 0.030118785242598946, 0.030118785242598946, 0.03019868898357229, 0.03019868898357229, 0.03019868898357229, 0.03019868898357229, 0.03009169659692907, 0.03009169659692907, 0.03009169659692907, 0.03024172006769888, 0.0301090263772802, 0.03021936127581732, 0.03021936127581732, 0.03021936127581732, 0.030121956193082132, 0.030084615364545594, 0.030084615364545594, 0.030084615364545594, 0.030084615364545594, 0.030071180860873202, 0.030071180860873202, 0.03017435050786393, 0.030085836385588614, 0.030191876188059293, 0.030191876188059293, 0.030191876188059293, 0.030191876188059293, 0.030631556357749095, 0.030631556357749095, 0.030685474859401127, 0.03069600785051997, 0.030246578487559246, 0.030246578487559246, 0.030246578487559246, 0.03005847362616229, 0.030061162143000312, 0.029893525338154037, 0.030067271514497798, 0.030067271514497798, 0.030042582024417903, 0.0304547573442633, 0.0304547573442633, 0.0304547573442633, 0.0304547573442633, 0.03042941648725953, 0.03042941648725953, 0.03042941648725953, 0.03035520329938409, 0.030128540946946582, 0.030270858890345077, 0.030154134654051905, 0.030154134654051905, 0.03001934070439474, 0.030061162143000315, 0.029741992576977416, 0.029741992576977416, 0.029673736068195018, 0.029673736068195018, 0.029673736068195018, 0.029673736068195018, 0.029389877474381952, 0.029329068954098862, 0.029406121811622832, 0.02921838951267311, 0.02921838951267311, 0.02935611051365279, 0.0291783817094724, 0.029174352728772876, 0.02918417239476472, 0.029168308214252547, 0.02915193136038874, 0.029033998367852986, 0.028915076217313717, 0.028903894236604454, 0.0288848240642814, 0.0288848240642814, 0.0288848240642814, 0.02876860533743728, 0.02872669241564119, 0.02873052845504451, 0.02868266916108195, 0.028659863138229408, 0.02830285195119793, 0.02830285195119793, 0.028252968057916193, 0.028096771548143596, 0.02793838702194089, 0.02793838702194089, 0.02793838702194089, 0.02793838702194089, 0.02793838702194089, 0.02793707214437476, 0.02793707214437476, 0.027961518746524566, 0.027961518746524566, 0.027801042411817467, 0.027801042411817467, 0.027801042411817467, 0.027929970735862262, 0.027929970735862262, 0.028057782942945964, 0.028057782942945964, 0.028057782942945964, 0.028057782942945964, 0.0280800313971567, 0.027860439365391444, 0.027860439365391444, 0.027828512760278434, 0.028071657578128042, 0.028071657578128042, 0.02822070451397885, 0.02822070451397885, 0.028108274618709992, 0.028125781621792037, 0.02834124419373609, 0.02833113236749442, 0.028361197982814626, 0.028361197982814626, 0.02838916148455108, 0.02838916148455108, 0.028103046533957773, 0.028100955027710144, 0.028100955027710144, 0.028268566230615483, 0.028268566230615483, 0.028367155483130166, 0.028282077688305488, 0.028282077688305488, 0.028282077688305488, 0.028282077688305488, 0.028186579524768923, 0.028186579524768923, 0.028186579524768923, 0.028097817476430007, 0.028157110241337928, 0.02796020495676829, 0.027965722458986493, 0.027965722458986493, 0.027965722458986493, 0.02810173936079475, 0.028347724236484226, 0.028376477755280315, 0.028376477755280315, 0.028613939802488025, 0.028537837396433986, 0.028486043843916814, 0.02866217018999085, 0.028557139283927457, 0.028357052896582746, 0.028273763709236066, 0.0282417840680602, 0.027940490697340364, 0.027940490697340364, 0.027940490697340364, 0.027713431503772423, 0.027713431503772423, 0.027854109724983648, 0.02789101237726181, 0.027747079272659767, 0.027747079272659767, 0.02773463170691775, 0.02769407215728776, 0.02762634058064063, 0.027451062207618317, 0.02752589875082767, 0.027784124082295775, 0.028011659380059756, 0.02801926450985945, 0.02781583750898992, 0.027616499061397393, 0.027616499061397393, 0.027886797402852753, 0.027688765864553096, 0.027695133293834592, 0.027695133293834592, 0.027695133293834592, 0.027695133293834592, 0.027644418560552515, 0.027885743559703607, 0.027885743559703607, 0.02786043936539144, 0.028146671242632162, 0.028146671242632162, 0.028146671242632162, 0.028146671242632162, 0.028146671242632162, 0.028146671242632162, 0.028428212488760568, 0.02839951134963345, 0.02839951134963345, 0.028499452196668693, 0.028392266840224833, 0.028392266840224833, 0.028392266840224833, 0.028336059092576003, 0.028044425398256377, 0.028044425398256377, 0.02846153150324494, 0.028600585123171082, 0.02853165803461274, 0.02852212889555571, 0.02833113236749442, 0.02833113236749442, 0.02833113236749442, 0.02833113236749442, 0.02833113236749442, 0.02833113236749442, 0.02834642834644252, 0.02834642834644252, 0.028361197982814623, 0.028361197982814623, 0.028401322188250606, 0.028401322188250606, 0.028168588671694257, 0.028168588671694257, 0.02828545454426197, 0.02828545454426197, 0.02828545454426197, 0.02829765981526402, 0.02829765981526402, 0.02823137637886077, 0.02823137637886077, 0.02834642834644252, 0.028298957938556028, 0.028298957938556028, 0.02833398478642831, 0.028194658634397473, 0.028287272684342814, 0.028287272684342814, 0.02832568604281136, 0.02832568604281136, 0.028357052896582743, 0.028491201649431554, 0.028491201649431554, 0.028491201649431554, 0.028491201649431554, 0.02839226684022483, 0.028295842342604877, 0.028352907204355175, 0.028352907204355175, 0.028535520292564266, 0.028535520292564266, 0.028535520292564266, 0.028535520292564266, 0.02835601653034833, 0.02835601653034833, 0.02835601653034833, 0.02835601653034833, 0.02851182354099178, 0.02851182354099178, 0.02851182354099178, 0.02851182354099178, 0.02851182354099178, 0.028585168125003113, 0.028711087241904385, 0.028711087241904385, 0.028711087241904385, 0.028752256344467285, 0.028752256344467285, 0.028752256344467285, 0.028722344284972456, 0.028455077377709387, 0.028455077377709387, 0.028500741128924336, 0.028500741128924336, 0.028500741128924336, 0.028718507152378663, 0.02891533030298309, 0.02891533030298309, 0.02891533030298309, 0.02891533030298309, 0.02891533030298309, 0.02891533030298309, 0.028804081343462705, 0.028743055949326652, 0.028743055949326652, 0.028743055949326652, 0.02905221197100426, 0.02905221197100426, 0.02905221197100426, 0.029141848722048766, 0.029003616945449534, 0.02933107288754869, 0.029342843232713352, 0.029564346978157623, 0.029698484809834995, 0.029609044398698204, 0.029667793298182345, 0.029667793298182345, 0.029667793298182345, 0.02946876589315043, 0.02946876589315043, 0.02940112450993974, 0.02940112450993974, 0.02940112450993974, 0.02948895331046761, 0.02948895331046761, 0.02948895331046761, 0.02948895331046761, 0.029404872565822228, 0.029312781916315436, 0.029044118446365876, 0.02919726014543145, 0.02919726014543145, 0.029173345396657082, 0.029173345396657082, 0.029173345396657082, 0.02889601342463584, 0.029073194049586262, 0.029073194049586262, 0.029073194049586262, 0.029168056332297517, 0.02911486050182649, 0.029179137081420458, 0.02912394344234058, 0.029124952483100416, 0.02906712849910829, 0.02883085082309701, 0.02883085082309701, 0.02883085082309701, 0.028829576649613126, 0.028717483830430206, 0.028717483830430206, 0.028604438074379655, 0.028644734530564785, 0.028684462124065332, 0.02859544704733141, 0.028634216723125824, 0.028698033780333154, 0.028698033780333154, 0.028698033780333154, 0.02847882134685567, 0.02847882134685567, 0.028438806484902178, 0.028438806484902178, 0.028531658034612738, 0.028531658034612738, 0.02859210680290229, 0.02847985324429054, 0.028597245478884706, 0.02857797067958579, 0.02850666946666398, 0.028486301756372342, 0.02854710393117212, 0.02854710393117212, 0.02854710393117212, 0.02854710393117212, 0.02854710393117212, 0.028550964099665843, 0.028733852608278716, 0.02896990697610335, 0.028996523366551008, 0.028996523366551008, 0.028895759169109636, 0.028895759169109636, 0.028895759169109636, 0.02879311142106949, 0.02899348273002618, 0.02906712849910829, 0.029064348032092725, 0.029057269279118156, 0.029057269279118156, 0.029304760357181506, 0.029304760357181506, 0.02928896149244835, 0.029332826217014118, 0.029332826217014118, 0.029332826217014118, 0.029332826217014118, 0.029332826217014118, 0.0292508084660641, 0.0292508084660641, 0.029168056332297524, 0.029168056332297524, 0.029168056332297524, 0.0292093359411413, 0.029199524737535697, 0.029199524737535697, 0.02908835239228855, 0.0290155201256718, 0.0290155201256718, 0.0290155201256718, 0.0290155201256718, 0.029079510985979003, 0.029079510985979003, 0.028749189873235506, 0.028607520061718607, 0.028438806484902178, 0.028372334901363018, 0.028454302784267537, 0.028566399557407814, 0.028566399557407814, 0.028566399557407814, 0.028497647593570718, 0.028479853244290542, 0.028287272684342814, 0.028287272684342814, 0.028293765088039144, 0.028293765088039144, 0.0281751084238176, 0.028106183501507422, 0.028106183501507422, 0.027850944365331965, 0.027850944365331965, 0.027850944365331965, 0.027850944365331965, 0.027850944365331965, 0.027850944365331965, 0.027850944365331965, 0.027880210229641017, 0.027880210229641017, 0.02775369804372096, 0.02775449219017876, 0.0276749647419719, 0.02798961906690057, 0.0280402334847189, 0.028011659380059756, 0.027929970735862265, 0.027952846593022707, 0.027952846593022707, 0.02799198135909931, 0.02799198135909931, 0.02799198135909931, 0.02799198135909931, 0.02799198135909931, 0.02799198135909931, 0.027986469033795456, 0.027986469033795456, 0.027986469033795456, 0.027986469033795456, 0.027986469033795456, 0.028131005481279104, 0.028513111914002097, 0.028582854858056686, 0.028574885505153875, 0.028385796965872827, 0.028385796965872827, 0.028080816314665056, 0.028149020354868045, 0.02833528124556568, 0.02837544209850684, 0.02837544209850684, 0.02838916148455108, 0.028350574986070676, 0.028415029078834676, 0.028271684832448633, 0.028271684832448633, 0.02846462896369486, 0.028475725430188958, 0.028475725430188958, 0.028475725430188958, 0.028475725430188958, 0.028341244193736088, 0.028480111212807396, 0.028480111212807396, 0.028480111212807396, 0.028385796965872827, 0.028385796965872827, 0.028385796965872827, 0.028471855060958794, 0.028428212488760568, 0.028545817092341, 0.028603667525657742, 0.028603667525657742, 0.02876324184845396, 0.02876324184845396, 0.02864063047989192, 0.02864063047989192, 0.02864063047989192, 0.028671140293233643, 0.02845404458176771, 0.028507958072604703, 0.028483980460201532, 0.02846024079522956, 0.02840882300430266, 0.02840882300430266, 0.02840882300430266, 0.02864037395719831, 0.02864037395719831, 0.028638321692930173, 0.028638321692930173, 0.02858002727751801, 0.02858002727751801, 0.028781626792388344, 0.028781626792388344, 0.028955955293147824, 0.028955955293147824, 0.028955955293147824, 0.028955955293147824, 0.02920430496641597, 0.029249803767002664, 0.029314035086647906, 0.02899120204335045, 0.028873375915100294, 0.028873375915100294, 0.02873692071612576, 0.02910855123674211, 0.02910855123674211, 0.02909870605160221, 0.02909870605160221, 0.02909870605160221, 0.02909870605160221, 0.029178381709472397, 0.02921738369882015, 0.02921738369882015, 0.02921738369882015, 0.028952910396161612, 0.028889656365176087, 0.028889656365176087, 0.028889656365176087, 0.028978274761677327, 0.028978274761677327, 0.028978274761677327, 0.028990188347235053, 0.028990188347235053, 0.028990188347235053, 0.028990188347235053, 0.0288855871129036, 0.0288855871129036, 0.02889601342463584, 0.028931333201501905, 0.02910981319915667, 0.02910981319915667, 0.02910981319915667, 0.02892244379546861, 0.028853012434243534, 0.028853012434243534, 0.028808417137343445, 0.028808417137343445, 0.028717483830430206, 0.028619844692172623, 0.028602383231657674, 0.028708272291435157, 0.028708272291435157, 0.02894275842600567, 0.029097696100676886, 0.02917435272877287, 0.02917435272877287, 0.02917435272877287, 0.02919927312486405, 0.02919927312486405, 0.029021849615454228, 0.029021849615454228, 0.02904588909758811, 0.02904588909758811, 0.02904588909758811, 0.028790049301373383, 0.028790049301373383, 0.028790049301373383, 0.028659863138229404, 0.028659863138229404, 0.02891228112757622, 0.0287011057171628, 0.0287011057171628, 0.028594162384112245, 0.02832568604281136, 0.028163632650665515, 0.028209247289728616, 0.028209247289728616, 0.028209247289728616, 0.028142494558940582, 0.028186579524768923, 0.028047306975384084, 0.028047306975384084, 0.028038137292929127, 0.02800221565577719, 0.02800221565577719, 0.02800221565577719, 0.02800221565577719, 0.02810095502771014, 0.028010610234592993, 0.028010610234592993, 0.02814249455894058, 0.02814249455894058, 0.02812917724080991, 0.02812917724080991, 0.028193616298729754, 0.028193616298729754, 0.028361197982814623, 0.02827922003369764, 0.02831530919297682, 0.02831530919297682, 0.02831530919297682, 0.02827298414835373, 0.028212632862978676, 0.02858285485805669, 0.028577970679585795, 0.028577970679585795, 0.028258168405483272, 0.028288571284285857, 0.028266486971576178, 0.028266486971576178, 0.02837362960819178, 0.02819700374877025, 0.02819700374877025, 0.02819882759178155, 0.02819882759178155, 0.02819882759178155, 0.0281218630903692, 0.0281218630903692, 0.02804416342201736, 0.02804416342201736, 0.02791313055074363, 0.02793917591877771, 0.02793917591877771, 0.027833000527563448, 0.027833000527563448, 0.027778834991219265, 0.02756217461282319, 0.02749385088951153, 0.027595474340580427, 0.027536573082772253, 0.027536573082772253, 0.027363136232709074, 0.027363136232709074, 0.027363136232709074, 0.027363136232709074, 0.027363136232709074, 0.027363136232709074, 0.02731288101588251, 0.02731288101588251, 0.02735776575195379, 0.02735776575195379, 0.02735776575195379, 0.02735776575195379, 0.02735776575195379, 0.027321487394894664, 0.027176700705282275, 0.027176700705282275, 0.027166155414412255, 0.027166155414412255, 0.027166155414412255, 0.027166155414412255, 0.027131245636644083, 0.027131245636644083, 0.027131245636644083, 0.027131245636644083, 0.02706427723108113, 0.026942114820860084, 0.026942114820860084, 0.026873581595222885, 0.026873581595222885, 0.026873581595222885, 0.026873581595222885, 0.026873581595222885, 0.026873581595222885, 0.026873581595222885, 0.02682843450444293, 0.02682843450444293, 0.02682843450444293, 0.02682843450444293, 0.02682843450444293, 0.02682843450444293, 0.02682843450444293, 0.026812272547914955, 0.026685653104854927, 0.02669583778610518, 0.02669583778610518, 0.02669583778610518, 0.026815286532810626, 0.026815286532810626, 0.026714545453282758, 0.026640463316434382, 0.026593262918511173, 0.026772785451206357, 0.026772785451206357, 0.026536843852136095, 0.026352368905636848, 0.02621680408300239, 0.02621680408300239, 0.02621680408300239, 0.02616434713927504, 0.02611122207724769, 0.02611375429281103, 0.02611375429281103, 0.025806975801127886, 0.025835144549190184, 0.025835144549190184, 0.025835144549190184, 0.025830878531600234, 0.026026673915466817, 0.026026673915466817, 0.02605178516347933, 0.02596336508487705, 0.02596336508487705, 0.02596336508487705, 0.02596336508487705, 0.026156483568191297, 0.025925985703418832, 0.025993060298346356, 0.026063063237196864, 0.026167435752812142, 0.02631749631414239, 0.02631749631414239, 0.02631749631414239, 0.02631749631414239, 0.026251810433195046, 0.026174453973604236, 0.026174453973604236, 0.026174453973604236, 0.026290962209047263, 0.026012273398281414, 0.026083069808062184, 0.026293197692520386, 0.026293197692520386, 0.026293197692520386, 0.026094615911943154, 0.026094615911943154, 0.026094615911943154, 0.026022156964041716, 0.026022156964041716, 0.026398051876173424, 0.026398051876173424, 0.026398051876173424, 0.02640890387883664, 0.02640890387883664, 0.02641919524798249, 0.02641919524798249, 0.02641919524798249, 0.02641919524798249, 0.026326707165995555, 0.026363239712965204, 0.026363239712965204, 0.026363239712965204, 0.026363239712965204, 0.02631554208261804, 0.02640667819058703, 0.02640667819058703, 0.02640667819058703, 0.026330055767785493, 0.02628062062448609, 0.02650914359004363, 0.02643587543857933, 0.026132597518448576, 0.026083069808062184, 0.026198021423966593, 0.026198021423966593, 0.026198021423966593, 0.026198021423966593, 0.026198021423966593, 0.02614384073091147, 0.02614524579251495, 0.02617417328090375, 0.0262582465180766, 0.026341214699340174, 0.026254049250369293, 0.02611122207724769, 0.02613259751844858, 0.02613259751844858, 0.02613259751844858, 0.026184556906851862, 0.026179786563106204, 0.026252650012009483, 0.026323079033348636, 0.026323079033348636, 0.026307444434096244, 0.026307444434096244, 0.026382461706866665, 0.026233612960848376, 0.026005493925048116, 0.026005493925048116, 0.026005493925048116, 0.026386638548279526, 0.026386638548279526, 0.026386638548279526, 0.026386638548279526, 0.026386638548279526, 0.02655649349855465, 0.02655649349855465, 0.02657115207229411, 0.026612870907874328, 0.026653973169384816, 0.026653973169384816, 0.026653973169384816, 0.026653973169384816, 0.02655649349855465, 0.02655649349855465, 0.02655649349855465, 0.02678924548152463, 0.02678924548152463, 0.02678924548152463, 0.02678924548152463, 0.026663618873449483, 0.026729941936307445, 0.026640739096200704, 0.026567557321681198, 0.02688752081375678, 0.02697726934336553, 0.02697726934336553, 0.027066177402501324, 0.02696419394497156, 0.02696419394497156, 0.02675741362077937, 0.026844860413349977, 0.026844860413349977, 0.026844860413349977, 0.026880962081908075, 0.026880962081908075, 0.02672306960249125, 0.02672306960249125, 0.026780468057667605, 0.026780468057667605, 0.026780468057667605, 0.026891892412974964]","[0.0, 0.0009595917499283809, 0.00168740834974096, 0.0020267597543963656, 0.0023643612417802514, 0.0025606121717037804, 0.0027535505835786876, 0.002886704214929163, 0.002901371948522538, 0.0030334193005684567, 0.002913725436338734, 0.0029371650916334624, 0.0029371650916334624, 0.0031547825695639456, 0.0034513528846952, 0.003537322866409637, 0.003448513433054768, 0.0037252585172586564, 0.0037068056549089956, 0.003943271199791112, 0.004143546740636183, 0.0038999738356003556, 0.0037636282971600255, 0.0038764595671192297, 0.0037041620275752806, 0.0037592878179196635, 0.0037592878179196635, 0.0037592878179196635, 0.0038255851893293827, 0.003872245564822267, 0.003945754628944473, 0.003929168785753391, 0.0038255851893293823, 0.004080016006371164, 0.004117459093634702, 0.004080016006371164, 0.00427312436476341, 0.004120630029101702, 0.004027659471247108, 0.0038255851893293827, 0.003945754628944473, 0.004227026744893012, 0.004174949590310362, 0.004199125273342591, 0.004233202097703345, 0.0042677719656772205, 0.003896623341995959, 0.003979539507766892, 0.004043841374389516, 0.004043841374389516, 0.003933321803280691, 0.004120630029101702, 0.004298267330078054, 0.004227026744893013, 0.004549231825713176, 0.004499433070863893, 0.004642307659791978, 0.004499433070863893, 0.004868222656856884, 0.004868222656856884, 0.004642307659791978, 0.00481900997538469, 0.004810872041108386, 0.004685017369775916, 0.005184592558726288, 0.005174505793221381, 0.0051263226267441835, 0.004859495228678697, 0.005039598299508421, 0.005365954657631305, 0.0058414423715031066, 0.005783015243462744, 0.005892090859268682, 0.005993193418115152, 0.006101187572589321, 0.006148635156334639, 0.006353401788468465, 0.0063137039163122894, 0.006477590885002648, 0.006426983930972567, 0.006477590885002648, 0.0062073031378286955, 0.0062073031378286955, 0.0062073031378286955, 0.006259686371487613, 0.00620151396920172, 0.006095297618756979, 0.005668963120107844, 0.005252171562549055, 0.00531213474134496, 0.005375074750310787, 0.005554332745244739, 0.005435484320271596, 0.005103980039625739, 0.004832542745569365, 0.00495596939589635, 0.004854789345773588, 0.004921589257173595, 0.004712120714991612, 0.004586404042473398, 0.004795235730835942, 0.004443936478908247, 0.004723195044519274, 0.004648633769008627, 0.004848732213850611, 0.00472665045140805, 0.004773395659533052, 0.004889639192064321, 0.004673153897202485, 0.004918270809451432, 0.0049447560349220425, 0.004714891735939719, 0.004851425206123685, 0.004810872041108386, 0.00504930789357132, 0.005333605435235672, 0.005202197337938762, 0.005086035302870087, 0.0052021973379387625, 0.005062870041905528, 0.004889639192064321, 0.00482239672819249, 0.004865538961693258, 0.004851425206123685, 0.00490297702151146, 0.005098859416275249, 0.004969129189099353, 0.004932193286180591, 0.0050214234911577635, 0.005086035302870087, 0.005149836533962084, 0.004926231328514813, 0.0051039800396257395, 0.005237229365663817, 0.005624436479709387, 0.005576042045928204, 0.005542562584220407, 0.005689087298127379, 0.005375682206350508, 0.005436085025840128, 0.005495824017620384, 0.00511101251999952, 0.00495596939589635, 0.004505959772278017, 0.0049447560349220425, 0.004848732213850612, 0.0049815987926179126, 0.004908302004912552, 0.0049447560349220425, 0.00495596939589635, 0.004878273364665838, 0.004704491991486348, 0.004723195044519275, 0.004795235730835942, 0.005124411364901797, 0.005430676283664787, 0.005545507466519588, 0.005634297305117026, 0.005542562584220407, 0.005542562584220407, 0.005095656413624675, 0.00497438335835894, 0.004848732213850611, 0.004648633769008627, 0.004723195044519274, 0.004586404042473399, 0.0049920753526494985, 0.004862853785461322, 0.00479727813984351, 0.004728722483560504, 0.0045168166503701725, 0.004588539405687939, 0.004589250972631145, 0.004217746762799071, 0.0042944672521270716, 0.004444671196029727, 0.004443936478908247, 0.004139604634577105, 0.003972147930738919, 0.003972147930738919, 0.003966389403217892, 0.003966389403217892, 0.004139604634577105, 0.004351870346207948, 0.00435861801726283, 0.004426266681379905, 0.0044380543631880225, 0.0049815987926179126, 0.005604080146260784, 0.005421047417431508, 0.005486309491519294, 0.0055402055513329475, 0.005624436479709387, 0.005624436479709387, 0.005624436479709387, 0.005309060411125456, 0.005370212628329477, 0.00531213474134496, 0.00531213474134496, 0.005252171562549055, 0.005668963120107844, 0.005612813329283966, 0.005370212628329477, 0.005433681805110019, 0.005313978485742935, 0.005190257749881414, 0.00506222504922288, 0.005189628589596676, 0.004995344771660421, 0.00506222504922288, 0.004995344771660421, 0.004865538961693258, 0.004921589257173595, 0.00497438335835894, 0.004854789345773588, 0.004832542745569365, 0.004797958749641905, 0.004797958749641904, 0.005010356620978966, 0.0053262538046770485, 0.005469619245786451, 0.005561382884844086, 0.0053610842643812195, 0.005693677123237098, 0.0057620857901511, 0.005750740857329886, 0.0056476110174198116, 0.005436085025840128, 0.005647611017419811, 0.005850379370221235, 0.00544568730318604, 0.005324414310992529, 0.005100780252439176, 0.005073178772440694, 0.005227244171899096, 0.005005140214961872, 0.005382359697973311, 0.005421649722573907, 0.00529982672030946, 0.005217865698633838, 0.005046720495044484, 0.00481900997538469, 0.004865538961693258, 0.004810872041108386, 0.004780914437337575, 0.005046720495044484, 0.005247195558056685, 0.005174505793221381, 0.004908302004912552, 0.004926231328514813, 0.005237229365663817, 0.005167559720930931, 0.00516755972093093, 0.0053537703670270675, 0.005353770367027068, 0.005180182015555603, 0.005242837679995015, 0.005336665625650533, 0.0049743833583589395, 0.005111012519999519, 0.005237229365663817, 0.0050570621462485916, 0.005189628589596676, 0.005486309491519294, 0.005365954657631306, 0.005299210568854688, 0.005180182015555603, 0.00528440138134715, 0.005247195558056685, 0.005121224343407562, 0.005124411364901796, 0.005189628589596676, 0.0049920753526494985, 0.005247195558056685, 0.005309060411125456, 0.005486309491519294, 0.005604080146260784, 0.005549627676424678, 0.005490474125469401, 0.005309060411125456, 0.005167559720930931, 0.005184592558726288, 0.0052428376799950145, 0.00531213474134496, 0.005062870041905528, 0.00531213474134496, 0.005370212628329477, 0.005365954657631306, 0.005230366592685216, 0.0053537703670270675, 0.004929544417414789, 0.004921589257173595, 0.00471835322362126, 0.004773395659533052, 0.004791829781311229, 0.004931531202375181, 0.0049920753526494985, 0.004723195044519274, 0.00479727813984351, 0.004653548130629104, 0.004787057380828743, 0.004787057380828743, 0.004915614438310073, 0.00482239672819249, 0.0047294129592133855, 0.004485623292980655, 0.004373575569863418, 0.00465985898008574, 0.004539891215095133, 0.004681531233888925, 0.004589250972631145, 0.004698936049788292, 0.004698936049788292, 0.005031168160698317, 0.005060289577904105, 0.004791829781311229, 0.004859495228678697, 0.004931531202375181, 0.004997305396360102, 0.004929544417414789, 0.004797958749641905, 0.004931531202375181, 0.004926231328514813, 0.00506222504922288, 0.005060289577904104, 0.005189628589596676, 0.005180182015555603, 0.005124411364901796, 0.005360475154083919, 0.005426465757032371, 0.005430676283664787, 0.005430676283664787, 0.00564298372371589, 0.005474393079770281, 0.005526042241708152, 0.005345835686183543, 0.005365954657631306, 0.005187740650921602, 0.005060289577904104, 0.005189628589596675, 0.005184592558726288, 0.005116759178405402, 0.005292428168465525, 0.005370212628329477, 0.005545507466519588, 0.005313978485742935, 0.00531213474134496, 0.005414417638799849, 0.0057852733518047395, 0.0061973002680396965, 0.006026336755764447, 0.006124690746045377, 0.005980103063749087, 0.006080279263189097, 0.006080279263189097, 0.0062204403020220695, 0.006340540117339519, 0.006477590885002648, 0.006452843069025419, 0.0063943852922158295, 0.0063943852922158295, 0.006194665249310927, 0.0061337473980314135, 0.006334357239109036, 0.006527805519311923, 0.006034458871974439, 0.0060802792631890965, 0.005877108826903354, 0.00592524863854433, 0.005821283959641164, 0.0059252486385443295, 0.006334357239109038, 0.0067249155976798975, 0.006665904718362371, 0.006595483921841165, 0.00647305246103145, 0.006253945693295863, 0.006154474065296576, 0.006148635156334639, 0.006259686371487613, 0.006041489206870661, 0.006004624068506007, 0.005892090859268682, 0.006109744642113673, 0.006367776019032974, 0.0064020404910449915, 0.006305941480792831, 0.005877108826903354, 0.006095297618756979, 0.005993193418115152, 0.005719426259223375, 0.0058948611311125925, 0.005888210289057556, 0.00560815732406185, 0.005370212628329476, 0.005656854249492381, 0.005598833697790121, 0.005598833697790121, 0.005426465757032371, 0.0053537703670270675, 0.005457666392239415, 0.005495824017620384, 0.005613395058396714, 0.005805556803263436, 0.005566078016862135, 0.0053537703670270675, 0.005292428168465525, 0.0053537703670270675, 0.005406571964578227, 0.005466633482560638, 0.005387210856865224, 0.005159338669849468, 0.005086035302870087, 0.005190257749881414, 0.005031168160698317, 0.005284401381347151, 0.005716570971611337, 0.0055877416854089755, 0.005638931726879495, 0.005730833183716992, 0.0055402055513329475, 0.005638931726879495, 0.005810054620558876, 0.006116688446456989, 0.00606306987643476, 0.0059762796426662415, 0.00629557667845335, 0.006259686371487614, 0.006381606220943413, 0.006414778854730851, 0.006449299914545384, 0.006515789300160162, 0.006274795711773396, 0.0062888303964331906, 0.006326620144198606, 0.006259686371487613, 0.006391831521878657, 0.006404590190652645, 0.006809357307321706, 0.0069045976991968985, 0.006788225099390856, 0.0067399509475596486, 0.0066781397874264474, 0.0063137039163122894, 0.006326620144198606, 0.006207829158179441, 0.0062929828104851225, 0.0059390097436099465, 0.006120424154969548, 0.0062204403020220695, 0.006047971493292067, 0.0060818901465828894, 0.006092618484691127, 0.006092618484691127, 0.005883772217736177, 0.005883772217736177, 0.006038786200513329, 0.005960961434574946, 0.0055994168792611885, 0.005615721372238143, 0.005375682206350508, 0.0051390462070667695, 0.0051390462070667695, 0.0051390462070667695, 0.005126959555693245, 0.004932193286180591, 0.004878273364665839, 0.004695460247811231, 0.004764494533868761, 0.00463456402194094, 0.00435861801726283, 0.0044380543631880225, 0.004491443111572248, 0.004673153897202485, 0.004797958749641905, 0.005062870041905529, 0.0051390462070667695, 0.0054095908781891956, 0.005237229365663817, 0.005580724845028499, 0.005734820246991716, 0.005561382884844087, 0.005421047417431508, 0.005317049972321425, 0.0055402055513329475, 0.005462450672265954, 0.005498200076537107, 0.005498200076537107, 0.005255279172762706, 0.00522536982384198, 0.005252793231671496, 0.0054095908781891956, 0.005129506480617202, 0.005362911180182887, 0.0053145929250680785, 0.0054095908781891956, 0.005454674086300217, 0.005209724032018963, 0.005394479415408433, 0.005348888879468143, 0.0051770293270428, 0.004969129189099353, 0.00516250216188125, 0.00527202861470665, 0.005190257749881414, 0.005333605435235672, 0.005333605435235673, 0.005317049972321425, 0.005402342651336454, 0.005360475154083919, 0.005382359697973311, 0.0053610842643812195, 0.0053610842643812195, 0.005442688411332872, 0.005382359697973311, 0.005518946956639834, 0.005237852808242738, 0.005175136792040045, 0.005338500897886475, 0.0050654491913555, 0.005217865698633838, 0.005378111344389688, 0.005049307893571319, 0.00497438335835894, 0.00497438335835894, 0.004787057380828743, 0.004723195044519274, 0.004657055213899243, 0.004723195044519274, 0.004704491991486348, 0.004832542745569365, 0.004899645968051662, 0.004926231328514813, 0.004859495228678697, 0.004921589257173595, 0.004929544417414789, 0.00511101251999952, 0.005230366592685216, 0.005526042241708152, 0.005436085025840128, 0.005507101167157375, 0.005682195608985624, 0.005805556803263437, 0.005634297305117026, 0.005474393079770281, 0.005421047417431507, 0.005474393079770281, 0.005466633482560638, 0.005447485845857364, 0.005469619245786451, 0.005507101167157375, 0.00560116605935673, 0.005542562584220407, 0.005728553615932406, 0.0056712666403654875, 0.00522536982384198, 0.004984219997110063, 0.00516250216188125, 0.004810872041108386, 0.004695460247811231, 0.004634564021940941, 0.004780914437337574, 0.004854789345773588, 0.004773395659533052, 0.004841318761137173, 0.004773395659533052, 0.004899645968051662, 0.004742512896284898, 0.004685017369775916, 0.004695460247811231, 0.00482239672819249, 0.005010356620978965, 0.005149836533962084, 0.0050751093282684605, 0.005162502161881249, 0.005082824218957048, 0.005129506480617202, 0.005255279172762706, 0.0052021973379387625, 0.005301674745025463, 0.0051466652567760925, 0.0051466652567760925, 0.005000571395922099, 0.004934840733116367, 0.004781597376336464, 0.004769974115362105, 0.004643010986462143, 0.004701020297417859, 0.004876264880384727, 0.004932193286180591, 0.004756263324956529, 0.004837945254518109, 0.0048244276386755275, 0.005289342384185661, 0.005126959555693247, 0.005111651356639725, 0.005047367469022534, 0.005151738363238695, 0.005005140214961872, 0.004781597376336464, 0.004642307659791977, 0.004732173854345919, 0.004557836937739261, 0.0047294129592133855, 0.004810872041108386, 0.00482239672819249, 0.004742512896284898, 0.00478364560833288, 0.00478364560833288, 0.0048359200209453, 0.004712120714991612, 0.004690589797995687, 0.004759694725247726, 0.004872915566932078, 0.004780914437337574, 0.004780914437337574, 0.004750767929331778, 0.004915614438310073, 0.004805439095229403, 0.004549231825713176, 0.004616916543251235, 0.00455998567845943, 0.004643010986462143, 0.004616916543251236, 0.004545641554594593, 0.004643010986462143, 0.004426266681379905, 0.004525483399593904, 0.004737001548814333, 0.0047294129592133855, 0.004545641554594593, 0.00465985898008574, 0.004865538961693258, 0.004756263324956529, 0.004849405602120486, 0.005190257749881414, 0.005214735792708496, 0.005190257749881414, 0.005227244171899096, 0.005289342384185661, 0.005227244171899096, 0.005142222183024751, 0.005137139679007439, 0.005685068161420758, 0.005445687303186039, 0.005596500364203563, 0.005569010464258476, 0.005589494519148564, 0.0058475880253559, 0.005696543885980162, 0.005753579187722001, 0.0055402055513329475, 0.005638931726879495, 0.005561382884844087, 0.005382359697973311, 0.0055402055513329475, 0.005598833697790121, 0.005421047417431508, 0.005217865698633838, 0.005237852808242738, 0.005133960558906561, 0.005133960558906561, 0.005026622999142685, 0.005026622999142685, 0.005026622999142685, 0.0050233739373339225, 0.0050233739373339225, 0.004849405602120486, 0.004872915566932078, 0.004549231825713176, 0.004571428571428571, 0.0045970709396842896, 0.004620451431253382, 0.004592096137797586, 0.0046626610603029365, 0.004642307659791978, 0.004525483399593904, 0.004571428571428571, 0.004549231825713176, 0.004499433070863893, 0.004539891215095133, 0.004539891215095133, 0.004819009975384689, 0.004681531233888924, 0.004642307659791978, 0.004557836937739261, 0.004444671196029727, 0.004681531233888924, 0.004628924148817974, 0.004698936049788292, 0.004645120327520361, 0.004886299046041588, 0.004886299046041588, 0.004934840733116367, 0.0051770293270428, 0.0051770293270428, 0.00519277362872518, 0.004750767929331778, 0.004712120714991612, 0.004667560652951345, 0.004517539514526256, 0.0046310399061382426, 0.004444671196029727, 0.004403338251270511, 0.004545641554594593, 0.00465985898008574, 0.00465985898008574, 0.00465985898008574, 0.004600621076084651, 0.004473231037892784, 0.004427004331027786, 0.00433984858195372, 0.0043825255974432025, 0.004517539514526256, 0.004942774565784208, 0.005044131769306037, 0.004978976208181021, 0.005078325290398602, 0.004769974115362104, 0.004639493286899301, 0.004496529273807086, 0.004534853686634628, 0.004568570535155813, 0.004600621076084651, 0.00465985898008574, 0.004500158727359356, 0.004324774383639886, 0.004545641554594593, 0.004456410196193198, 0.004414447523617821, 0.004568570535155813, 0.004568570535155813, 0.004808835405707257, 0.004701020297417859, 0.004978976208181021, 0.005044131769306037, 0.005137139679007439, 0.0051084563745433164, 0.004932193286180591, 0.004971100153355782, 0.004904974567742842, 0.004701020297417859, 0.0047294129592133855, 0.004756263324956529, 0.004891642184921759, 0.004814264518817267, 0.004912956630903926, 0.004915614438310073, 0.0051084563745433164, 0.00529674524628867, 0.0051084563745433164, 0.0051084563745433164, 0.005171981028107319, 0.005036357608349875, 0.0050233739373339225, 0.0050233739373339225, 0.005047367469022534, 0.0050233739373339225, 0.005197173486126662, 0.0050879609804690435, 0.004961237501976741, 0.005046720495044484, 0.005047367469022534, 0.00519277362872518, 0.005255279172762706, 0.005091168824543142, 0.005069959545787163, 0.005069959545787163, 0.004805439095229403, 0.004781597376336464, 0.004868222656856883, 0.0050344121923466875, 0.005190257749881414, 0.005239722690901783, 0.005162502161881249, 0.004750767929331778, 0.004467387493872472, 0.0043705881545081015, 0.00441222790685622, 0.004298267330078054, 0.004393687494112249, 0.004485623292980655, 0.004429216542874538, 0.004429216542874538, 0.004378798642438404, 0.004444671196029727, 0.00433984858195372, 0.004414447523617821, 0.004252442275460355, 0.004767920010286435, 0.004872915566932078, 0.004687107806722258, 0.004589250972631145, 0.004781597376336464, 0.004872915566932078, 0.004737001548814333, 0.004737001548814333, 0.005047367469022534, 0.004982254223025673, 0.004891642184921759, 0.005237852808242737, 0.005514211694543917, 0.005728553615932407, 0.005624436479709387, 0.005209724032018963, 0.004800680223910451, 0.00490297702151146, 0.0048359200209453, 0.005018171062880034, 0.004690589797995687, 0.004620451431253382, 0.004780914437337575, 0.004780914437337575, 0.004737001548814333, 0.004737001548814333, 0.004737001548814333, 0.004781597376336464, 0.005026622999142685, 0.004961237501976741, 0.004849405602120486, 0.004805439095229403, 0.004915614438310073, 0.004915614438310073, 0.004915614438310073, 0.004848732213850611, 0.004952673984004674, 0.004934840733116368, 0.004886299046041588, 0.004800680223910451, 0.004952673984004674, 0.004952673984004674, 0.00490297702151146, 0.0048359200209453, 0.004878273364665838, 0.00495596939589635, 0.005098859416275249, 0.0051770293270428, 0.0051466652567760925, 0.00527202861470665, 0.0051466652567760925, 0.005162502161881249, 0.005162502161881249, 0.0051466652567760925, 0.00522536982384198, 0.0051466652567760925, 0.005082824218957048, 0.0049815987926179126, 0.005026622999142685, 0.005098859416275249, 0.004969129189099353, 0.004886299046041588, 0.00522536982384198, 0.005065449191355499, 0.0050344121923466875, 0.00481900997538469, 0.004886299046041588, 0.004732173854345919, 0.005098859416275249, 0.005000571395922099, 0.004886299046041588, 0.004915614438310073, 0.005000571395922099, 0.004952673984004674, 0.004886299046041588, 0.005299210568854688, 0.005333605435235672, 0.005126959555693246, 0.005126959555693246, 0.005212856947108793, 0.005230366592685216, 0.005365954657631305, 0.005430676283664788, 0.005430676283664788, 0.00566204693641832, 0.005592414687844271, 0.005584819073312282, 0.005592414687844271, 0.005598833697790121, 0.0054809503123573935, 0.0057262731406764605, 0.0059980949356560585, 0.005821283959641164, 0.005916976613516227, 0.005566078016862135, 0.005375682206350508, 0.005212856947108793, 0.005190257749881414, 0.0051770293270428, 0.005082824218957048, 0.004932193286180591, 0.004764494533868761, 0.0047542032959889124, 0.004965842510262956, 0.005103980039625739, 0.004965842510262956, 0.004965842510262956, 0.004841318761137174, 0.004634564021940941, 0.004505959772278017, 0.004418144406874905, 0.0042677719656772205, 0.004426266681379905, 0.004276179870598791, 0.004367598695776312, 0.004443936478908247, 0.004718353223621261, 0.004787057380828743, 0.004915614438310073, 0.004965842510262956, 0.004926231328514813, 0.0047294129592133855, 0.00451464736345227, 0.0044329011093073075, 0.004351870346207948, 0.004418144406874904, 0.004426266681379905, 0.004577852629113081, 0.004505959772278017, 0.004511029567083554, 0.00435861801726283, 0.004363858992465551, 0.0042830467889013735, 0.004206117993046388, 0.0045168166503701725, 0.004443936478908247, 0.004441731598356292, 0.0042830467889013735, 0.004288380123267136, 0.004367598695776312, 0.004586404042473399, 0.004795235730835942, 0.004841318761137174, 0.004854789345773588, 0.004586404042473398, 0.004929544417414789, 0.004995344771660421, 0.004931531202375181, 0.0053145929250680785, 0.005612813329283966, 0.005671266640365488, 0.005612813329283966, 0.005671266640365489, 0.00595219047314276, 0.00595219047314276, 0.005840883355054006, 0.005493446930996374, 0.005493446930996373, 0.005554332745244739, 0.005552568811654951, 0.005554332745244739, 0.005375074750310787, 0.005309060411125456, 0.005495824017620384, 0.005436085025840128, 0.005313978485742935, 0.005313978485742935, 0.005783015243462743, 0.005549627676424678, 0.005668963120107844, 0.005897076411585798, 0.005894861131112593, 0.006006255242729561, 0.00595219047314276, 0.005784708907357149, 0.005783015243462744, 0.005840883355054006, 0.005727983582236191, 0.0056712666403654875, 0.005611067780080105, 0.005612813329283966, 0.00531213474134496, 0.005433681805110019, 0.005430676283664788, 0.00560815732406185, 0.005433681805110019, 0.005365954657631306, 0.005174505793221381, 0.005174505793221381, 0.005222244415449537, 0.005526042241708152, 0.005691956372543519, 0.0057393734991953, 0.005795987352277014, 0.006006798869036754, 0.006124690746045378, 0.005877108826903354, 0.005827450872677468, 0.005776235621854745, 0.005883217223421143, 0.005877108826903354, 0.005869881617552575, 0.005813987356332299, 0.00574903718647119, 0.005517171709623454, 0.005526042241708152, 0.005576042045928204, 0.005526042241708152, 0.005700554931812538, 0.005691956372543519, 0.0058414423715031066, 0.005928003415130252, 0.005885436886666849, 0.006037163815797573, 0.0065994433902583395, 0.006648737796432815, 0.006632511144478588, 0.006579622221026719, 0.006549777999042005, 0.006207303137828695, 0.006116688446456989, 0.00606306987643476, 0.00616984106566046, 0.00616984106566046, 0.00615659593195686, 0.006186753459395884, 0.006291425976384569, 0.006385698306148112, 0.0064086676000681495, 0.006459418056810774, 0.006459418056810774, 0.0065032487956373924, 0.006414269805898185, 0.006414269805898185, 0.006414269805898185, 0.00650977287293058, 0.0063631592718057396, 0.006299206299209449, 0.0063759753155489705, 0.006324555320336759, 0.0065870621490238, 0.0069164105353772595, 0.006644807701337572, 0.0065870621490238005, 0.006848089261291229, 0.007070952364917952, 0.00702462142200197, 0.006931030491454311, 0.007286106432023589, 0.007286106432023589, 0.00687093850346278, 0.0069045976991968985, 0.0069371522711162295, 0.006857142857142857, 0.00710779968249884, 0.007076953108939076, 0.0071832003554779655, 0.007291482310594621, 0.007291482310594621, 0.0070893999630952335, 0.007113769344427347, 0.007021366806878465, 0.007021366806878465, 0.006897026866109536, 0.00687663895121055, 0.00706771908477017, 0.007137140569598169, 0.00701764539847772, 0.0069966755954349565, 0.007113769344427347, 0.0072730983207759175, 0.007291482310594621, 0.007573961840356979, 0.0075051003066078275, 0.0076220946288151166, 0.007659701065195905, 0.00785210227926774, 0.007659701065195905, 0.007664814919820441, 0.0076220946288151166, 0.007623808036643619, 0.007601933159078818, 0.007558857488444417, 0.007664814919820442, 0.0074435014801983, 0.007424614330669551, 0.007271302272268282, 0.006855237830614319, 0.006753502492660186, 0.006773296909216971, 0.007021366806878465, 0.0069027057693904, 0.0069027057693904, 0.006904597699196898, 0.007021366806878465, 0.006991073024995257, 0.007043190371716847, 0.006880436625917378, 0.007113769344427347, 0.007089399963095233, 0.00697096017161809, 0.006923960173903077, 0.006781005885289183, 0.006439165873221247, 0.006464976285134149, 0.006489677832323184, 0.006414269805898185, 0.006240879058960479, 0.006330231965314848, 0.006347231438885422, 0.006398469204682109, 0.006414269805898186, 0.006274795711773396, 0.006378023492702844, 0.006404590190652645, 0.006391831521878657, 0.0061973002680396965, 0.006049590979595907, 0.006037163815797573, 0.006116688446456989, 0.006101187572589321, 0.006154474065296576, 0.006154474065296576, 0.006154474065296576, 0.006084574004507344, 0.006066838601136913, 0.005973547129312905, 0.005929655666776158, 0.005991013678665672, 0.006259686371487613, 0.006363159271805739, 0.006439165873221247, 0.006439165873221247, 0.006462955664273688, 0.0061273558568046595, 0.006324555320336759, 0.006324555320336759, 0.006324555320336759, 0.005993738229117424, 0.005993738229117424, 0.005897076411585799, 0.005897076411585799, 0.0058184786566207345, 0.0058252091142284145, 0.0058252091142284145, 0.005993193418115152, 0.0060452713853431745, 0.006180416735173136, 0.006038786200513328, 0.0060452713853431745, 0.006092618484691127, 0.006257599461487461, 0.006180416735173136, 0.0061523514668318955, 0.006205198610513475, 0.006069529114640557, 0.006176188640452053, 0.0061459792730280014, 0.006292982810485121, 0.006347231438885422, 0.006529806072689968, 0.006681561591882728, 0.006681561591882728, 0.006565214453186319, 0.006565214453186319, 0.006565711799079475, 0.006527805519311921, 0.006615257565133895, 0.006697669408846937, 0.006775224975555259, 0.006918298717376776, 0.0066781397874264474, 0.006642350211072179, 0.006678139787426448, 0.006821335077893327, 0.00680168046462469, 0.006944209157011799, 0.007148569144683888, 0.00717546841249932, 0.00693479838001283, 0.007064022095326805, 0.00706771908477017, 0.007113769344427347, 0.0071809271188137186, 0.007239348262468531, 0.007399503568566238, 0.0069164105353772595, 0.0069164105353772595, 0.006880436625917378, 0.006781005885289183, 0.006589540258343258, 0.006563224692736562, 0.006761234037828133, 0.00694984950651921, 0.006923960173903076, 0.00694984950651921, 0.007010196655077313, 0.006828989825795345, 0.006828989825795345, 0.006807438908267626, 0.006732679970994963, 0.00697096017161809, 0.0069966755954349565, 0.00706771908477017, 0.00694984950651921, 0.006855237830614319, 0.006759301980626855, 0.0066879117267878265, 0.0068016804646246895, 0.006807438908267625, 0.006974706489325906, 0.0070893999630952335, 0.006998542122237652, 0.006855237830614319, 0.0069045976991968985, 0.006951728606055108, 0.00697096017161809, 0.006991073024995257, 0.007064022095326805, 0.007089399963095233, 0.0069966755954349565, 0.007159523413622171, 0.00697096017161809, 0.00717546841249932, 0.007239348262468531, 0.007291482310594621, 0.007246561464668915, 0.007265911462972495, 0.007091702538739141, 0.007228514963077034, 0.0073339022661186035, 0.007608373475242624, 0.007917946548886296, 0.0076156659161847945, 0.007647755439689878, 0.007550212863602872, 0.007494215456345144, 0.007494215456345144, 0.007572668362106515, 0.007591617288906528, 0.007284313590846836, 0.007274893925869508, 0.007229870013227296, 0.007157242656846252, 0.0072479131408950525, 0.006869037302955033, 0.00655575771239858, 0.006391831521878658, 0.0062888303964331906, 0.006222539674441619, 0.00629557667845335, 0.006278437346203598, 0.006363672409121344, 0.006395917064975188, 0.006477590885002648, 0.006710819774127176, 0.006710819774127176, 0.006710819774127176, 0.0068571428571428585, 0.0066879117267878265, 0.006612789093252311, 0.006784857088714966, 0.006784857088714966, 0.006784857088714966, 0.006634972278981815, 0.00670497835148463, 0.0067249155976798975, 0.006991073024995257, 0.007346358253708891, 0.007434722727904271, 0.007166361328727261, 0.00723934826246853, 0.007390672555074168, 0.007417574277569812, 0.007450955287335816, 0.007450955287335816, 0.007567492238219357, 0.0077089928932754515, 0.007567492238219356, 0.007596347135032625, 0.007304010639954698, 0.007273547263606553, 0.007333902266118604, 0.007199092913382227, 0.007406560798180412, 0.007647755439689879, 0.007743226137754739, 0.007763441273569554, 0.007858337571506783, 0.007868718745378917, 0.007951280220370626, 0.007836700680198294, 0.007727607544858042, 0.007727607544858042, 0.007677159338596802, 0.007661832252757022, 0.0075133622463513594, 0.0075051003066078275, 0.007692455885542692, 0.007527256594320051, 0.00754155832973639, 0.007357461851614264, 0.007395972428509, 0.007445694551009918, 0.007477203449724465, 0.007362342129557215, 0.007177743377970544, 0.007146741800803142, 0.007328557504860067, 0.007417134052383064, 0.007591187156761424, 0.007632797117488103, 0.007459714936830731, 0.007546752241047476, 0.0077600757412672255, 0.007880329424379079, 0.007799947671200711, 0.007799947671200711, 0.007417134052383064, 0.007328557504860067, 0.0071936479917056985, 0.007102284771789417, 0.00696158555714054, 0.006962992553932716, 0.007009730845803728, 0.007284313590846836, 0.007461027997234041, 0.007459714936830731, 0.00746102799723404, 0.007284313590846836, 0.007328557504860067, 0.007324992164096945, 0.00722806322324201, 0.007132106194912566, 0.0070912420834233466, 0.0070912420834233466, 0.006998542122237652, 0.007008333232222734, 0.0070986057843517875, 0.007049214748567997, 0.0070547711457117695, 0.0070547711457117695, 0.0070547711457117695, 0.007372978796017971, 0.007280278083946508, 0.007277137809185529, 0.007238897198680281, 0.007146741800803142, 0.007100905374869964, 0.007148569144683888, 0.007238897198680282, 0.007284313590846836, 0.007327220705377048, 0.007371650052043702, 0.00719228611721174, 0.007501183580078601, 0.007548050160438112, 0.0076345081233642215, 0.007461465632686055, 0.007461465632686055, 0.007548050160438112, 0.0077600757412672255, 0.00784378084594309, 0.007803296006908143, 0.007845029623648235, 0.007886956423909863, 0.0077970166979271695, 0.0077970166979271695, 0.007676733999427047, 0.007676733999427047, 0.007675457840495542, 0.007719151904351214, 0.00784169910784386, 0.007872037829675155, 0.007776888838089432, 0.008076774462264357, 0.008121525944886798, 0.008127956291060364, 0.008165232416053034, 0.008165232416053034, 0.008168031261808291, 0.008084856087722506, 0.00812514364080251, 0.008006527948862627, 0.00811187086802988, 0.007995508943482343, 0.008017939070532746, 0.007886956423909863, 0.007919595949289333, 0.008001632486497965, 0.008001632486497965, 0.007910107200181761, 0.0079922411354605, 0.008024859335025057, 0.007866643606561382, 0.007830448158780373, 0.007818763407629738, 0.007894818760763677, 0.007700940838359841, 0.007636218745864597, 0.007398179588553511, 0.007485932385045258, 0.0076584220679868885, 0.0078166750068853, 0.0078166750068853, 0.007847110478204244, 0.007929896929098287, 0.00782711143841633, 0.0078166750068853, 0.007868718745378917, 0.007868718745378917, 0.007732676490988467, 0.007537660547584525, 0.007610519036176179, 0.007708992893275452, 0.00780538798732344, 0.007708992893275452, 0.007695850989265553, 0.007766384917957489, 0.007766384917957489, 0.007903086454683643, 0.007724226399412938, 0.008041118817474015, 0.007959489266765494, 0.007932778806435784, 0.007850022747919724, 0.007932778806435784, 0.007959489266765494, 0.008305985056277313, 0.007969328960560774, 0.00784544583871199, 0.007886956423909863, 0.007791570536712828, 0.007835450575064953, 0.007845445838711988, 0.007845445838711988, 0.007726339788710579, 0.0074435014801983, 0.00753072617578769, 0.008010197582214964, 0.007952512117538196, 0.007874940880892441, 0.007683961563290283, 0.007641348315685698, 0.007664814919820441, 0.007729720009713898, 0.007833366623174305, 0.0076873604185104805, 0.007708992893275452, 0.0078104064541860965, 0.007726339788710579, 0.008019975062305368, 0.008181212923397067, 0.008181212923397067, 0.008339333894018057, 0.008336200867179195, 0.008296938210778081, 0.008375279465334215, 0.008336200867179195, 0.00831384387633061, 0.008417280573017508, 0.00835927933618731, 0.008320125587749163, 0.008320125587749163, 0.008318555604607014, 0.008260651750736063, 0.008398250546685183, 0.008239675048080427, 0.007683961563290283, 0.007664814919820442, 0.008115090503349364, 0.008060586903227942, 0.008160032012742327, 0.008019975062305368, 0.00803908818060296, 0.007998367180307516, 0.008079603950689664, 0.008097769912205484, 0.008097769912205484, 0.008097769912205484, 0.00806058690322794, 0.008019975062305368, 0.008019975062305368, 0.007855428384374771, 0.007876599286908698, 0.007833366623174305, 0.007979156520304023, 0.007979156520304023, 0.008019975062305368, 0.008081220356417687, 0.008019975062305368, 0.00811991756266588, 0.008060586903227942, 0.008097769912205484, 0.008251159473253515, 0.008305985056277313, 0.008255511455249463, 0.008255511455249463, 0.008176022684580536, 0.008161632489763258, 0.008063422071937205, 0.008063422071937205, 0.008273291179378103, 0.008273291179378103, 0.008173226575414463, 0.008081220356417687, 0.008133177203809802, 0.008292214199267322, 0.008458687117697523, 0.008419995637208622, 0.00848528137423857, 0.008458687117697525, 0.008808530188495277, 0.00877138203803385, 0.008750510189207746, 0.008591975373354287, 0.00864501743957826, 0.008637837975903414, 0.008801113102144223, 0.00864501743957826, 0.008675557971822272, 0.0087877465709884, 0.008742670399499556, 0.00860716360400582, 0.008599952539024236, 0.008629895830241308, 0.008705241208019219, 0.008757597284876807, 0.008515627890375844, 0.008515627890375844, 0.008506803999488544, 0.00855388681196079, 0.008376449006541118, 0.008304805591846647, 0.008337375890212332, 0.008225793181778141, 0.008225793181778141, 0.008117102126915462, 0.008165232416053034, 0.008129964731203466, 0.008168031261808291, 0.008290638930598233, 0.008171228768786046, 0.008050453149877177, 0.008091315576289311, 0.008050453149877177, 0.008009789928198964, 0.007924542090678728, 0.00784378084594309, 0.007719151904351214, 0.007757971542160978, 0.007757971542160979, 0.007885300196167136, 0.0077970166979271695, 0.007708992893275452, 0.008006527948862625, 0.008087682748779032, 0.008207910569588788, 0.00824957636512819, 0.00852367650867217, 0.008287093481272366, 0.008170029850318911, 0.008050453149877177, 0.008010197582214964, 0.008050453149877177, 0.008087682748779032, 0.008129964731203466, 0.008211092547056483, 0.00824957636512819, 0.008209899450029326, 0.008289063362562228, 0.008631787480124891, 0.0088558524405604, 0.0088558524405604, 0.008858433085749075, 0.009038331072240526, 0.00892929139954337, 0.009146070863758817, 0.009221447936241701, 0.00931971796017148, 0.009284615319583956, 0.009697464427701223, 0.00966373401445015, 0.00963293669592794, 0.00972302128235575, 0.009328122938245422, 0.00907870349459972, 0.00907870349459972, 0.009007570512108815, 0.008747151139726836, 0.008815570640309436, 0.008815570640309436, 0.008962506937918927, 0.008892647731326671, 0.00892929139954337, 0.00878179936004006, 0.009006482925863877, 0.00886138147427663, 0.00886027594355381, 0.008934774987744944, 0.009007570512108813, 0.009080142046897544, 0.009187036119068065, 0.009500504820099545, 0.009395092075229535, 0.009395092075229535, 0.009287779990011454, 0.009432553271754672, 0.00946607260759418, 0.009467452300446223, 0.009467452300446223, 0.009467452300446223, 0.009501535858663555, 0.009467107396083536, 0.009534812691459884, 0.009567291216665759, 0.009461932321957611, 0.00938952955723142, 0.00952384761897143, 0.00952384761897143, 0.009479860500136108, 0.00959217368057769, 0.009527618286018896, 0.009527618286018896, 0.009527618286018896, 0.009548501324868758, 0.009519389450495451, 0.009519389450495451, 0.009493284414763513, 0.00949637954642694, 0.009427359229435162, 0.009427359229435162, 0.009424241429983224, 0.009548501324868756, 0.00956182887467515, 0.00956182887467515, 0.009697464427701223, 0.009693759827426958, 0.00959591749928381, 0.009450537183738525, 0.009450537183738525, 0.009523847618971428, 0.009479860500136108, 0.009489500105110803, 0.009464347708691836, 0.009284615319583956, 0.009270889264525925, 0.009479860500136108, 0.00957684281834817, 0.00975821997819567, 0.00975821997819567, 0.009732420048477151, 0.009732420048477151, 0.009657311917370575, 0.009682637522274346, 0.00957036241396813, 0.009639713773377976, 0.009398219544799158, 0.009408983982972696, 0.009512526649913056, 0.009478138110452724, 0.009286021972924286, 0.009348054474005786, 0.0092228642237537, 0.009144285602696006, 0.00902820975767463, 0.00916283531557826, 0.00902820975767463, 0.00903652452606665, 0.0090725871026237, 0.009080142046897544, 0.009144285602696006, 0.009215426285997466, 0.009390920495622462, 0.009417656019305398, 0.009512526649913056, 0.009452264602858354, 0.009724700299668229, 0.00962344076954277, 0.009631241681451599, 0.009370034739551832, 0.009439474215727682, 0.009439474215727682, 0.009286021972924286, 0.009215426285997466, 0.009258200997725514, 0.009631241681451599, 0.009563194752672928, 0.009478138110452724, 0.009460206668148514, 0.009417656019305398, 0.009501879513323366, 0.009542686054924848, 0.009548501324868756, 0.009501879513323366, 0.009390920495622462, 0.009390920495622462, 0.009382919784026153, 0.009277930803794562, 0.009277930803794562, 0.009269128043881882, 0.009284615319583954, 0.009354688882139943, 0.009355037931183259, 0.009446390089038548, 0.009007933011676825, 0.009007933011676825, 0.00902929472690454, 0.009085893978456666, 0.009195917461525179, 0.009195917461525179, 0.009052770463301524, 0.009049884428171739, 0.009049884428171739, 0.009049884428171739, 0.008980341341633117, 0.008924536231019263, 0.008887872957816493, 0.008839244588648917, 0.00885290221063242, 0.00874154985557773, 0.008215863202565225, 0.0084370417487048, 0.00842503557795431, 0.008320125587749163, 0.008578663613159983, 0.008525208717296567, 0.008628382211737999, 0.008666143364630343, 0.008666143364630343, 0.008703740692415895, 0.009000317454718711, 0.008991969206135085, 0.009064305414815921, 0.009080142046897544, 0.009122835219874333, 0.009122835219874333, 0.009086972060289928, 0.009093078776336047, 0.00906250404644526, 0.009098463651426351, 0.009205499687132464, 0.009341065795940077, 0.009760896579762349, 0.009764575708934322, 0.009834217647311547, 0.009864386572361182, 0.009983169510200044, 0.01017752626212905, 0.010282221629232325, 0.010107665307042159, 0.010261877140610269, 0.010236070674684834, 0.009678589878738344, 0.009678589878738344, 0.010094734938045066, 0.010029833050475374, 0.00993168502052591, 0.009891162825513304, 0.009891162825513304, 0.009891162825513304, 0.009898752755900563, 0.009851468345958818, 0.009784953046512229, 0.009732420048477151, 0.009806287029560296, 0.009950407642147026, 0.010042846982315527, 0.01002234238782409, 0.010079196599016842, 0.009915891183306907, 0.010037968735084335, 0.009754203698709513, 0.009574114761657485, 0.009527960999937317, 0.009480893783751377, 0.009432899439553815, 0.009432899439553815, 0.009418696127102406, 0.009507376298518569, 0.009711260033001455, 0.009711260033001455, 0.009672177645606145, 0.009672177645606145, 0.00987265859609771, 0.009772932215135468, 0.009819264696690555, 0.009739463170891034, 0.009829900242398708, 0.009829900242398708, 0.00981161327723636, 0.00981161327723636, 0.00981161327723636, 0.00981161327723636, 0.009847490097709658, 0.00984749009770966, 0.00984749009770966, 0.009796625824793983, 0.0098805932235357, 0.01010669610320054, 0.010069148678117769, 0.009990689543320842, 0.009910950447636705, 0.009910950447636705, 0.009995917534020515, 0.01002853072844814, 0.0098805932235357, 0.00996188655192727, 0.0098805932235357, 0.009896113440360807, 0.009976625743430981, 0.009976625743430981, 0.009938586931957764, 0.00997498913098482, 0.009953032560122425, 0.010093440990088968, 0.010285714285714287, 0.010358157585759573, 0.010389633766207468, 0.010429471585416992, 0.010380515499762828, 0.010294916518478863, 0.010468533998685425, 0.010519253484803521, 0.010372963286686153, 0.010591024309214258, 0.010591024309214258, 0.010435731397267676, 0.010443238218569751, 0.010443238218569751, 0.010687089292741052, 0.010756222688779377, 0.01069319829592243, 0.01051055834552541, 0.010505586463342991, 0.010505586463342991, 0.010435731397267676, 0.01056756686223253, 0.010536622236906157, 0.010846912473329987, 0.010846912473329987, 0.01093834297043092, 0.01093834297043092, 0.01099788476879782, 0.01120233211871346, 0.011284810090360857, 0.011284810090360857, 0.011018055682397334, 0.010991648035240768, 0.010991648035240768, 0.010964581196576846, 0.010849320490336748, 0.010819181756378391, 0.010968154273316238, 0.010968154273316238, 0.01087937573239065, 0.01087937573239065, 0.011116011617739263, 0.01120233211871346, 0.011223590316464546, 0.011231442744476286, 0.011399964196148573, 0.011399964196148573, 0.011399964196148573, 0.011194459270878022, 0.011331300337866735, 0.011331300337866735, 0.011412560212863935, 0.01145026512481573, 0.011383912745087038, 0.011302446908632174, 0.01129753449714962, 0.01129753449714962, 0.011239580208589025, 0.01131370849898476, 0.01131370849898476, 0.011281626746210685, 0.011281626746210685, 0.011281626746210685, 0.01127786345375899, 0.011281626746210685, 0.011226790116793428, 0.011226790116793428, 0.011226790116793428, 0.011260478113603293, 0.011287413976891, 0.01131370849898476, 0.01116525222029745, 0.011168468734681178, 0.010874872741455743, 0.011023981280159455, 0.010844805019840944, 0.01081465370198591, 0.010786537338511468, 0.010878475283319622, 0.010878475283319622, 0.010964581196576844, 0.011171099739405924, 0.011171099739405924, 0.011244517938687694, 0.011244517938687694, 0.011210490713649261, 0.011157060544785083, 0.011263087625386869, 0.011401109863625076, 0.011401109863625076, 0.011326400440509575, 0.011273519632215982, 0.01119066666504562, 0.011157060544785082, 0.011285967447431778, 0.011169638146624564, 0.01127931102252514, 0.01118482937568854, 0.011096901571600783, 0.011037893913279667, 0.011037893913279667, 0.011037893913279667, 0.010926395675106206, 0.010940730863920138, 0.010715161868938379, 0.010806196257287778, 0.011028719466067875, 0.0109928362572901, 0.010849621454884299, 0.010926395675106206, 0.011008271472684825, 0.010873371330072042, 0.011045287110208532, 0.01118482937568854, 0.011192125511688463, 0.011227953454459552, 0.011111016779644921, 0.011198833758522375, 0.011234059000764286, 0.011181325539323436, 0.011181325539323436, 0.011146519544646377, 0.011034343419246908, 0.011034343419246908, 0.010939536982329513, 0.0108664621657649, 0.010890475149395083, 0.010890475149395083, 0.010954749226351321, 0.01080861334533619, 0.010842094834863014, 0.010690449676496974, 0.010539410973743711, 0.010411924090450626, 0.010448239769727448, 0.010448239769727448, 0.01034901158644276, 0.010439798262184094, 0.010439798262184094, 0.010564167390431733, 0.010536622236906155, 0.010481003223519615, 0.010605812807424165, 0.010543128142084215, 0.010325320571195801, 0.010261558937936023, 0.010261558937936023, 0.01022873104424543, 0.010066229661190765, 0.010068824384693375, 0.010067851441745712, 0.010133798771981829, 0.010160829148233515, 0.01022489958036613, 0.010190031142929719, 0.010227134775404385, 0.010192914706014253, 0.0101579364769321, 0.0101579364769321, 0.0101579364769321, 0.010218510614745843, 0.010278092414133539, 0.010278092414133539, 0.010394346972253323, 0.010638090974974632, 0.01056756686223253, 0.010592565741103135, 0.010444488830899074, 0.01046073318537043, 0.010429471585416992, 0.010530732478351743, 0.010690449676496974, 0.010812237964266157, 0.010812237964266157, 0.010939536982329513, 0.010939536982329513, 0.010667516972911125, 0.01063686312513502, 0.010575288870469568, 0.010575288870469568, 0.01050589727491281, 0.01049439111611337, 0.01049439111611337, 0.010419761445034552, 0.010451052090383932, 0.01049439111611337, 0.010648828621985056, 0.01051832220655064, 0.010562621814295762, 0.01061104545811984, 0.010746503940294978, 0.010648828621985056, 0.010758954505007275, 0.010751668119270552, 0.010751668119270552, 0.010758954505007273, 0.010658636433064264, 0.010658636433064264, 0.010720950308167838, 0.010856842101097504, 0.010932072268405138, 0.01091682842482847, 0.010930877441113913, 0.011153547984971474, 0.011092486885551069, 0.011134502362348433, 0.011423999085348387, 0.011492677349210723, 0.01134972803773783, 0.01134972803773783, 0.011481022495885129, 0.01145739223098755, 0.01145739223098755, 0.011492677349210723, 0.011423999085348387, 0.011423999085348387, 0.011325535532681922, 0.011411701835200138, 0.011411701835200138, 0.011370136322841515, 0.01127004336952704, 0.011342533280730975, 0.011484434896761753, 0.011541159705460225, 0.011527854465225893, 0.011356630716215517, 0.01127004336952704, 0.011283652614580557, 0.01118278560455985, 0.011151205663743361, 0.011196500911135639, 0.01122562665856793, 0.01126772526524592, 0.011283652614580557, 0.011167299200279871, 0.011337926240215688, 0.011423999085348387, 0.01134972803773783, 0.011342821158633097, 0.011245389077760008, 0.011245389077760008, 0.01131399711031627, 0.01131399711031627, 0.01138964800301805, 0.011378461572422786, 0.011410271062261654, 0.011561794931619239, 0.011533518145662516, 0.011766434446842285, 0.01186481679382452, 0.01191973154060107, 0.01210997227789678, 0.012350262328867217, 0.012316638820584725, 0.012190595237513955, 0.012297270312669277, 0.012297270312669277, 0.012183361018794678, 0.012163780293165779, 0.012163780293165779, 0.01230390679617574, 0.011794152823171596, 0.011794152823171596, 0.011766434446842285, 0.011977938904843489, 0.012148738071696741, 0.012143630227491316, 0.012143630227491316, 0.012163780293165779, 0.012163780293165779, 0.012062693373727586, 0.011987476458234846, 0.011926578105480317, 0.011926578105480317, 0.011919731540601072, 0.012095942986584132, 0.011689870025987877, 0.011689870025987877, 0.011689870025987877, 0.011671979354026304, 0.0116951760507118, 0.011549361675090134, 0.011423141567244367, 0.01132985941155998, 0.01121398543729013, 0.011192125511688463, 0.011250324258365503, 0.011250324258365503, 0.011140366021906139, 0.011198833758522375, 0.011198833758522375, 0.01129204162592543, 0.011268594610234052, 0.01128596744743178, 0.01128596744743178, 0.01128596744743178, 0.01128596744743178, 0.01125699782357623, 0.011204955172072902, 0.011093369963309486, 0.011043808866768487, 0.011077169018724404, 0.01102131515542052, 0.011260478113603294, 0.011057105943090837, 0.010969047360641672, 0.010969047360641672, 0.010969047360641672, 0.010878475283319622, 0.01096904736064167, 0.011028719466067876, 0.010999072317097233, 0.01105562927994197, 0.01105562927994197, 0.01105562927994197, 0.011080411102665893, 0.010898867194458742, 0.011026054487032992, 0.010874872741455743, 0.010876974369215524, 0.010961900624714787, 0.011021315155420519, 0.011102785089097865, 0.011219807557737034, 0.011219807557737034, 0.011122765769688174, 0.011140366021906139, 0.011387354246474194, 0.011337062211694735, 0.011401109863625076, 0.011451690900901748, 0.011372433552145256, 0.01127931102252514, 0.01127931102252514, 0.011372433552145256, 0.011372433552145256, 0.011372433552145256, 0.011407122730101216, 0.011531253007300088, 0.011507158375444, 0.011388787898451633, 0.011281626746210685, 0.011428571428571427, 0.011335622017807943, 0.011335622017807943, 0.011393087771960323, 0.011567441994050121, 0.01156377171715745, 0.011648175822848827, 0.01170773335911624, 0.011601266644427323, 0.011654901745354936, 0.011770873773333699, 0.011796644282444504, 0.011770873773333699, 0.011768931774041381, 0.011768931774041381, 0.011768931774041381, 0.011911236334671903, 0.011883516280279732, 0.011349728037737832, 0.011521054373517687, 0.011549078945517512, 0.011464230084422216, 0.011464230084422216, 0.01126308762538687, 0.011233768335710334, 0.011262797709490211, 0.0111746067821062, 0.011116011617739263, 0.011028719466067875, 0.011117186547624981, 0.011117186547624981, 0.011203789446396413, 0.011320633140150665, 0.01129204162592543, 0.011405977666583966, 0.011407122730101216, 0.011434569854397761, 0.011233768335710336, 0.011378174596254759, 0.011406836474998095, 0.011349728037737832, 0.011435426515519074, 0.011491540810704264, 0.011406836474998095, 0.011348577183137656, 0.01126047811360329, 0.01134512391887783, 0.011200291541395022, 0.011200291541395022, 0.011399964196148572, 0.011310533288280713, 0.011223590316464546, 0.011226790116793428, 0.01136812586639881, 0.01131370849898476, 0.011255837487766977, 0.011316305735981335, 0.011287413976890998, 0.011204955172072902, 0.011175483370817951, 0.011263087625386869, 0.011232896295420583, 0.011146519544646377, 0.011146519544646377, 0.011146519544646377, 0.010996400153074215, 0.010996400153074215, 0.010996400153074215, 0.010969345040258552, 0.011027535110451696, 0.011055629279941971, 0.011055629279941971, 0.011053561620120273, 0.011053561620120273, 0.011053561620120273, 0.011114542780721562, 0.011083063011382985, 0.011226790116793428, 0.011316305735981335, 0.011316305735981335, 0.011255837487766977, 0.011255837487766977, 0.01117314564809165, 0.01117314564809165, 0.011457107231864811, 0.01136812586639881, 0.011507158375444, 0.01136812586639881, 0.011335622017807943, 0.011252645947346184, 0.011152084091856406, 0.011152084091856406, 0.011152084091856406, 0.0112049551720729, 0.011169638146624562, 0.01113362254706024, 0.011349728037737832, 0.011451690900901748, 0.011293198241889329, 0.011293198241889329, 0.011293198241889329, 0.011255837487766977, 0.011304757893046987, 0.011419710850908937, 0.011342533280730975, 0.011333605438910335, 0.011333605438910335, 0.011333605438910335, 0.011448268739982352, 0.011689870025987877, 0.011560382734995923, 0.011303313583157093, 0.011492677349210723, 0.011360942760535467, 0.01132092157494797, 0.011117186547624981, 0.011139486669739594, 0.0109809482509388, 0.010999072317097233, 0.010999072317097233, 0.010861352567329575, 0.010781995574634063, 0.010932370954823913, 0.01112863561323871, 0.011285099440756164, 0.011208160292521568, 0.011197958997705149, 0.011157938511962446, 0.011208160292521568, 0.01121777015930255, 0.011295222034839621, 0.011475332906113113, 0.011569417814714298, 0.011471063861841628, 0.011471063861841628, 0.011370136322841517, 0.011413990698851536, 0.011197667395580242, 0.011196500911135639, 0.011124233520947473, 0.011094841603379545, 0.011180449408659377, 0.011196500911135639, 0.01127004336952704, 0.011209616862501662, 0.01107923227282026, 0.010976486929164652, 0.010976486929164652, 0.010976486929164652, 0.010946698318745823, 0.010856842101097504, 0.010900964196260955, 0.010946698318745823, 0.010946698318745823, 0.010946698318745823, 0.010914435301891878, 0.010914435301891878, 0.010780481228136529, 0.010763809355276351, 0.01067486079821299, 0.010658636433064262, 0.010658636433064262, 0.010781692722350404, 0.010776845928344029, 0.010698082986770888, 0.01063686312513502, 0.01063686312513502, 0.010740425256658952, 0.010740425256658952, 0.01112863561323871, 0.011040260274956179, 0.011040260274956179, 0.011051198106623404, 0.011071271888292229, 0.011168468734681178, 0.01107127188829223, 0.01107127188829223, 0.011104255481387229, 0.011104255481387229, 0.01121398543729013, 0.01122126261585021, 0.0111476912590977, 0.011197667395580242, 0.011295222034839621, 0.011342821158633097, 0.011342821158633097, 0.011342821158633097, 0.011352892286342987, 0.01121777015930255, 0.011120416964726985, 0.011061534749771758, 0.011002337413996562, 0.01103197578840338, 0.011051198106623404, 0.011146519544646377, 0.011046173961316809, 0.011063010624673224, 0.011187164656928246, 0.011187164656928246, 0.011110135104525791, 0.011021611423351257, 0.011117186547624981, 0.010999072317097233, 0.010951171775901707, 0.011134502362348433, 0.011134502362348433, 0.011337926240215688, 0.011280179474617938, 0.01127004336952704, 0.011283652614580557, 0.011151205663743361, 0.01116729920027987, 0.011280179474617938, 0.011280179474617938, 0.011280179474617938, 0.011280179474617938, 0.011180449408659377, 0.011395380374412739, 0.011537764081484764, 0.011678411969204073, 0.011745602737768266, 0.011748660366533848, 0.011774479493673542, 0.011871695028812981, 0.011864816793824522, 0.011864816793824522, 0.011767544435472352, 0.012020390838835788, 0.012106736192074632, 0.012195951151500892, 0.012195951151500892, 0.012111320391792675, 0.012191934436590546, 0.012101610619741354, 0.011987476458234848, 0.01150148171465977, 0.011444560244224041, 0.011451690900901748, 0.011558122861504486, 0.011698525984246118, 0.011698525984246118, 0.01157872785652682, 0.011598733217248249, 0.01150148171465977, 0.01150148171465977, 0.011571675482374527, 0.011633870326572761, 0.011451690900901748, 0.011343684748505197, 0.011365827766437714, 0.01134972803773783, 0.011469640493983432, 0.011464230084422216]"
4,"[1.0, 2.0, 3.0, 4.0, 5.0, 6.0, 7.0, 8.0, 9.0, 10.0, 11.0, 12.0, 13.0, 14.0, 15.0, 16.0, 17.0, 18.0, 19.0, 20.0, 21.0, 22.0, 23.0, 24.0, 25.0, 26.0, 27.0, 28.0, 29.0, 30.0, 31.0, 32.0, 33.0, 34.0, 35.0, 36.0, 37.0, 38.0, 39.0, 40.0, 41.0, 42.0, 43.0, 44.0, 45.0, 46.0, 47.0, 48.0, 49.0, 50.0, 51.0, 52.0, 53.0, 54.0, 55.0, 56.0, 57.0, 58.0, 59.0, 60.0, 61.0, 62.0, 63.0, 64.0, 65.0, 66.0, 67.0, 68.0, 69.0, 70.0, 71.0, 72.0, 73.0, 74.0, 75.0, 76.0, 77.0, 78.0, 79.0, 80.0, 81.0, 82.0, 83.0, 84.0, 85.0, 86.0, 87.0, 88.0, 89.0, 90.0, 91.0, 92.0, 93.0, 94.0, 95.0, 96.0, 97.0, 98.0, 99.0, 100.0, 101.0, 102.0, 103.0, 104.0, 105.0, 106.0, 107.0, 108.0, 109.0, 110.0, 111.0, 112.0, 113.0, 114.0, 115.0, 116.0, 117.0, 118.0, 119.0, 120.0, 121.0, 122.0, 123.0, 124.0, 125.0, 126.0, 127.0, 128.0, 129.0, 130.0, 131.0, 132.0, 133.0, 134.0, 135.0, 136.0, 137.0, 138.0, 139.0, 140.0, 141.0, 142.0, 143.0, 144.0, 145.0, 146.0, 147.0, 148.0, 149.0, 150.0, 151.0, 152.0, 153.0, 154.0, 155.0, 156.0, 157.0, 158.0, 159.0, 160.0, 161.0, 162.0, 163.0, 164.0, 165.0, 166.0, 167.0, 168.0, 169.0, 170.0, 171.0, 172.0, 173.0, 174.0, 175.0, 176.0, 177.0, 178.0, 179.0, 180.0, 181.0, 182.0, 183.0, 184.0, 185.0, 186.0, 187.0, 188.0, 189.0, 190.0, 191.0, 192.0, 193.0, 194.0, 195.0, 196.0, 197.0, 198.0, 199.0, 200.0, 201.0, 202.0, 203.0, 204.0, 205.0, 206.0, 207.0, 208.0, 209.0, 210.0, 211.0, 212.0, 213.0, 214.0, 215.0, 216.0, 217.0, 218.0, 219.0, 220.0, 221.0, 222.0, 223.0, 224.0, 225.0, 226.0, 227.0, 228.0, 229.0, 230.0, 231.0, 232.0, 233.0, 234.0, 235.0, 236.0, 237.0, 238.0, 239.0, 240.0, 241.0, 242.0, 243.0, 244.0, 245.0, 246.0, 247.0, 248.0, 249.0, 250.0, 251.0, 252.0, 253.0, 254.0, 255.0, 256.0, 257.0, 258.0, 259.0, 260.0, 261.0, 262.0, 263.0, 264.0, 265.0, 266.0, 267.0, 268.0, 269.0, 270.0, 271.0, 272.0, 273.0, 274.0, 275.0, 276.0, 277.0, 278.0, 279.0, 280.0, 281.0, 282.0, 283.0, 284.0, 285.0, 286.0, 287.0, 288.0, 289.0, 290.0, 291.0, 292.0, 293.0, 294.0, 295.0, 296.0, 297.0, 298.0, 299.0, 300.0, 301.0, 302.0, 303.0, 304.0, 305.0, 306.0, 307.0, 308.0, 309.0, 310.0, 311.0, 312.0, 313.0, 314.0, 315.0, 316.0, 317.0, 318.0, 319.0, 320.0, 321.0, 322.0, 323.0, 324.0, 325.0, 326.0, 327.0, 328.0, 329.0, 330.0, 331.0, 332.0, 333.0, 334.0, 335.0, 336.0, 337.0, 338.0, 339.0, 340.0, 341.0, 342.0, 343.0, 344.0, 345.0, 346.0, 347.0, 348.0, 349.0, 350.0, 351.0, 352.0, 353.0, 354.0, 355.0, 356.0, 357.0, 358.0, 359.0, 360.0, 361.0, 362.0, 363.0, 364.0, 365.0, 366.0, 367.0, 368.0, 369.0, 370.0, 371.0, 372.0, 373.0, 374.0, 375.0, 376.0, 377.0, 378.0, 379.0, 380.0, 381.0, 382.0, 383.0, 384.0, 385.0, 386.0, 387.0, 388.0, 389.0, 390.0, 391.0, 392.0, 393.0, 394.0, 395.0, 396.0, 397.0, 398.0, 399.0, 400.0, 401.0, 402.0, 403.0, 404.0, 405.0, 406.0, 407.0, 408.0, 409.0, 410.0, 411.0, 412.0, 413.0, 414.0, 415.0, 416.0, 417.0, 418.0, 419.0, 420.0, 421.0, 422.0, 423.0, 424.0, 425.0, 426.0, 427.0, 428.0, 429.0, 430.0, 431.0, 432.0, 433.0, 434.0, 435.0, 436.0, 437.0, 438.0, 439.0, 440.0, 441.0, 442.0, 443.0, 444.0, 445.0, 446.0, 447.0, 448.0, 449.0, 450.0, 451.0, 452.0, 453.0, 454.0, 455.0, 456.0, 457.0, 458.0, 459.0, 460.0, 461.0, 462.0, 463.0, 464.0, 465.0, 466.0, 467.0, 468.0, 469.0, 470.0, 471.0, 472.0, 473.0, 474.0, 475.0, 476.0, 477.0, 478.0, 479.0, 480.0, 481.0, 482.0, 483.0, 484.0, 485.0, 486.0, 487.0, 488.0, 489.0, 490.0, 491.0, 492.0, 493.0, 494.0, 495.0, 496.0, 497.0, 498.0, 499.0, 500.0, 501.0, 502.0, 503.0, 504.0, 505.0, 506.0, 507.0, 508.0, 509.0, 510.0, 511.0, 512.0, 513.0, 514.0, 515.0, 516.0, 517.0, 518.0, 519.0, 520.0, 521.0, 522.0, 523.0, 524.0, 525.0, 526.0, 527.0, 528.0, 529.0, 530.0, 531.0, 532.0, 533.0, 534.0, 535.0, 536.0, 537.0, 538.0, 539.0, 540.0, 541.0, 542.0, 543.0, 544.0, 545.0, 546.0, 547.0, 548.0, 549.0, 550.0, 551.0, 552.0, 553.0, 554.0, 555.0, 556.0, 557.0, 558.0, 559.0, 560.0, 561.0, 562.0, 563.0, 564.0, 565.0, 566.0, 567.0, 568.0, 569.0, 570.0, 571.0, 572.0, 573.0, 574.0, 575.0, 576.0, 577.0, 578.0, 579.0, 580.0, 581.0, 582.0, 583.0, 584.0, 585.0, 586.0, 587.0, 588.0, 589.0, 590.0, 591.0, 592.0, 593.0, 594.0, 595.0, 596.0, 597.0, 598.0, 599.0, 600.0, 601.0, 602.0, 603.0, 604.0, 605.0, 606.0, 607.0, 608.0, 609.0, 610.0, 611.0, 612.0, 613.0, 614.0, 615.0, 616.0, 617.0, 618.0, 619.0, 620.0, 621.0, 622.0, 623.0, 624.0, 625.0, 626.0, 627.0, 628.0, 629.0, 630.0, 631.0, 632.0, 633.0, 634.0, 635.0, 636.0, 637.0, 638.0, 639.0, 640.0, 641.0, 642.0, 643.0, 644.0, 645.0, 646.0, 647.0, 648.0, 649.0, 650.0, 651.0, 652.0, 653.0, 654.0, 655.0, 656.0, 657.0, 658.0, 659.0, 660.0, 661.0, 662.0, 663.0, 664.0, 665.0, 666.0, 667.0, 668.0, 669.0, 670.0, 671.0, 672.0, 673.0, 674.0, 675.0, 676.0, 677.0, 678.0, 679.0, 680.0, 681.0, 682.0, 683.0, 684.0, 685.0, 686.0, 687.0, 688.0, 689.0, 690.0, 691.0, 692.0, 693.0, 694.0, 695.0, 696.0, 697.0, 698.0, 699.0, 700.0, 701.0, 702.0, 703.0, 704.0, 705.0, 706.0, 707.0, 708.0, 709.0, 710.0, 711.0, 712.0, 713.0, 714.0, 715.0, 716.0, 717.0, 718.0, 719.0, 720.0, 721.0, 722.0, 723.0, 724.0, 725.0, 726.0, 727.0, 728.0, 729.0, 730.0, 731.0, 732.0, 733.0, 734.0, 735.0, 736.0, 737.0, 738.0, 739.0, 740.0, 741.0, 742.0, 743.0, 744.0, 745.0, 746.0, 747.0, 748.0, 749.0, 750.0, 751.0, 752.0, 753.0, 754.0, 755.0, 756.0, 757.0, 758.0, 759.0, 760.0, 761.0, 762.0, 763.0, 764.0, 765.0, 766.0, 767.0, 768.0, 769.0, 770.0, 771.0, 772.0, 773.0, 774.0, 775.0, 776.0, 777.0, 778.0, 779.0, 780.0, 781.0, 782.0, 783.0, 784.0, 785.0, 786.0, 787.0, 788.0, 789.0, 790.0, 791.0, 792.0, 793.0, 794.0, 795.0, 796.0, 797.0, 798.0, 799.0, 800.0, 801.0, 802.0, 803.0, 804.0, 805.0, 806.0, 807.0, 808.0, 809.0, 810.0, 811.0, 812.0, 813.0, 814.0, 815.0, 816.0, 817.0, 818.0, 819.0, 820.0, 821.0, 822.0, 823.0, 824.0, 825.0, 826.0, 827.0, 828.0, 829.0, 830.0, 831.0, 832.0, 833.0, 834.0, 835.0, 836.0, 837.0, 838.0, 839.0, 840.0, 841.0, 842.0, 843.0, 844.0, 845.0, 846.0, 847.0, 848.0, 849.0, 850.0, 851.0, 852.0, 853.0, 854.0, 855.0, 856.0, 857.0, 858.0, 859.0, 860.0, 861.0, 862.0, 863.0, 864.0, 865.0, 866.0, 867.0, 868.0, 869.0, 870.0, 871.0, 872.0, 873.0, 874.0, 875.0, 876.0, 877.0, 878.0, 879.0, 880.0, 881.0, 882.0, 883.0, 884.0, 885.0, 886.0, 887.0, 888.0, 889.0, 890.0, 891.0, 892.0, 893.0, 894.0, 895.0, 896.0, 897.0, 898.0, 899.0, 900.0, 901.0, 902.0, 903.0, 904.0, 905.0, 906.0, 907.0, 908.0, 909.0, 910.0, 911.0, 912.0, 913.0, 914.0, 915.0, 916.0, 917.0, 918.0, 919.0, 920.0, 921.0, 922.0, 923.0, 924.0, 925.0, 926.0, 927.0, 928.0, 929.0, 930.0, 931.0, 932.0, 933.0, 934.0, 935.0, 936.0, 937.0, 938.0, 939.0, 940.0, 941.0, 942.0, 943.0, 944.0, 945.0, 946.0, 947.0, 948.0, 949.0, 950.0, 951.0, 952.0, 953.0, 954.0, 955.0, 956.0, 957.0, 958.0, 959.0, 960.0, 961.0, 962.0, 963.0, 964.0, 965.0, 966.0, 967.0, 968.0, 969.0, 970.0, 971.0, 972.0, 973.0, 974.0, 975.0, 976.0, 977.0, 978.0, 979.0, 980.0, 981.0, 982.0, 983.0, 984.0, 985.0, 986.0, 987.0, 988.0, 989.0, 990.0, 991.0, 992.0, 993.0, 994.0, 995.0, 996.0, 997.0, 998.0, 999.0, 1000.0, 1001.0, 1002.0, 1003.0, 1004.0, 1005.0, 1006.0, 1007.0, 1008.0, 1009.0, 1010.0, 1011.0, 1012.0, 1013.0, 1014.0, 1015.0, 1016.0, 1017.0, 1018.0, 1019.0, 1020.0, 1021.0, 1022.0, 1023.0, 1024.0, 1025.0, 1026.0, 1027.0, 1028.0, 1029.0, 1030.0, 1031.0, 1032.0, 1033.0, 1034.0, 1035.0, 1036.0, 1037.0, 1038.0, 1039.0, 1040.0, 1041.0, 1042.0, 1043.0, 1044.0, 1045.0, 1046.0, 1047.0, 1048.0, 1049.0, 1050.0, 1051.0, 1052.0, 1053.0, 1054.0, 1055.0, 1056.0, 1057.0, 1058.0, 1059.0, 1060.0, 1061.0, 1062.0, 1063.0, 1064.0, 1065.0, 1066.0, 1067.0, 1068.0, 1069.0, 1070.0, 1071.0, 1072.0, 1073.0, 1074.0, 1075.0, 1076.0, 1077.0, 1078.0, 1079.0, 1080.0, 1081.0, 1082.0, 1083.0, 1084.0, 1085.0, 1086.0, 1087.0, 1088.0, 1089.0, 1090.0, 1091.0, 1092.0, 1093.0, 1094.0, 1095.0, 1096.0, 1097.0, 1098.0, 1099.0, 1100.0, 1101.0, 1102.0, 1103.0, 1104.0, 1105.0, 1106.0, 1107.0, 1108.0, 1109.0, 1110.0, 1111.0, 1112.0, 1113.0, 1114.0, 1115.0, 1116.0, 1117.0, 1118.0, 1119.0, 1120.0, 1121.0, 1122.0, 1123.0, 1124.0, 1125.0, 1126.0, 1127.0, 1128.0, 1129.0, 1130.0, 1131.0, 1132.0, 1133.0, 1134.0, 1135.0, 1136.0, 1137.0, 1138.0, 1139.0, 1140.0, 1141.0, 1142.0, 1143.0, 1144.0, 1145.0, 1146.0, 1147.0, 1148.0, 1149.0, 1150.0, 1151.0, 1152.0, 1153.0, 1154.0, 1155.0, 1156.0, 1157.0, 1158.0, 1159.0, 1160.0, 1161.0, 1162.0, 1163.0, 1164.0, 1165.0, 1166.0, 1167.0, 1168.0, 1169.0, 1170.0, 1171.0, 1172.0, 1173.0, 1174.0, 1175.0, 1176.0, 1177.0, 1178.0, 1179.0, 1180.0, 1181.0, 1182.0, 1183.0, 1184.0, 1185.0, 1186.0, 1187.0, 1188.0, 1189.0, 1190.0, 1191.0, 1192.0, 1193.0, 1194.0, 1195.0, 1196.0, 1197.0, 1198.0, 1199.0, 1200.0, 1201.0, 1202.0, 1203.0, 1204.0, 1205.0, 1206.0, 1207.0, 1208.0, 1209.0, 1210.0, 1211.0, 1212.0, 1213.0, 1214.0, 1215.0, 1216.0, 1217.0, 1218.0, 1219.0, 1220.0, 1221.0, 1222.0, 1223.0, 1224.0, 1225.0, 1226.0, 1227.0, 1228.0, 1229.0, 1230.0, 1231.0, 1232.0, 1233.0, 1234.0, 1235.0, 1236.0, 1237.0, 1238.0, 1239.0, 1240.0, 1241.0, 1242.0, 1243.0, 1244.0, 1245.0, 1246.0, 1247.0, 1248.0, 1249.0, 1250.0, 1251.0, 1252.0, 1253.0, 1254.0, 1255.0, 1256.0, 1257.0, 1258.0, 1259.0, 1260.0, 1261.0, 1262.0, 1263.0, 1264.0, 1265.0, 1266.0, 1267.0, 1268.0, 1269.0, 1270.0, 1271.0, 1272.0, 1273.0, 1274.0, 1275.0, 1276.0, 1277.0, 1278.0, 1279.0, 1280.0, 1281.0, 1282.0, 1283.0, 1284.0, 1285.0, 1286.0, 1287.0, 1288.0, 1289.0, 1290.0, 1291.0, 1292.0, 1293.0, 1294.0, 1295.0, 1296.0, 1297.0, 1298.0, 1299.0, 1300.0, 1301.0, 1302.0, 1303.0, 1304.0, 1305.0, 1306.0, 1307.0, 1308.0, 1309.0, 1310.0, 1311.0, 1312.0, 1313.0, 1314.0, 1315.0, 1316.0, 1317.0, 1318.0, 1319.0, 1320.0, 1321.0, 1322.0, 1323.0, 1324.0, 1325.0, 1326.0, 1327.0, 1328.0, 1329.0, 1330.0, 1331.0, 1332.0, 1333.0, 1334.0, 1335.0, 1336.0, 1337.0, 1338.0, 1339.0, 1340.0, 1341.0, 1342.0, 1343.0, 1344.0, 1345.0, 1346.0, 1347.0, 1348.0, 1349.0, 1350.0, 1351.0, 1352.0, 1353.0, 1354.0, 1355.0, 1356.0, 1357.0, 1358.0, 1359.0, 1360.0, 1361.0, 1362.0, 1363.0, 1364.0, 1365.0, 1366.0, 1367.0, 1368.0, 1369.0, 1370.0, 1371.0, 1372.0, 1373.0, 1374.0, 1375.0, 1376.0, 1377.0, 1378.0, 1379.0, 1380.0, 1381.0, 1382.0, 1383.0, 1384.0, 1385.0, 1386.0, 1387.0, 1388.0, 1389.0, 1390.0, 1391.0, 1392.0, 1393.0, 1394.0, 1395.0, 1396.0, 1397.0, 1398.0, 1399.0, 1400.0, 1401.0, 1402.0, 1403.0, 1404.0, 1405.0, 1406.0, 1407.0, 1408.0, 1409.0, 1410.0, 1411.0, 1412.0, 1413.0, 1414.0, 1415.0, 1416.0, 1417.0, 1418.0, 1419.0, 1420.0, 1421.0, 1422.0, 1423.0, 1424.0, 1425.0, 1426.0, 1427.0, 1428.0, 1429.0, 1430.0, 1431.0, 1432.0, 1433.0, 1434.0, 1435.0, 1436.0, 1437.0, 1438.0, 1439.0, 1440.0, 1441.0, 1442.0, 1443.0, 1444.0, 1445.0, 1446.0, 1447.0, 1448.0, 1449.0, 1450.0, 1451.0, 1452.0, 1453.0, 1454.0, 1455.0, 1456.0, 1457.0, 1458.0, 1459.0, 1460.0, 1461.0, 1462.0, 1463.0, 1464.0, 1465.0, 1466.0, 1467.0, 1468.0, 1469.0, 1470.0, 1471.0, 1472.0, 1473.0, 1474.0, 1475.0, 1476.0, 1477.0, 1478.0, 1479.0, 1480.0, 1481.0, 1482.0, 1483.0, 1484.0, 1485.0, 1486.0, 1487.0, 1488.0, 1489.0, 1490.0, 1491.0, 1492.0, 1493.0, 1494.0, 1495.0, 1496.0, 1497.0, 1498.0, 1499.0, 1500.0, 1501.0, 1502.0, 1503.0, 1504.0, 1505.0, 1506.0, 1507.0, 1508.0, 1509.0, 1510.0, 1511.0, 1512.0, 1513.0, 1514.0, 1515.0, 1516.0, 1517.0, 1518.0, 1519.0, 1520.0, 1521.0, 1522.0, 1523.0, 1524.0, 1525.0, 1526.0, 1527.0, 1528.0, 1529.0, 1530.0, 1531.0, 1532.0, 1533.0, 1534.0, 1535.0, 1536.0, 1537.0, 1538.0, 1539.0, 1540.0, 1541.0, 1542.0, 1543.0, 1544.0, 1545.0, 1546.0, 1547.0, 1548.0, 1549.0, 1550.0, 1551.0, 1552.0, 1553.0, 1554.0, 1555.0, 1556.0, 1557.0, 1558.0, 1559.0, 1560.0, 1561.0, 1562.0, 1563.0, 1564.0, 1565.0, 1566.0, 1567.0, 1568.0, 1569.0, 1570.0, 1571.0, 1572.0, 1573.0, 1574.0, 1575.0, 1576.0, 1577.0, 1578.0, 1579.0, 1580.0, 1581.0, 1582.0, 1583.0, 1584.0, 1585.0, 1586.0, 1587.0, 1588.0, 1589.0, 1590.0, 1591.0, 1592.0, 1593.0, 1594.0, 1595.0, 1596.0, 1597.0, 1598.0, 1599.0, 1600.0, 1601.0, 1602.0, 1603.0, 1604.0, 1605.0, 1606.0, 1607.0, 1608.0, 1609.0, 1610.0, 1611.0, 1612.0, 1613.0, 1614.0, 1615.0, 1616.0, 1617.0, 1618.0, 1619.0, 1620.0, 1621.0, 1622.0, 1623.0, 1624.0, 1625.0, 1626.0, 1627.0, 1628.0, 1629.0, 1630.0, 1631.0, 1632.0, 1633.0, 1634.0, 1635.0, 1636.0, 1637.0, 1638.0, 1639.0, 1640.0, 1641.0, 1642.0, 1643.0, 1644.0, 1645.0, 1646.0, 1647.0, 1648.0, 1649.0, 1650.0, 1651.0, 1652.0, 1653.0, 1654.0, 1655.0, 1656.0, 1657.0, 1658.0, 1659.0, 1660.0, 1661.0, 1662.0, 1663.0, 1664.0, 1665.0, 1666.0, 1667.0, 1668.0, 1669.0, 1670.0, 1671.0, 1672.0, 1673.0, 1674.0, 1675.0, 1676.0, 1677.0, 1678.0, 1679.0, 1680.0, 1681.0, 1682.0, 1683.0, 1684.0, 1685.0, 1686.0, 1687.0, 1688.0, 1689.0, 1690.0, 1691.0, 1692.0, 1693.0, 1694.0, 1695.0, 1696.0, 1697.0, 1698.0, 1699.0, 1700.0, 1701.0, 1702.0, 1703.0, 1704.0, 1705.0, 1706.0, 1707.0, 1708.0, 1709.0, 1710.0, 1711.0, 1712.0, 1713.0, 1714.0, 1715.0, 1716.0, 1717.0, 1718.0, 1719.0, 1720.0, 1721.0, 1722.0, 1723.0, 1724.0, 1725.0, 1726.0, 1727.0, 1728.0, 1729.0, 1730.0, 1731.0, 1732.0, 1733.0, 1734.0, 1735.0, 1736.0, 1737.0, 1738.0, 1739.0, 1740.0, 1741.0, 1742.0, 1743.0, 1744.0, 1745.0, 1746.0, 1747.0, 1748.0, 1749.0, 1750.0, 1751.0, 1752.0, 1753.0, 1754.0, 1755.0, 1756.0, 1757.0, 1758.0, 1759.0, 1760.0, 1761.0, 1762.0, 1763.0, 1764.0, 1765.0, 1766.0, 1767.0, 1768.0, 1769.0, 1770.0, 1771.0, 1772.0, 1773.0, 1774.0, 1775.0, 1776.0, 1777.0, 1778.0, 1779.0, 1780.0, 1781.0, 1782.0, 1783.0, 1784.0, 1785.0, 1786.0, 1787.0, 1788.0, 1789.0, 1790.0, 1791.0, 1792.0, 1793.0, 1794.0, 1795.0, 1796.0, 1797.0, 1798.0, 1799.0, 1800.0, 1801.0, 1802.0, 1803.0, 1804.0, 1805.0, 1806.0, 1807.0, 1808.0, 1809.0, 1810.0, 1811.0, 1812.0, 1813.0, 1814.0, 1815.0, 1816.0, 1817.0, 1818.0, 1819.0, 1820.0, 1821.0, 1822.0, 1823.0, 1824.0, 1825.0, 1826.0, 1827.0, 1828.0, 1829.0, 1830.0, 1831.0, 1832.0, 1833.0, 1834.0, 1835.0, 1836.0, 1837.0, 1838.0, 1839.0, 1840.0, 1841.0, 1842.0, 1843.0, 1844.0, 1845.0, 1846.0, 1847.0, 1848.0, 1849.0, 1850.0, 1851.0, 1852.0, 1853.0, 1854.0, 1855.0, 1856.0, 1857.0, 1858.0, 1859.0, 1860.0, 1861.0, 1862.0, 1863.0, 1864.0, 1865.0, 1866.0, 1867.0, 1868.0, 1869.0, 1870.0, 1871.0, 1872.0, 1873.0, 1874.0, 1875.0, 1876.0, 1877.0, 1878.0, 1879.0, 1880.0, 1881.0, 1882.0, 1883.0, 1884.0, 1885.0, 1886.0, 1887.0, 1888.0, 1889.0, 1890.0, 1891.0, 1892.0, 1893.0, 1894.0, 1895.0, 1896.0, 1897.0, 1898.0, 1899.0, 1900.0, 1901.0, 1902.0, 1903.0, 1904.0, 1905.0, 1906.0, 1907.0, 1908.0, 1909.0, 1910.0, 1911.0, 1912.0, 1913.0, 1914.0, 1915.0, 1916.0, 1917.0, 1918.0, 1919.0, 1920.0, 1921.0, 1922.0, 1923.0, 1924.0, 1925.0, 1926.0, 1927.0, 1928.0, 1929.0, 1930.0, 1931.0, 1932.0, 1933.0, 1934.0, 1935.0, 1936.0, 1937.0, 1938.0, 1939.0, 1940.0, 1941.0, 1942.0, 1943.0, 1944.0, 1945.0, 1946.0, 1947.0, 1948.0, 1949.0, 1950.0, 1951.0, 1952.0, 1953.0, 1954.0, 1955.0, 1956.0, 1957.0, 1958.0, 1959.0, 1960.0, 1961.0, 1962.0, 1963.0, 1964.0, 1965.0, 1966.0, 1967.0, 1968.0, 1969.0, 1970.0, 1971.0, 1972.0, 1973.0, 1974.0, 1975.0, 1976.0, 1977.0, 1978.0, 1979.0, 1980.0, 1981.0, 1982.0, 1983.0, 1984.0, 1985.0, 1986.0, 1987.0, 1988.0, 1989.0, 1990.0, 1991.0, 1992.0, 1993.0, 1994.0, 1995.0, 1996.0, 1997.0, 1998.0, 1999.0, 2000.0, 2001.0, 2002.0, 2003.0, 2004.0, 2005.0, 2006.0, 2007.0, 2008.0, 2009.0, 2010.0, 2011.0, 2012.0, 2013.0, 2014.0, 2015.0, 2016.0, 2017.0, 2018.0, 2019.0, 2020.0, 2021.0, 2022.0, 2023.0, 2024.0, 2025.0, 2026.0, 2027.0, 2028.0, 2029.0, 2030.0, 2031.0, 2032.0, 2033.0, 2034.0, 2035.0, 2036.0, 2037.0, 2038.0, 2039.0, 2040.0, 2041.0, 2042.0, 2043.0, 2044.0, 2045.0, 2046.0, 2047.0, 2048.0, 2049.0, 2050.0, 2051.0, 2052.0, 2053.0, 2054.0, 2055.0, 2056.0, 2057.0, 2058.0, 2059.0, 2060.0, 2061.0, 2062.0, 2063.0, 2064.0, 2065.0, 2066.0, 2067.0, 2068.0, 2069.0, 2070.0, 2071.0, 2072.0, 2073.0, 2074.0, 2075.0, 2076.0, 2077.0, 2078.0, 2079.0, 2080.0, 2081.0, 2082.0, 2083.0, 2084.0, 2085.0, 2086.0, 2087.0, 2088.0, 2089.0, 2090.0, 2091.0, 2092.0, 2093.0, 2094.0, 2095.0, 2096.0, 2097.0, 2098.0, 2099.0, 2100.0, 2101.0, 2102.0, 2103.0, 2104.0, 2105.0, 2106.0, 2107.0, 2108.0, 2109.0, 2110.0, 2111.0, 2112.0, 2113.0, 2114.0, 2115.0, 2116.0, 2117.0, 2118.0, 2119.0, 2120.0, 2121.0, 2122.0, 2123.0, 2124.0, 2125.0, 2126.0, 2127.0, 2128.0, 2129.0, 2130.0, 2131.0, 2132.0, 2133.0, 2134.0, 2135.0, 2136.0, 2137.0, 2138.0, 2139.0, 2140.0, 2141.0, 2142.0, 2143.0, 2144.0, 2145.0, 2146.0, 2147.0, 2148.0, 2149.0, 2150.0, 2151.0, 2152.0, 2153.0, 2154.0, 2155.0, 2156.0, 2157.0, 2158.0, 2159.0, 2160.0, 2161.0, 2162.0, 2163.0, 2164.0, 2165.0, 2166.0, 2167.0, 2168.0, 2169.0, 2170.0, 2171.0, 2172.0, 2173.0, 2174.0, 2175.0, 2176.0, 2177.0, 2178.0, 2179.0, 2180.0, 2181.0, 2182.0, 2183.0, 2184.0, 2185.0, 2186.0, 2187.0, 2188.0, 2189.0, 2190.0, 2191.0, 2192.0, 2193.0, 2194.0, 2195.0, 2196.0, 2197.0, 2198.0, 2199.0, 2200.0, 2201.0, 2202.0, 2203.0, 2204.0, 2205.0, 2206.0, 2207.0, 2208.0, 2209.0, 2210.0, 2211.0, 2212.0, 2213.0, 2214.0, 2215.0, 2216.0, 2217.0, 2218.0, 2219.0, 2220.0, 2221.0, 2222.0, 2223.0, 2224.0, 2225.0, 2226.0, 2227.0, 2228.0, 2229.0, 2230.0, 2231.0, 2232.0, 2233.0, 2234.0, 2235.0, 2236.0, 2237.0, 2238.0, 2239.0, 2240.0, 2241.0, 2242.0, 2243.0, 2244.0, 2245.0, 2246.0, 2247.0, 2248.0, 2249.0, 2250.0, 2251.0, 2252.0, 2253.0, 2254.0, 2255.0, 2256.0, 2257.0, 2258.0, 2259.0, 2260.0, 2261.0, 2262.0, 2263.0, 2264.0, 2265.0, 2266.0, 2267.0, 2268.0, 2269.0, 2270.0, 2271.0, 2272.0, 2273.0, 2274.0, 2275.0, 2276.0, 2277.0, 2278.0, 2279.0, 2280.0, 2281.0, 2282.0, 2283.0, 2284.0, 2285.0, 2286.0, 2287.0, 2288.0, 2289.0, 2290.0, 2291.0, 2292.0, 2293.0, 2294.0, 2295.0, 2296.0, 2297.0, 2298.0, 2299.0, 2300.0, 2301.0, 2302.0, 2303.0, 2304.0, 2305.0, 2306.0, 2307.0, 2308.0, 2309.0, 2310.0, 2311.0, 2312.0, 2313.0, 2314.0, 2315.0, 2316.0, 2317.0, 2318.0, 2319.0, 2320.0, 2321.0, 2322.0, 2323.0, 2324.0, 2325.0, 2326.0, 2327.0, 2328.0, 2329.0, 2330.0, 2331.0, 2332.0, 2333.0, 2334.0, 2335.0, 2336.0, 2337.0, 2338.0, 2339.0, 2340.0, 2341.0, 2342.0, 2343.0, 2344.0, 2345.0, 2346.0, 2347.0, 2348.0, 2349.0, 2350.0, 2351.0, 2352.0, 2353.0, 2354.0, 2355.0, 2356.0, 2357.0, 2358.0, 2359.0, 2360.0, 2361.0, 2362.0, 2363.0, 2364.0, 2365.0, 2366.0, 2367.0, 2368.0, 2369.0, 2370.0, 2371.0, 2372.0, 2373.0, 2374.0, 2375.0, 2376.0, 2377.0, 2378.0, 2379.0, 2380.0, 2381.0, 2382.0, 2383.0, 2384.0, 2385.0, 2386.0, 2387.0, 2388.0, 2389.0, 2390.0, 2391.0, 2392.0, 2393.0, 2394.0, 2395.0, 2396.0, 2397.0, 2398.0, 2399.0, 2400.0]","[0.0, 0.0, 0.0, 0.0, 0.0, 0.00012, 0.00012, 0.00024, 0.00036, 0.00048, 0.0006000000000000001, 0.0006000000000000001, 0.0006000000000000001, 0.00084, 0.00084, 0.00108, 0.00108, 0.00132, 0.00156, 0.00192, 0.00192, 0.00216, 0.00228, 0.00252, 0.00264, 0.00264, 0.003, 0.0032399999999999994, 0.0032399999999999994, 0.0034799999999999996, 0.0037199999999999998, 0.004200000000000001, 0.00468, 0.0048, 0.00492, 0.00504, 0.00528, 0.005640000000000001, 0.005640000000000001, 0.005640000000000001, 0.00576, 0.00576, 0.006120000000000001, 0.006240000000000001, 0.00636, 0.006959999999999999, 0.0074399999999999996, 0.00756, 0.0078000000000000005, 0.00804, 0.00816, 0.008280000000000001, 0.008640000000000002, 0.009000000000000001, 0.0096, 0.00996, 0.010320000000000001, 0.01068, 0.010920000000000001, 0.011160000000000002, 0.011280000000000002, 0.01164, 0.01224, 0.01236, 0.01236, 0.01272, 0.01284, 0.01284, 0.012960000000000001, 0.01332, 0.01332, 0.01332, 0.013560000000000001, 0.013800000000000002, 0.01428, 0.0144, 0.014879999999999999, 0.01524, 0.01608, 0.016200000000000003, 0.01656, 0.0168, 0.01728, 0.01776, 0.018000000000000002, 0.01812, 0.018600000000000002, 0.018840000000000003, 0.01908, 0.019200000000000002, 0.01956, 0.019920000000000004, 0.02016, 0.020760000000000004, 0.020760000000000004, 0.021000000000000005, 0.02136, 0.021840000000000002, 0.021840000000000002, 0.0222, 0.022320000000000003, 0.0228, 0.02304, 0.02316, 0.023639999999999998, 0.024000000000000004, 0.02436, 0.024720000000000006, 0.024960000000000003, 0.02508, 0.02532, 0.025679999999999994, 0.026399999999999996, 0.026399999999999996, 0.02652, 0.026759999999999996, 0.026879999999999998, 0.026999999999999996, 0.02736, 0.02844, 0.0288, 0.02952, 0.03024, 0.03048, 0.030599999999999995, 0.030839999999999996, 0.031200000000000002, 0.031319999999999994, 0.03168, 0.031920000000000004, 0.03204, 0.032279999999999996, 0.032279999999999996, 0.03312, 0.03336, 0.033479999999999996, 0.0336, 0.03372, 0.03408, 0.0342, 0.0342, 0.03456, 0.0348, 0.03492, 0.03516, 0.0354, 0.036000000000000004, 0.03648, 0.036840000000000005, 0.03696, 0.03732, 0.03768, 0.0378, 0.0378, 0.03828, 0.03864, 0.03888, 0.03936, 0.03984, 0.04008, 0.04032, 0.04056, 0.0408, 0.04104, 0.04104, 0.041400000000000006, 0.041639999999999996, 0.042, 0.04224, 0.0426, 0.042960000000000005, 0.043440000000000006, 0.043440000000000006, 0.043680000000000004, 0.044039999999999996, 0.0444, 0.04476, 0.04488, 0.04511999999999999, 0.04548, 0.045599999999999995, 0.045599999999999995, 0.04596, 0.0462, 0.04632, 0.04656, 0.04668, 0.047159999999999994, 0.04752, 0.047880000000000006, 0.048, 0.04812, 0.04836, 0.04836, 0.048600000000000004, 0.048600000000000004, 0.04884, 0.04932, 0.049800000000000004, 0.04992, 0.050280000000000005, 0.0504, 0.050519999999999995, 0.05112, 0.05124000000000001, 0.05136, 0.05148, 0.05172000000000001, 0.052320000000000005, 0.052320000000000005, 0.052320000000000005, 0.052320000000000005, 0.05256, 0.0528, 0.052919999999999995, 0.053399999999999996, 0.05376, 0.054240000000000003, 0.05436, 0.05460000000000001, 0.05484, 0.05484, 0.05496, 0.05544, 0.05556, 0.0558, 0.0558, 0.0558, 0.056280000000000004, 0.057120000000000004, 0.0576, 0.057960000000000005, 0.05832000000000001, 0.05856000000000001, 0.058800000000000005, 0.05928, 0.0594, 0.06000000000000001, 0.06012000000000001, 0.06072, 0.06072, 0.06096, 0.06168, 0.061799999999999994, 0.062040000000000005, 0.062400000000000004, 0.06276, 0.06312000000000001, 0.06384000000000001, 0.06444000000000001, 0.06492, 0.06492, 0.06504, 0.06516, 0.06564, 0.06564, 0.06564, 0.06564, 0.06612, 0.06648, 0.06684, 0.06720000000000001, 0.06756000000000001, 0.0678, 0.06804, 0.06816000000000001, 0.06852, 0.06864, 0.06876, 0.06912, 0.06948, 0.06996, 0.07007999999999999, 0.0702, 0.07056, 0.07067999999999999, 0.07092, 0.07103999999999999, 0.07128, 0.07139999999999999, 0.07164, 0.07224, 0.07236, 0.07247999999999999, 0.07283999999999999, 0.0732, 0.07343999999999999, 0.07379999999999999, 0.07379999999999999, 0.07427999999999998, 0.0744, 0.07452, 0.07464, 0.07476, 0.07488, 0.07523999999999999, 0.07548, 0.07583999999999999, 0.07596, 0.07619999999999999, 0.07619999999999999, 0.07644000000000001, 0.0768, 0.07728, 0.07751999999999999, 0.07751999999999999, 0.07776, 0.07812, 0.07836, 0.07848, 0.07859999999999999, 0.07884000000000001, 0.07896, 0.07919999999999999, 0.07980000000000001, 0.07980000000000001, 0.08016, 0.08064, 0.08088000000000001, 0.08112, 0.08123999999999999, 0.08184, 0.08195999999999999, 0.08208, 0.08232, 0.0828, 0.08292, 0.08316000000000001, 0.08364, 0.08412000000000001, 0.08448, 0.08472000000000002, 0.0852, 0.08556000000000001, 0.08580000000000002, 0.08603999999999999, 0.08628, 0.08664000000000001, 0.08676000000000002, 0.08712, 0.08724, 0.08724, 0.0876, 0.08784, 0.08844000000000002, 0.08879999999999999, 0.08928000000000001, 0.08952000000000002, 0.08964, 0.09, 0.09024000000000001, 0.09083999999999999, 0.09108000000000001, 0.0912, 0.09192, 0.09216, 0.09228000000000001, 0.09276, 0.09288, 0.09288, 0.09336, 0.09348, 0.09359999999999999, 0.09384, 0.09396, 0.09432, 0.09455999999999999, 0.09455999999999999, 0.09455999999999999, 0.09480000000000001, 0.09491999999999999, 0.09528, 0.09588, 0.09588, 0.09635999999999999, 0.09648, 0.09684000000000001, 0.09695999999999999, 0.09731999999999999, 0.09744, 0.09768, 0.0984, 0.09852, 0.09912000000000001, 0.09936, 0.09948, 0.09971999999999999, 0.09971999999999999, 0.09996000000000001, 0.10008, 0.10032, 0.10056000000000001, 0.1008, 0.10092000000000001, 0.10092000000000001, 0.10116, 0.10164000000000001, 0.102, 0.102, 0.102, 0.10212, 0.10224, 0.1026, 0.10308, 0.10356, 0.10368000000000001, 0.10392, 0.10392, 0.10404, 0.10464000000000001, 0.10488, 0.10512, 0.10536000000000001, 0.1056, 0.1056, 0.10572000000000001, 0.10608000000000001, 0.10608000000000001, 0.10632000000000001, 0.10644000000000002, 0.10656, 0.10692, 0.10692, 0.10716, 0.10752, 0.10764000000000001, 0.10800000000000001, 0.10812000000000001, 0.10824000000000002, 0.10848000000000001, 0.10859999999999999, 0.10872, 0.10908000000000001, 0.10932, 0.10944000000000001, 0.10992, 0.11028, 0.11028, 0.11064, 0.11076000000000001, 0.11112000000000002, 0.11160000000000002, 0.11172, 0.11184000000000001, 0.11208000000000001, 0.11208000000000001, 0.11231999999999999, 0.11291999999999999, 0.11304, 0.11352000000000001, 0.11376000000000001, 0.11400000000000002, 0.11424, 0.11436, 0.11448, 0.11448, 0.1152, 0.11580000000000001, 0.11603999999999999, 0.1164, 0.11652000000000001, 0.11664000000000002, 0.11724, 0.11748000000000001, 0.11784, 0.11808000000000002, 0.11808000000000002, 0.11832000000000001, 0.11844000000000002, 0.11868000000000001, 0.11939999999999999, 0.11939999999999999, 0.11988, 0.12036000000000001, 0.12072, 0.12072, 0.12120000000000002, 0.12144, 0.12168, 0.12228, 0.12252, 0.12264, 0.12288, 0.12300000000000001, 0.12348, 0.12360000000000002, 0.12384, 0.12396000000000001, 0.12419999999999998, 0.12444, 0.12480000000000001, 0.12503999999999998, 0.12528, 0.1254, 0.12552, 0.12552, 0.12576, 0.12588000000000002, 0.12588000000000002, 0.12612, 0.12624000000000002, 0.12636, 0.12636, 0.12636, 0.12636, 0.12648, 0.1266, 0.1266, 0.12696, 0.12732, 0.12732, 0.12744, 0.12744, 0.12756, 0.12768000000000002, 0.12780000000000002, 0.12792, 0.12792, 0.12828, 0.12876, 0.12876, 0.12936, 0.12948, 0.12948, 0.12948, 0.12948, 0.12984, 0.13032, 0.13044, 0.13055999999999998, 0.1308, 0.13104, 0.1314, 0.13163999999999998, 0.132, 0.13224, 0.1326, 0.1326, 0.1326, 0.13283999999999999, 0.13283999999999999, 0.1332, 0.13344, 0.13368000000000002, 0.13428, 0.13451999999999997, 0.13476, 0.13476, 0.13548, 0.13584, 0.13608, 0.13620000000000002, 0.13632000000000002, 0.13644, 0.13656000000000001, 0.1368, 0.13704, 0.13704, 0.13716, 0.13727999999999999, 0.13763999999999998, 0.138, 0.138, 0.13848000000000002, 0.13872, 0.13872, 0.13920000000000002, 0.13944, 0.13944, 0.1398, 0.1404, 0.14064, 0.1416, 0.14196, 0.14208, 0.1422, 0.14232, 0.14232, 0.14244, 0.14244, 0.14256, 0.14279999999999998, 0.14328, 0.14352, 0.144, 0.14424, 0.1446, 0.1446, 0.14472, 0.14508, 0.14532, 0.14544, 0.14579999999999999, 0.14615999999999998, 0.1464, 0.1464, 0.14652, 0.14652, 0.14652, 0.14687999999999998, 0.14712, 0.14748, 0.14784, 0.14795999999999998, 0.14844, 0.14867999999999998, 0.14892, 0.14916000000000001, 0.14952, 0.14987999999999999, 0.15036, 0.15059999999999998, 0.15084, 0.15096, 0.15096, 0.15108, 0.15132, 0.15167999999999998, 0.15216, 0.15228, 0.15264, 0.15276, 0.153, 0.15324, 0.15347999999999998, 0.1536, 0.15372, 0.15372, 0.15384, 0.1542, 0.15444, 0.15444, 0.15492, 0.15503999999999998, 0.15527999999999997, 0.15527999999999997, 0.15552, 0.15611999999999998, 0.1566, 0.15708, 0.15744, 0.15756, 0.15791999999999998, 0.15816, 0.15899999999999997, 0.15924, 0.15924, 0.15935999999999997, 0.15935999999999997, 0.15947999999999998, 0.15972, 0.16008, 0.16056, 0.16068000000000002, 0.16091999999999998, 0.16091999999999998, 0.16116, 0.16140000000000002, 0.16176, 0.16212, 0.16236, 0.16236, 0.16236, 0.16259999999999997, 0.16259999999999997, 0.16271999999999998, 0.16283999999999998, 0.16296, 0.1632, 0.16355999999999998, 0.16368, 0.16368, 0.16391999999999998, 0.16404, 0.16428, 0.16464, 0.16488, 0.16524, 0.16548, 0.1656, 0.16584, 0.16584, 0.16584, 0.16596, 0.16620000000000001, 0.16632000000000002, 0.16668, 0.16704, 0.16716, 0.16728, 0.16752, 0.16763999999999998, 0.16763999999999998, 0.168, 0.16824000000000003, 0.16836, 0.16836, 0.16872, 0.16884, 0.16920000000000002, 0.16956000000000004, 0.16992000000000002, 0.16992000000000002, 0.17003999999999997, 0.17015999999999998, 0.1704, 0.17064000000000001, 0.17076, 0.17088, 0.171, 0.17112000000000002, 0.17124000000000003, 0.17136000000000004, 0.17148, 0.17171999999999998, 0.17183999999999996, 0.17195999999999997, 0.17195999999999997, 0.17207999999999998, 0.1722, 0.17232, 0.17244, 0.17292000000000002, 0.17328, 0.1734, 0.17352, 0.17387999999999998, 0.174, 0.17412, 0.17412, 0.17436, 0.17472000000000001, 0.17496000000000003, 0.17532000000000003, 0.17544000000000004, 0.17556000000000002, 0.17579999999999998, 0.17615999999999998, 0.17652, 0.17688000000000004, 0.17700000000000002, 0.17712, 0.17747999999999997, 0.17796, 0.17808, 0.17832, 0.17844000000000002, 0.17880000000000001, 0.17892000000000002, 0.17892000000000002, 0.17916, 0.17951999999999999, 0.17987999999999998, 0.18024, 0.18048000000000003, 0.18072, 0.18108000000000002, 0.18144, 0.18167999999999998, 0.18167999999999998, 0.1818, 0.18204, 0.18228000000000003, 0.18228000000000003, 0.18228000000000003, 0.18252, 0.18276, 0.18288000000000001, 0.183, 0.18312, 0.18312, 0.18336000000000002, 0.18347999999999998, 0.18359999999999999, 0.18372, 0.18372, 0.18372, 0.18396, 0.18396, 0.18396, 0.18408000000000002, 0.18431999999999998, 0.18444, 0.18468, 0.18492, 0.18492, 0.18504, 0.18539999999999998, 0.18564, 0.18588000000000002, 0.18600000000000003, 0.18612, 0.18636000000000003, 0.18636000000000003, 0.18660000000000004, 0.18672000000000005, 0.18672000000000005, 0.18732, 0.18756, 0.18804, 0.18804, 0.18828000000000003, 0.18888000000000002, 0.18899999999999997, 0.18899999999999997, 0.18899999999999997, 0.18924, 0.18948, 0.18948, 0.18948, 0.18948, 0.18948, 0.18948, 0.18972, 0.19020000000000004, 0.19068, 0.19068, 0.19079999999999997, 0.19091999999999998, 0.19104, 0.19128, 0.19140000000000001, 0.19152000000000002, 0.19200000000000003, 0.19223999999999997, 0.19247999999999998, 0.1926, 0.1926, 0.19271999999999997, 0.19271999999999997, 0.19308, 0.19332000000000002, 0.19356, 0.19404000000000005, 0.19416000000000003, 0.19440000000000002, 0.19440000000000002, 0.19452000000000003, 0.19452000000000003, 0.19488000000000003, 0.19512000000000002, 0.1956, 0.19584, 0.1962, 0.1962, 0.1962, 0.19656, 0.19668000000000002, 0.19668000000000002, 0.19680000000000003, 0.19716, 0.19740000000000002, 0.19740000000000002, 0.19752000000000003, 0.19752000000000003, 0.198, 0.19811999999999996, 0.19835999999999998, 0.19835999999999998, 0.19872, 0.19896, 0.19920000000000002, 0.19944000000000003, 0.19956000000000004, 0.19956000000000004, 0.19968, 0.19992000000000001, 0.19992000000000001, 0.19992000000000001, 0.20004000000000002, 0.20064000000000004, 0.20088, 0.201, 0.201, 0.20148000000000002, 0.20172, 0.20184000000000002, 0.20196000000000003, 0.20196000000000003, 0.20196000000000003, 0.20207999999999998, 0.2022, 0.2022, 0.20244, 0.20279999999999998, 0.20292, 0.20304, 0.20304, 0.20315999999999998, 0.2034, 0.20388, 0.20388, 0.20388, 0.20400000000000001, 0.20400000000000001, 0.20424, 0.20435999999999999, 0.20435999999999999, 0.2046, 0.20472, 0.20496000000000003, 0.20508000000000004, 0.20520000000000002, 0.20532, 0.20579999999999998, 0.20592, 0.20604, 0.20664000000000002, 0.20675999999999997, 0.20712, 0.20759999999999998, 0.20772, 0.20784, 0.20808, 0.20856000000000002, 0.20868000000000003, 0.2088, 0.2088, 0.20892, 0.20904, 0.20915999999999996, 0.20939999999999998, 0.20964, 0.20987999999999998, 0.21, 0.21024, 0.2106, 0.21072000000000002, 0.21096, 0.21108000000000002, 0.2112, 0.21144, 0.21192, 0.21216000000000002, 0.21252000000000001, 0.21288, 0.213, 0.21336000000000002, 0.21348, 0.21372, 0.21395999999999998, 0.21444, 0.21444, 0.21444, 0.21504, 0.21504, 0.21516000000000002, 0.21516000000000002, 0.21539999999999998, 0.21576, 0.21576, 0.21588000000000002, 0.21588000000000002, 0.21600000000000003, 0.21600000000000003, 0.21624000000000002, 0.21672, 0.21684, 0.21708, 0.21731999999999999, 0.21743999999999997, 0.21779999999999997, 0.21803999999999998, 0.21816, 0.21816, 0.21816, 0.21828, 0.21828, 0.21852, 0.21852, 0.21875999999999998, 0.21911999999999998, 0.21924, 0.21936, 0.21960000000000002, 0.21996, 0.21996, 0.2202, 0.22032, 0.22032, 0.22044, 0.2208, 0.22091999999999998, 0.22104, 0.22116, 0.22128, 0.2214, 0.22188000000000002, 0.22200000000000003, 0.22236, 0.2226, 0.2226, 0.22271999999999997, 0.22283999999999998, 0.22308, 0.22308, 0.22308, 0.2232, 0.2232, 0.22332000000000002, 0.22368, 0.22392, 0.22416, 0.22427999999999998, 0.22451999999999997, 0.22476, 0.225, 0.22535999999999998, 0.22547999999999999, 0.22572, 0.22583999999999999, 0.22607999999999998, 0.22619999999999998, 0.22655999999999998, 0.22655999999999998, 0.22655999999999998, 0.2268, 0.2268, 0.22716, 0.22728, 0.22728, 0.22763999999999998, 0.22787999999999997, 0.22787999999999997, 0.22787999999999997, 0.22799999999999998, 0.22799999999999998, 0.22812, 0.22812, 0.22812, 0.22823999999999997, 0.22835999999999998, 0.2286, 0.22884000000000002, 0.22908, 0.22932000000000002, 0.22955999999999996, 0.22991999999999999, 0.2304, 0.23064, 0.23087999999999997, 0.23099999999999998, 0.23124, 0.23135999999999998, 0.2316, 0.2316, 0.23195999999999997, 0.23207999999999998, 0.23232, 0.23232, 0.2328, 0.2328, 0.23315999999999998, 0.23327999999999996, 0.23351999999999998, 0.23387999999999998, 0.23448, 0.23448, 0.23472, 0.23472, 0.23508000000000004, 0.23532000000000003, 0.23555999999999996, 0.23579999999999998, 0.23592, 0.23604, 0.23616, 0.23616, 0.23628, 0.2364, 0.23652, 0.23676000000000003, 0.237, 0.23747999999999997, 0.23772, 0.23772, 0.23807999999999999, 0.2382, 0.23831999999999998, 0.23856, 0.23856, 0.23867999999999998, 0.23904, 0.23939999999999997, 0.23939999999999997, 0.23964, 0.23976, 0.23976, 0.23976, 0.24, 0.24024, 0.24060000000000004, 0.24060000000000004, 0.24060000000000004, 0.24060000000000004, 0.24072, 0.24096, 0.2412, 0.24132, 0.24156000000000002, 0.24168, 0.2418, 0.24204, 0.24216000000000001, 0.24264, 0.24288, 0.24288, 0.24324, 0.24348, 0.24359999999999998, 0.24359999999999998, 0.24372, 0.24408000000000002, 0.24420000000000003, 0.24432, 0.24444000000000002, 0.24444000000000002, 0.24468, 0.24504, 0.24516000000000002, 0.24516000000000002, 0.24528, 0.24552, 0.24564, 0.24611999999999998, 0.24624, 0.24624, 0.24624, 0.24624, 0.24635999999999997, 0.24647999999999995, 0.24683999999999998, 0.24695999999999999, 0.24708, 0.24708, 0.24708, 0.24744, 0.24744, 0.24756, 0.24780000000000002, 0.24792000000000003, 0.24816, 0.24816, 0.2484, 0.2484, 0.2484, 0.24852, 0.24864, 0.24875999999999998, 0.24888, 0.24924, 0.24936, 0.24936, 0.24960000000000002, 0.24972000000000003, 0.2502, 0.25032, 0.25032, 0.25055999999999995, 0.25067999999999996, 0.25092, 0.25116, 0.25116, 0.25116, 0.25128, 0.25128, 0.2514, 0.25152, 0.25176000000000004, 0.25176000000000004, 0.25176000000000004, 0.252, 0.25212, 0.25224, 0.25236, 0.2526, 0.25272, 0.25272, 0.25272, 0.25272, 0.25272, 0.25272, 0.25272, 0.25284, 0.25296, 0.25296, 0.25296, 0.25296, 0.25296, 0.25332, 0.25356, 0.25356, 0.2538, 0.25392000000000003, 0.25392000000000003, 0.25428, 0.25452, 0.25476000000000004, 0.25488, 0.25524, 0.25548000000000004, 0.25560000000000005, 0.25596, 0.25608000000000003, 0.25608000000000003, 0.25632, 0.25632, 0.25668, 0.2568, 0.25704, 0.25704, 0.25704, 0.25739999999999996, 0.25751999999999997, 0.25751999999999997, 0.25776, 0.25788, 0.25812, 0.25823999999999997, 0.25836, 0.2586, 0.2586, 0.25884, 0.25895999999999997, 0.25932, 0.25932, 0.25944, 0.25968, 0.25968, 0.26004, 0.26004, 0.26004, 0.26016, 0.26028, 0.2604, 0.26064, 0.26076, 0.261, 0.26136000000000004, 0.26148000000000005, 0.26184, 0.26208000000000004, 0.26232, 0.26232, 0.26244, 0.26256, 0.26268, 0.26280000000000003, 0.26280000000000003, 0.26304, 0.26316, 0.2634, 0.26352000000000003, 0.26364000000000004, 0.264, 0.26424, 0.26448, 0.2646, 0.2646, 0.26472, 0.26484, 0.26496000000000003, 0.26520000000000005, 0.26556, 0.26580000000000004, 0.26580000000000004, 0.26580000000000004, 0.26580000000000004, 0.26580000000000004, 0.26592000000000005, 0.26616, 0.2664, 0.26676, 0.26688, 0.267, 0.267, 0.26724000000000003, 0.26748000000000005, 0.26760000000000006, 0.26772000000000007, 0.26772000000000007, 0.26772000000000007, 0.26784, 0.26784, 0.26796, 0.26796, 0.26796, 0.2682, 0.26832, 0.26856, 0.26868000000000003, 0.26880000000000004, 0.26880000000000004, 0.26880000000000004, 0.26916, 0.2694, 0.26952, 0.26964, 0.27, 0.27, 0.27012, 0.27036, 0.27036, 0.2706, 0.2706, 0.27072, 0.27083999999999997, 0.27108, 0.2712, 0.27132, 0.27156, 0.27168000000000003, 0.27168000000000003, 0.27180000000000004, 0.27192000000000005, 0.27216, 0.27228, 0.27264000000000005, 0.27288, 0.27312000000000003, 0.27312000000000003, 0.27324000000000004, 0.27336, 0.27372, 0.27384000000000003, 0.27384000000000003, 0.27408, 0.27432, 0.27432, 0.27468000000000004, 0.27480000000000004, 0.27492000000000005, 0.27516000000000007, 0.27564, 0.27576, 0.276, 0.276, 0.27612000000000003, 0.27624000000000004, 0.27648000000000006, 0.2766, 0.27672, 0.27684000000000003, 0.27696000000000004, 0.27708, 0.27732, 0.27744, 0.27756000000000003, 0.27768, 0.27792, 0.27816, 0.27828, 0.27852000000000005, 0.27864, 0.27864, 0.27887999999999996, 0.27887999999999996, 0.27887999999999996, 0.27887999999999996, 0.27899999999999997, 0.27936, 0.27936, 0.27936, 0.2796, 0.27984000000000003, 0.27996000000000004, 0.28008000000000005, 0.28044, 0.28056000000000003, 0.28092, 0.28128, 0.28128, 0.28152, 0.28152, 0.28188, 0.28200000000000003, 0.28236000000000006, 0.28236000000000006, 0.28248000000000006, 0.28296000000000004, 0.28320000000000006, 0.28320000000000006, 0.28344, 0.28344, 0.28344, 0.28344, 0.28380000000000005, 0.28404, 0.28416, 0.28428000000000003, 0.28440000000000004, 0.28464, 0.28476, 0.28512, 0.28512, 0.285, 0.28512, 0.28512, 0.28512, 0.28524, 0.28524, 0.28536, 0.28536, 0.28536, 0.2856, 0.28584, 0.28584, 0.28584, 0.28631999999999996, 0.28644, 0.28656, 0.28668, 0.28668, 0.28668, 0.2868, 0.28704, 0.28716, 0.28728000000000004, 0.28764, 0.28800000000000003, 0.28812, 0.28812, 0.28824, 0.28824, 0.28872, 0.28896, 0.28896, 0.28908, 0.28908, 0.2892, 0.28932, 0.28956000000000004, 0.28968000000000005, 0.2898, 0.28992, 0.29052, 0.29076, 0.29076, 0.29076, 0.29088, 0.29100000000000004, 0.29112000000000005, 0.29124, 0.29124, 0.29136, 0.29148, 0.2916, 0.2916, 0.29172, 0.29172, 0.29172, 0.29172, 0.29172, 0.29208, 0.29208, 0.2922, 0.2922, 0.29244, 0.29256, 0.29279999999999995, 0.29291999999999996, 0.29303999999999997, 0.29316, 0.29316, 0.29316, 0.29328, 0.29328, 0.29328, 0.29328, 0.29328, 0.29352, 0.29352, 0.294, 0.294, 0.29412, 0.29436, 0.29436, 0.29448, 0.29448, 0.29484, 0.29508, 0.29532, 0.29556, 0.29591999999999996, 0.29591999999999996, 0.29616, 0.29628, 0.2964, 0.2964, 0.29664, 0.29688, 0.297, 0.297, 0.29712, 0.29772, 0.29784, 0.2982, 0.29832000000000003, 0.29844000000000004, 0.2988, 0.29892, 0.29916, 0.29928, 0.29952, 0.29963999999999996, 0.29988, 0.29988, 0.29988, 0.30012, 0.30024, 0.30048, 0.30060000000000003, 0.30072000000000004, 0.30084000000000005, 0.30084000000000005, 0.30084000000000005, 0.30096000000000006, 0.30096000000000006, 0.30132, 0.30144, 0.30156, 0.30156, 0.30156, 0.30168, 0.3018, 0.30192, 0.30192, 0.30204000000000003, 0.30228, 0.30228, 0.30228, 0.30228, 0.30228, 0.30252, 0.30276000000000003, 0.30300000000000005, 0.30324, 0.30335999999999996, 0.3036, 0.3036, 0.30372, 0.30384, 0.30396, 0.30396, 0.30408, 0.3042, 0.3042, 0.30444, 0.30455999999999994, 0.30455999999999994, 0.30455999999999994, 0.30479999999999996, 0.30479999999999996, 0.30504, 0.3054, 0.30552, 0.30564, 0.306, 0.30624, 0.30624, 0.30636, 0.3066, 0.3066, 0.30672, 0.30672, 0.30672, 0.30672, 0.30720000000000003, 0.30744, 0.30756, 0.30768, 0.30791999999999997, 0.30828, 0.3084, 0.3084, 0.30852, 0.30876000000000003, 0.30876000000000003, 0.30888000000000004, 0.30912, 0.30924, 0.30936, 0.30948, 0.30972, 0.30996, 0.3102, 0.31044, 0.31055999999999995, 0.31055999999999995, 0.31067999999999996, 0.31079999999999997, 0.31092, 0.31128, 0.31128, 0.3114, 0.31164, 0.31188, 0.31188, 0.312, 0.31212, 0.31224, 0.31224, 0.31248000000000004, 0.31284, 0.31284, 0.31296, 0.31308, 0.3132, 0.31332, 0.31344, 0.31356, 0.31356, 0.31379999999999997, 0.31392, 0.31404, 0.31404, 0.31464, 0.31488, 0.31512, 0.31512, 0.31512, 0.31536000000000003, 0.31548000000000004, 0.31548000000000004, 0.31583999999999995, 0.31595999999999996, 0.3162, 0.31632, 0.31632, 0.31656, 0.31668, 0.31692, 0.31692, 0.31692, 0.31704, 0.31728, 0.31764, 0.31776, 0.31788, 0.31788, 0.31788, 0.31799999999999995, 0.31799999999999995, 0.31799999999999995, 0.31799999999999995, 0.31799999999999995, 0.31811999999999996, 0.31811999999999996, 0.31823999999999997, 0.31823999999999997, 0.31823999999999997, 0.31836, 0.31848, 0.31872, 0.31872, 0.31872, 0.31872, 0.31884, 0.31896, 0.31920000000000004, 0.31932000000000005, 0.31956, 0.31956, 0.31956, 0.31968, 0.31980000000000003, 0.32004000000000005, 0.32028000000000006, 0.32028000000000006, 0.32064, 0.32076, 0.32088, 0.321, 0.321, 0.321, 0.32112, 0.32136000000000003, 0.32160000000000005, 0.32160000000000005, 0.32183999999999996, 0.32183999999999996, 0.32183999999999996, 0.32183999999999996, 0.32183999999999996, 0.32195999999999997, 0.32208, 0.3222, 0.32232, 0.32244, 0.32256, 0.32268, 0.32292000000000004, 0.32292000000000004, 0.32292000000000004, 0.32292000000000004, 0.32292000000000004, 0.3234, 0.32352000000000003, 0.32364, 0.32376, 0.32376, 0.324, 0.32411999999999996, 0.32424, 0.32424, 0.3246, 0.3246, 0.3246, 0.32484, 0.32543999999999995, 0.32555999999999996, 0.32555999999999996, 0.3258, 0.32592, 0.32616, 0.32616, 0.32652000000000003, 0.32664000000000004, 0.32688, 0.327, 0.327, 0.32748, 0.32760000000000006, 0.32772000000000007, 0.3279600000000001, 0.3282, 0.3282, 0.3282, 0.32844, 0.32844, 0.32844, 0.32856, 0.32856, 0.32880000000000004, 0.32880000000000004, 0.32891999999999993, 0.32891999999999993, 0.32891999999999993, 0.32903999999999994, 0.32915999999999995, 0.32939999999999997, 0.32939999999999997, 0.32939999999999997, 0.32976, 0.32976, 0.32976, 0.32988, 0.33, 0.33012, 0.33036, 0.33072, 0.33096, 0.3312, 0.3312, 0.3312, 0.33132, 0.33168, 0.33168, 0.33204, 0.33204, 0.33204, 0.33216, 0.33228, 0.33228, 0.33228, 0.33252000000000004, 0.33263999999999994, 0.33263999999999994, 0.33299999999999996, 0.33324, 0.33336, 0.33336, 0.3336, 0.3336, 0.33384, 0.33396000000000003, 0.33408, 0.33444, 0.33456, 0.33456, 0.33492000000000005, 0.3352800000000001, 0.3354000000000001, 0.3354000000000001, 0.33552000000000004, 0.33564000000000005, 0.33576000000000006, 0.33576000000000006, 0.33576000000000006, 0.33588, 0.33588, 0.336, 0.33612000000000003, 0.33623999999999993, 0.33623999999999993, 0.33623999999999993, 0.33635999999999994, 0.33647999999999995, 0.33659999999999995, 0.33671999999999996, 0.33696, 0.33708, 0.3372, 0.33744, 0.33744, 0.33744, 0.33756, 0.3378, 0.3378, 0.3378, 0.3378, 0.33804, 0.33816, 0.33840000000000003, 0.33864000000000005, 0.3390000000000001, 0.33924, 0.33936, 0.33936, 0.33948, 0.3396, 0.3396, 0.33996000000000004, 0.33996000000000004, 0.34007999999999994, 0.34007999999999994, 0.34043999999999996, 0.34056, 0.34068, 0.34068, 0.3408, 0.34104, 0.34128000000000003, 0.3414, 0.3414, 0.34164, 0.34188, 0.34212000000000004, 0.34212000000000004, 0.34236000000000005, 0.34248000000000006, 0.34260000000000007, 0.34260000000000007, 0.34271999999999997, 0.34308, 0.3432, 0.34331999999999996, 0.34343999999999997, 0.34391999999999995, 0.34415999999999997, 0.3444, 0.345, 0.34512, 0.3456, 0.34572, 0.34608000000000005, 0.34632000000000007, 0.34656000000000003, 0.3468, 0.3471599999999999, 0.34739999999999993, 0.34751999999999994, 0.34763999999999995, 0.34787999999999997, 0.34812, 0.34812, 0.34848, 0.34848, 0.34896, 0.34908, 0.34944000000000003, 0.34980000000000006, 0.3500400000000001, 0.35028000000000004, 0.35052, 0.35076, 0.35088, 0.3509999999999999, 0.35123999999999994, 0.35184, 0.35208, 0.35256, 0.3528, 0.35292, 0.35304, 0.35328000000000004, 0.3539999999999999, 0.35423999999999994, 0.3547199999999999, 0.35519999999999996, 0.35531999999999997, 0.35556, 0.35568, 0.35592, 0.35652, 0.35676, 0.35688000000000003, 0.35712000000000005, 0.35724000000000006, 0.35760000000000003, 0.3583200000000001, 0.35868, 0.35903999999999997, 0.35952, 0.36012, 0.36012, 0.36036, 0.36036, 0.36060000000000003, 0.3612, 0.36156000000000005, 0.36156000000000005, 0.36156000000000005, 0.3618, 0.36251999999999995, 0.36312, 0.36335999999999996, 0.36396, 0.3642, 0.36468000000000006, 0.36528000000000005, 0.3655199999999999, 0.3658799999999999, 0.36635999999999996, 0.3666, 0.36719999999999997, 0.36768, 0.36828000000000005, 0.36852, 0.36912000000000006, 0.36972, 0.37032000000000004, 0.37079999999999996, 0.3714, 0.37200000000000005, 0.37224, 0.37236, 0.37248000000000003, 0.37284000000000006, 0.3730800000000001, 0.3732000000000001, 0.3732000000000001, 0.3734400000000001, 0.3734400000000001, 0.37416, 0.37427999999999995, 0.37439999999999996, 0.37439999999999996, 0.37524, 0.37584, 0.37632000000000004, 0.37656000000000006, 0.37668000000000007, 0.37692, 0.3774, 0.37752, 0.37776, 0.37788, 0.37799999999999995, 0.37799999999999995, 0.37823999999999997, 0.3786, 0.37872, 0.37872, 0.37896, 0.37908000000000003, 0.37932000000000005, 0.3798, 0.38004, 0.38016, 0.38051999999999997, 0.38064, 0.381, 0.38136000000000003, 0.38208, 0.38268, 0.38292000000000004, 0.38316, 0.384, 0.38436, 0.3846, 0.38484, 0.38520000000000004, 0.38556000000000007, 0.38556000000000007, 0.38616, 0.38628, 0.38676, 0.38688, 0.38760000000000006, 0.38808, 0.38880000000000003, 0.38939999999999997, 0.38952, 0.38988, 0.39012, 0.39048, 0.39072, 0.39096000000000003, 0.3910640000000001, 0.3911840000000001, 0.3913040000000001, 0.3914240000000001, 0.392144, 0.392624, 0.392624, 0.393104, 0.39370400000000005, 0.39418400000000003, 0.39454400000000006, 0.39490400000000003, 0.395144, 0.395144, 0.395504, 0.395504, 0.39574400000000004, 0.396104, 0.396584, 0.396944, 0.39718400000000004, 0.39766399999999996, 0.39778399999999997, 0.398144, 0.398984, 0.399224, 0.399704, 0.39982399999999996, 0.39994399999999997, 0.400184, 0.400184, 0.400424, 0.400544, 0.40078400000000003, 0.40126400000000007, 0.40150399999999997, 0.401624, 0.402104, 0.40234400000000003, 0.40270399999999995, 0.403064, 0.40354399999999996, 0.404264, 0.404504, 0.40486399999999995, 0.405224, 0.405384, 0.405504, 0.405744, 0.406344, 0.406704, 0.406704, 0.40706400000000004, 0.407424, 0.407904, 0.408264, 0.408384, 0.408504, 0.40874399999999994, 0.409464, 0.40958399999999995, 0.409944, 0.410184, 0.410424, 0.41066400000000003, 0.41162400000000005, 0.411984, 0.412344, 0.412944, 0.413184, 0.413184, 0.41354399999999997, 0.41354399999999997, 0.414144, 0.41462400000000005, 0.41498399999999996, 0.415344, 0.415584, 0.416064, 0.416544, 0.41678400000000004, 0.41702399999999995, 0.41726399999999997, 0.417744, 0.418464, 0.418704, 0.41894400000000004, 0.41930400000000007, 0.419784, 0.419904, 0.420504, 0.42062399999999994, 0.42098399999999997, 0.421224, 0.421704, 0.422064, 0.422184, 0.42254400000000003, 0.423024, 0.4233839999999999, 0.42386399999999996, 0.42398399999999997, 0.42422399999999993, 0.42446399999999995, 0.42446399999999995, 0.424824, 0.424824, 0.425184, 0.425424, 0.425424, 0.426024, 0.426144, 0.42662400000000006, 0.4268640000000001, 0.4269840000000001, 0.4269840000000001, 0.42734400000000006, 0.42746400000000007, 0.4275840000000001, 0.4278240000000001, 0.4281840000000001, 0.42842399999999997, 0.428664, 0.428784, 0.429024, 0.429144, 0.429504, 0.429864, 0.429864, 0.43022400000000005, 0.4308240000000001, 0.430944, 0.43130399999999997, 0.431424, 0.43178399999999995, 0.43202399999999996, 0.432384, 0.432504, 0.432504, 0.432744, 0.432744, 0.433104, 0.433344, 0.43370400000000003, 0.43394400000000005, 0.43418400000000007, 0.4343040000000001, 0.4344240000000001, 0.43454400000000004, 0.43454400000000004, 0.43454400000000004, 0.435024, 0.43538399999999994, 0.435984, 0.436704, 0.436944, 0.43766400000000005, 0.43766400000000005, 0.4380240000000001, 0.4380240000000001, 0.43850399999999995, 0.43874399999999997, 0.43910399999999994, 0.43946399999999997, 0.439824, 0.440064, 0.440184, 0.440544, 0.440784, 0.44138400000000005, 0.44150400000000006, 0.44150400000000006, 0.44186400000000003, 0.44198400000000004, 0.44234399999999996, 0.4425839999999999, 0.44270399999999993, 0.44306399999999996, 0.44318399999999997, 0.443664, 0.443904, 0.444144, 0.444504, 0.444624, 0.444624, 0.44486400000000004, 0.44498400000000005, 0.44510400000000006, 0.44510400000000006, 0.44522400000000006, 0.445824, 0.445944, 0.445944, 0.44630400000000003, 0.44642400000000004, 0.44642400000000004, 0.44654399999999994, 0.44690399999999997, 0.447144, 0.447144, 0.447384, 0.447504, 0.447624, 0.447744, 0.447864, 0.448104, 0.448224, 0.448344, 0.44846400000000003, 0.4490640000000001, 0.449304, 0.449424, 0.449544, 0.4500239999999999, 0.45014399999999993, 0.45050399999999996, 0.45062399999999997, 0.450744, 0.451224, 0.45134399999999997, 0.451704, 0.45242400000000005, 0.45254399999999995, 0.45266399999999996, 0.4529039999999999, 0.4530239999999999, 0.45326399999999994, 0.45338399999999995, 0.4537439999999999, 0.45398399999999994, 0.45410399999999995, 0.45410399999999995, 0.45410399999999995, 0.454704, 0.454824, 0.455184, 0.455544, 0.455664, 0.45614400000000005, 0.45626400000000006, 0.456504, 0.456504, 0.456848, 0.456848, 0.456848, 0.45708799999999994, 0.45732799999999996, 0.457688, 0.457808, 0.458168, 0.45840800000000004, 0.458648, 0.458888, 0.45912800000000004, 0.45936800000000005, 0.459848, 0.459968, 0.46020799999999995, 0.46032799999999996, 0.46044799999999997, 0.460568, 0.460688, 0.46080799999999994, 0.46092799999999995, 0.46092799999999995, 0.461288, 0.461408, 0.461648, 0.461888, 0.462248, 0.462488, 0.462608, 0.462848, 0.462968, 0.463208, 0.46332799999999996, 0.46332799999999996, 0.46344799999999997, 0.463808, 0.464288, 0.46464799999999995, 0.465008, 0.465128, 0.465008, 0.465368, 0.465488, 0.465608, 0.46584800000000004, 0.466088, 0.46644800000000003, 0.466568, 0.466808, 0.466808, 0.46704799999999996, 0.46704799999999996, 0.46716799999999997, 0.467288, 0.467528, 0.467768, 0.467768, 0.467768, 0.46800800000000004, 0.46812800000000004, 0.46836800000000006, 0.468488, 0.468608, 0.468728, 0.468968, 0.469208, 0.469328, 0.46944800000000003, 0.469688, 0.469928, 0.47016800000000003, 0.47052800000000006, 0.470604, 0.4707239999999999, 0.47108399999999995, 0.471444, 0.471564, 0.471684, 0.471804, 0.471924, 0.472044, 0.472044, 0.4722839999999999, 0.47264399999999995, 0.47276399999999996, 0.473124, 0.473244, 0.473244, 0.47348399999999996, 0.47360399999999997, 0.47360399999999997, 0.473964, 0.47468400000000005, 0.47468400000000005, 0.474924, 0.475524, 0.4756439999999999, 0.4758839999999999, 0.4760039999999999, 0.47612399999999994, 0.47636399999999995, 0.476844, 0.47732399999999997, 0.477564, 0.477564, 0.477564, 0.477924, 0.477924, 0.478044, 0.47828400000000004, 0.478644, 0.478644, 0.478764, 0.47888400000000003, 0.47900400000000004, 0.479364, 0.479484, 0.479724, 0.480084, 0.480444, 0.480444, 0.480564, 0.48068399999999994, 0.48068399999999994, 0.48080399999999995, 0.48092399999999996, 0.48092399999999996, 0.48092399999999996, 0.48092399999999996, 0.48104399999999997, 0.481644, 0.481764, 0.48200400000000004, 0.48200400000000004, 0.48200400000000004, 0.482484, 0.48260400000000003, 0.48272400000000004, 0.48282800000000003, 0.48330799999999996, 0.483668, 0.483668, 0.483908, 0.484148, 0.484508, 0.484628, 0.48522800000000005, 0.4855880000000001, 0.485948, 0.48630799999999996, 0.48666799999999993, 0.48678799999999994, 0.48714799999999997, 0.487628, 0.487628, 0.487628, 0.48786799999999997, 0.488108]","[0.0, 0.00032, 0.00032, 0.0005600000000000001, 0.0008, 0.0008799999999999999, 0.00128, 0.00136, 0.0016, 0.00184, 0.00184, 0.00184, 0.0021600000000000005, 0.0022400000000000002, 0.00248, 0.00256, 0.00288, 0.0028000000000000004, 0.0030400000000000006, 0.0030400000000000006, 0.00328, 0.003280000000000001, 0.0034400000000000003, 0.0035199999999999997, 0.0036, 0.00368, 0.00368, 0.00368, 0.00376, 0.00384, 0.00392, 0.00392, 0.004, 0.00392, 0.00384, 0.004, 0.00408, 0.004240000000000001, 0.0044, 0.00464, 0.00504, 0.00528, 0.005600000000000001, 0.005600000000000001, 0.005840000000000001, 0.005600000000000001, 0.00544, 0.005600000000000001, 0.005680000000000001, 0.005680000000000001, 0.00576, 0.005920000000000001, 0.005680000000000001, 0.005600000000000001, 0.00536, 0.00544, 0.005520000000000001, 0.005520000000000001, 0.005600000000000001, 0.005840000000000001, 0.006000000000000001, 0.006000000000000001, 0.005680000000000001, 0.00576, 0.006000000000000001, 0.005840000000000001, 0.006000000000000001, 0.00656, 0.006639999999999999, 0.006639999999999999, 0.006959999999999999, 0.0072, 0.0074399999999999996, 0.0074399999999999996, 0.00728, 0.0074399999999999996, 0.00728, 0.007039999999999999, 0.00672, 0.00664, 0.00664, 0.00656, 0.006719999999999999, 0.006639999999999999, 0.006719999999999999, 0.00688, 0.00688, 0.00688, 0.0068, 0.00688, 0.0068, 0.006719999999999999, 0.0068, 0.006559999999999999, 0.006639999999999999, 0.00664, 0.00672, 0.0064, 0.00664, 0.006639999999999999, 0.0068, 0.00672, 0.006880000000000001, 0.007039999999999999, 0.006959999999999999, 0.006880000000000001, 0.007039999999999999, 0.0072, 0.0072, 0.00712, 0.00712, 0.00712, 0.00688, 0.006959999999999999, 0.007039999999999999, 0.00712, 0.0071200000000000005, 0.007040000000000001, 0.006960000000000001, 0.006320000000000001, 0.00624, 0.006, 0.005520000000000001, 0.005679999999999999, 0.0057599999999999995, 0.005679999999999999, 0.005680000000000001, 0.00592, 0.00576, 0.005840000000000001, 0.005840000000000001, 0.005920000000000001, 0.006000000000000001, 0.005520000000000001, 0.00536, 0.00544, 0.00536, 0.00528, 0.0052, 0.00544, 0.00544, 0.00544, 0.005600000000000001, 0.005600000000000001, 0.005600000000000001, 0.005600000000000001, 0.00536, 0.00528, 0.00512, 0.005520000000000001, 0.005520000000000001, 0.00528, 0.00528, 0.005599999999999999, 0.005600000000000001, 0.005600000000000001, 0.005600000000000001, 0.00544, 0.00528, 0.00528, 0.005520000000000001, 0.005599999999999999, 0.005600000000000001, 0.005520000000000001, 0.005679999999999999, 0.005520000000000001, 0.00544, 0.00528, 0.00536, 0.0052, 0.00528, 0.00512, 0.00528, 0.005520000000000001, 0.00536, 0.00536, 0.00536, 0.005600000000000001, 0.005840000000000001, 0.005920000000000001, 0.005840000000000001, 0.006080000000000001, 0.006000000000000001, 0.005920000000000001, 0.006160000000000001, 0.006080000000000001, 0.006559999999999999, 0.006319999999999999, 0.006240000000000001, 0.00632, 0.006480000000000001, 0.006480000000000001, 0.0064800000000000005, 0.00656, 0.00664, 0.00672, 0.00672, 0.00664, 0.0064, 0.00632, 0.0060799999999999995, 0.00616, 0.00624, 0.00592, 0.0060799999999999995, 0.00616, 0.006320000000000001, 0.006480000000000001, 0.0064, 0.0064, 0.00672, 0.006960000000000001, 0.006880000000000001, 0.00712, 0.00728, 0.0072, 0.0072, 0.00712, 0.00728, 0.00736, 0.0074399999999999996, 0.00792, 0.00808, 0.00784, 0.008, 0.00784, 0.00816, 0.00824, 0.008, 0.00776, 0.00784, 0.00784, 0.00776, 0.00816, 0.008, 0.00792, 0.008, 0.00768, 0.00776, 0.00768, 0.00784, 0.00776, 0.00736, 0.00728, 0.00768, 0.0076, 0.0074399999999999996, 0.00728, 0.006959999999999999, 0.006719999999999999, 0.006559999999999999, 0.006559999999999999, 0.006479999999999999, 0.006639999999999999, 0.0064800000000000005, 0.00656, 0.006719999999999999, 0.006959999999999999, 0.0068000000000000005, 0.00672, 0.00664, 0.00664, 0.0064, 0.0064, 0.0064, 0.0064800000000000005, 0.0064, 0.0064, 0.0064800000000000005, 0.00632, 0.00632, 0.006160000000000001, 0.00624, 0.00632, 0.00632, 0.00656, 0.006960000000000001, 0.0071200000000000005, 0.007040000000000001, 0.00712, 0.00712, 0.0068000000000000005, 0.007040000000000001, 0.007040000000000001, 0.007280000000000001, 0.007280000000000001, 0.007200000000000001, 0.007040000000000001, 0.0071200000000000005, 0.006960000000000001, 0.006880000000000001, 0.0068000000000000005, 0.0071200000000000005, 0.0072, 0.0072, 0.00712, 0.00712, 0.006959999999999999, 0.007039999999999999, 0.006880000000000001, 0.007040000000000001, 0.007200000000000001, 0.006960000000000001, 0.00664, 0.00664, 0.0068000000000000005, 0.006959999999999999, 0.006880000000000001, 0.007040000000000001, 0.00712, 0.00728, 0.00712, 0.00712, 0.006959999999999999, 0.0068, 0.0068, 0.006639999999999999, 0.006559999999999999, 0.006639999999999999, 0.00688, 0.00728, 0.00728, 0.0074399999999999996, 0.00776, 0.00784, 0.00768, 0.00776, 0.00768, 0.0074399999999999996, 0.00736, 0.00728, 0.00736, 0.0072, 0.006960000000000001, 0.007040000000000001, 0.00712, 0.00712, 0.006959999999999999, 0.0072, 0.007039999999999999, 0.007039999999999999, 0.007039999999999999, 0.006959999999999999, 0.007040000000000001, 0.006880000000000001, 0.006720000000000001, 0.0068, 0.006959999999999999, 0.006959999999999999, 0.0072, 0.00728, 0.00712, 0.0072, 0.00728, 0.007039999999999999, 0.00712, 0.007039999999999999, 0.00688, 0.00688, 0.00688, 0.006719999999999999, 0.0068, 0.006959999999999999, 0.0068000000000000005, 0.00672, 0.006480000000000001, 0.00664, 0.006880000000000001, 0.006880000000000001, 0.0068000000000000005, 0.007039999999999999, 0.00688, 0.006719999999999999, 0.0068, 0.006639999999999999, 0.00656, 0.0064800000000000005, 0.006559999999999999, 0.006559999999999999, 0.00664, 0.006639999999999999, 0.006240000000000001, 0.006480000000000001, 0.00632, 0.00616, 0.00616, 0.006160000000000001, 0.006160000000000001, 0.006320000000000001, 0.006320000000000001, 0.006240000000000001, 0.006160000000000001, 0.006000000000000001, 0.005920000000000001, 0.005920000000000001, 0.00592, 0.00584, 0.005680000000000001, 0.0057599999999999995, 0.0060799999999999995, 0.00632, 0.0064, 0.00624, 0.0060799999999999995, 0.005840000000000001, 0.005840000000000001, 0.005840000000000001, 0.006000000000000001, 0.006239999999999999, 0.005920000000000001, 0.006159999999999999, 0.00632, 0.006239999999999999, 0.006080000000000001, 0.006160000000000001, 0.0063999999999999994, 0.00616, 0.00624, 0.0064, 0.006640000000000002, 0.0068, 0.0068, 0.0072, 0.00712, 0.00712, 0.00712, 0.00688, 0.006959999999999999, 0.006959999999999999, 0.0068, 0.006719999999999999, 0.006880000000000001, 0.006880000000000001, 0.00712, 0.00736, 0.00712, 0.00712, 0.0074399999999999996, 0.00736, 0.0076, 0.00752, 0.00728, 0.00736, 0.00736, 0.0074399999999999996, 0.0074399999999999996, 0.00728, 0.0072, 0.00712, 0.006960000000000001, 0.007360000000000001, 0.007360000000000001, 0.007360000000000001, 0.00768, 0.00776, 0.00784, 0.0076, 0.0074399999999999996, 0.00768, 0.0076, 0.0076, 0.00768, 0.00784, 0.00784, 0.00768, 0.00768, 0.00784, 0.00792, 0.00784, 0.00776, 0.00736, 0.00752, 0.0074399999999999996, 0.0072, 0.006959999999999999, 0.006959999999999999, 0.0068, 0.006640000000000002, 0.00664, 0.006480000000000001, 0.006480000000000001, 0.006560000000000002, 0.00656, 0.00656, 0.006480000000000001, 0.006720000000000001, 0.00672, 0.006719999999999999, 0.00664, 0.006480000000000001, 0.006400000000000001, 0.006320000000000001, 0.006320000000000001, 0.0064, 0.006480000000000001, 0.006480000000000001, 0.006400000000000001, 0.006320000000000001, 0.006480000000000001, 0.00656, 0.006719999999999999, 0.006639999999999999, 0.006719999999999999, 0.006719999999999999, 0.006719999999999999, 0.0068, 0.006719999999999999, 0.007039999999999999, 0.006959999999999999, 0.0068000000000000005, 0.006960000000000001, 0.006959999999999999, 0.006959999999999999, 0.007039999999999999, 0.00736, 0.00736, 0.0074399999999999996, 0.0076, 0.0074399999999999996, 0.0072, 0.00728, 0.00688, 0.006959999999999999, 0.006959999999999999, 0.007039999999999999, 0.0074399999999999996, 0.00728, 0.00728, 0.00752, 0.0076, 0.0076, 0.00776, 0.0076, 0.00784, 0.00776, 0.00768, 0.00752, 0.0076, 0.00784, 0.00784, 0.00816, 0.008, 0.00816, 0.00816, 0.00784, 0.00784, 0.00792, 0.00808, 0.00784, 0.00768, 0.0076, 0.00768, 0.00784, 0.00792, 0.00808, 0.00816, 0.00808, 0.00824, 0.008400000000000001, 0.008560000000000002, 0.008400000000000001, 0.00816, 0.008400000000000001, 0.00808, 0.00808, 0.008320000000000001, 0.00816, 0.00808, 0.00816, 0.008, 0.008, 0.00816, 0.00784, 0.00792, 0.00808, 0.008, 0.00792, 0.00816, 0.00808, 0.00816, 0.0084, 0.008560000000000002, 0.0084, 0.0084, 0.00816, 0.00808, 0.00816, 0.008400000000000001, 0.008320000000000001, 0.00808, 0.008, 0.008239999999999999, 0.008320000000000001, 0.00816, 0.008, 0.0084, 0.00856, 0.0088, 0.00888, 0.0088, 0.0088, 0.00872, 0.008640000000000002, 0.00864, 0.0084, 0.008320000000000001, 0.008480000000000001, 0.008400000000000001, 0.008320000000000001, 0.008320000000000001, 0.00808, 0.00824, 0.00816, 0.00824, 0.008320000000000001, 0.008640000000000002, 0.008480000000000001, 0.00824, 0.008320000000000001, 0.008400000000000001, 0.008400000000000001, 0.00872, 0.00872, 0.0088, 0.0088, 0.00872, 0.00872, 0.00904, 0.00904, 0.0088, 0.00872, 0.008960000000000001, 0.00872, 0.0088, 0.00864, 0.0088, 0.0088, 0.008640000000000002, 0.008400000000000001, 0.00816, 0.008, 0.00808, 0.00784, 0.008, 0.0076, 0.0074399999999999996, 0.0074399999999999996, 0.0074399999999999996, 0.0076, 0.0076, 0.00776, 0.00776, 0.00752, 0.0076, 0.00768, 0.00784, 0.00776, 0.00768, 0.0076, 0.0074399999999999996, 0.00752, 0.00768, 0.00776, 0.00776, 0.00808, 0.00816, 0.00808, 0.00808, 0.00808, 0.008, 0.00808, 0.008480000000000001, 0.008320000000000001, 0.00832, 0.00816, 0.00792, 0.008, 0.00784, 0.00768, 0.00768, 0.00768, 0.00768, 0.00784, 0.00808, 0.008, 0.008320000000000001, 0.00808, 0.00784, 0.00808, 0.008, 0.00816, 0.00816, 0.0084, 0.008320000000000001, 0.008320000000000001, 0.008320000000000001, 0.008560000000000002, 0.008320000000000001, 0.008400000000000001, 0.00824, 0.00808, 0.00808, 0.00816, 0.008320000000000001, 0.008400000000000001, 0.00824, 0.008320000000000001, 0.008400000000000001, 0.008400000000000001, 0.008320000000000001, 0.008400000000000001, 0.008480000000000001, 0.008480000000000001, 0.00856, 0.008560000000000002, 0.008480000000000001, 0.008480000000000001, 0.008640000000000002, 0.00872, 0.0088, 0.00904, 0.0092, 0.00904, 0.009040000000000001, 0.0092, 0.00912, 0.00888, 0.0088, 0.00888, 0.00912, 0.008960000000000001, 0.00888, 0.0088, 0.008640000000000002, 0.008640000000000002, 0.00872, 0.008799999999999999, 0.008719999999999999, 0.008640000000000002, 0.008400000000000001, 0.00856, 0.008799999999999999, 0.00864, 0.008400000000000001, 0.008640000000000002, 0.008640000000000002, 0.008640000000000002, 0.008480000000000001, 0.008560000000000002, 0.00864, 0.008639999999999998, 0.00848, 0.008480000000000001, 0.008560000000000002, 0.00872, 0.00864, 0.00856, 0.008400000000000001, 0.008400000000000001, 0.008560000000000002, 0.008480000000000001, 0.008400000000000001, 0.008480000000000001, 0.00872, 0.0088, 0.00872, 0.0088, 0.0088, 0.0092, 0.009120000000000001, 0.0092, 0.00904, 0.008960000000000001, 0.0092, 0.0092, 0.0092, 0.00936, 0.00936, 0.009519999999999999, 0.00976, 0.00976, 0.00976, 0.00984, 0.00984, 0.00992, 0.00992, 0.00992, 0.00968, 0.00976, 0.00968, 0.00968, 0.00968, 0.00976, 0.00976, 0.00984, 0.00976, 0.00976, 0.00936, 0.00936, 0.00912, 0.0092, 0.00904, 0.0088, 0.00872, 0.00872, 0.0088, 0.00872, 0.00872, 0.0088, 0.00888, 0.008960000000000001, 0.00928, 0.0096, 0.009519999999999999, 0.00928, 0.00904, 0.00928, 0.00928, 0.009200000000000002, 0.00936, 0.009280000000000002, 0.00928, 0.0092, 0.0092, 0.009120000000000001, 0.0092, 0.00928, 0.009439999999999999, 0.00968, 0.01016, 0.00992, 0.00984, 0.009760000000000001, 0.009600000000000001, 0.009600000000000001, 0.009760000000000001, 0.009920000000000002, 0.009840000000000002, 0.00992, 0.009760000000000001, 0.009920000000000002, 0.009600000000000001, 0.00944, 0.00928, 0.00928, 0.00952, 0.00952, 0.00952, 0.009680000000000001, 0.009600000000000001, 0.00936, 0.009600000000000001, 0.009680000000000001, 0.009680000000000001, 0.00984, 0.0096, 0.00984, 0.00976, 0.00992, 0.00992, 0.00984, 0.01, 0.00992, 0.00984, 0.01016, 0.01016, 0.01008, 0.01016, 0.010320000000000001, 0.0104, 0.01016, 0.01008, 0.01, 0.01024, 0.00992, 0.01, 0.00992, 0.00992, 0.01008, 0.01024, 0.010320000000000001, 0.010320000000000001, 0.0104, 0.010320000000000001, 0.01016, 0.0104, 0.01048, 0.01072, 0.01072, 0.01056, 0.01048, 0.0108, 0.0108, 0.0108, 0.0108, 0.01072, 0.0108, 0.011120000000000001, 0.011120000000000001, 0.011119999999999998, 0.011360000000000002, 0.011280000000000002, 0.011360000000000002, 0.0116, 0.01152, 0.011600000000000001, 0.01168, 0.011280000000000002, 0.01144, 0.011360000000000002, 0.011120000000000001, 0.011040000000000001, 0.010960000000000001, 0.010960000000000001, 0.0108, 0.01088, 0.0108, 0.0108, 0.010960000000000001, 0.011120000000000001, 0.011200000000000002, 0.011200000000000002, 0.011120000000000001, 0.011200000000000002, 0.011360000000000002, 0.011360000000000002, 0.011200000000000002, 0.011200000000000002, 0.011200000000000002, 0.011280000000000002, 0.011360000000000002, 0.01152, 0.011280000000000002, 0.011280000000000002, 0.011040000000000001, 0.0108, 0.01072, 0.01072, 0.010960000000000001, 0.010960000000000001, 0.011120000000000001, 0.01088, 0.010960000000000001, 0.011200000000000002, 0.011120000000000001, 0.011280000000000002, 0.01152, 0.01152, 0.01152, 0.011360000000000002, 0.01152, 0.01144, 0.011600000000000001, 0.011600000000000001, 0.011600000000000001, 0.011760000000000001, 0.011600000000000001, 0.011600000000000001, 0.01152, 0.011360000000000002, 0.011600000000000001, 0.011600000000000001, 0.011600000000000001, 0.01152, 0.011600000000000001, 0.011600000000000001, 0.011600000000000001, 0.011680000000000001, 0.011600000000000001, 0.011680000000000001, 0.011600000000000001, 0.011600000000000001, 0.011600000000000001, 0.011680000000000001, 0.01152, 0.01144, 0.01144, 0.011280000000000002, 0.01144, 0.011680000000000001, 0.011600000000000001, 0.01152, 0.011680000000000001, 0.011680000000000001, 0.011760000000000001, 0.011680000000000001, 0.011600000000000001, 0.01152, 0.01152, 0.011360000000000002, 0.011360000000000002, 0.011360000000000002, 0.011360000000000002, 0.01152, 0.01144, 0.01152, 0.011840000000000002, 0.012000000000000002, 0.012240000000000003, 0.012240000000000003, 0.012080000000000002, 0.012080000000000002, 0.012000000000000002, 0.012000000000000002, 0.012160000000000002, 0.012240000000000003, 0.012160000000000002, 0.011920000000000002, 0.011920000000000002, 0.011920000000000002, 0.011840000000000002, 0.011760000000000001, 0.011760000000000001, 0.011840000000000002, 0.011840000000000002, 0.012080000000000002, 0.012080000000000002, 0.012240000000000003, 0.012160000000000002, 0.012320000000000003, 0.012240000000000003, 0.012000000000000002, 0.012080000000000002, 0.012240000000000003, 0.012320000000000003, 0.012400000000000001, 0.012640000000000002, 0.012640000000000002, 0.0128, 0.012959999999999998, 0.012879999999999997, 0.013039999999999998, 0.013199999999999998, 0.01312, 0.013040000000000003, 0.012960000000000003, 0.013039999999999998, 0.0128, 0.01264, 0.01256, 0.0124, 0.01248, 0.01248, 0.012400000000000001, 0.012320000000000003, 0.012560000000000002, 0.012400000000000001, 0.012320000000000003, 0.01248, 0.01272, 0.01256, 0.01256, 0.01256, 0.01256, 0.01256, 0.01248, 0.01224, 0.0124, 0.0124, 0.01256, 0.01232, 0.012159999999999999, 0.01208, 0.01192, 0.011920000000000002, 0.012000000000000002, 0.011920000000000002, 0.012240000000000003, 0.012560000000000002, 0.012480000000000002, 0.01288, 0.013040000000000001, 0.012960000000000003, 0.012720000000000002, 0.012560000000000002, 0.012640000000000002, 0.012560000000000002, 0.012640000000000002, 0.012640000000000002, 0.012720000000000002, 0.012880000000000003, 0.012880000000000003, 0.012720000000000002, 0.012720000000000002, 0.012800000000000002, 0.012720000000000002, 0.012720000000000002, 0.012880000000000003, 0.0132, 0.01312, 0.01312, 0.012960000000000001, 0.013040000000000001, 0.0132, 0.0132, 0.0136, 0.013439999999999999, 0.013439999999999999, 0.013439999999999999, 0.013439999999999999, 0.01344, 0.01336, 0.013279999999999998, 0.013199999999999998, 0.01288, 0.01272, 0.01272, 0.012560000000000002, 0.01272, 0.01288, 0.01288, 0.012960000000000001, 0.01312, 0.013040000000000001, 0.012960000000000001, 0.01288, 0.013040000000000001, 0.012960000000000001, 0.0128, 0.0128, 0.01288, 0.012960000000000001, 0.01288, 0.0128, 0.01256, 0.01256, 0.0128, 0.01288, 0.01288, 0.01288, 0.01288, 0.01272, 0.0128, 0.0128, 0.01288, 0.012960000000000001, 0.012799999999999999, 0.012799999999999999, 0.012799999999999999, 0.012799999999999999, 0.012879999999999997, 0.012799999999999999, 0.012879999999999997, 0.012719999999999999, 0.012799999999999999, 0.012959999999999998, 0.012879999999999997, 0.01288, 0.012959999999999998, 0.013039999999999998, 0.01288, 0.0128, 0.0128, 0.01272, 0.01272, 0.012400000000000001, 0.012320000000000003, 0.012480000000000002, 0.012320000000000003, 0.012240000000000003, 0.012320000000000003, 0.012240000000000003, 0.012240000000000003, 0.012480000000000002, 0.012400000000000001, 0.012400000000000001, 0.012320000000000003, 0.012320000000000003, 0.012320000000000003, 0.01256, 0.01264, 0.01264, 0.01264, 0.01264, 0.0128, 0.01272, 0.01264, 0.01272, 0.0128, 0.0128, 0.01288, 0.012960000000000001, 0.013039999999999998, 0.013279999999999998, 0.013279999999999998, 0.013359999999999999, 0.013439999999999999, 0.01368, 0.013839999999999998, 0.01368, 0.01368, 0.013919999999999998, 0.01376, 0.013839999999999998, 0.013999999999999999, 0.013839999999999998, 0.013919999999999998, 0.013839999999999998, 0.013999999999999999, 0.013999999999999999, 0.013919999999999998, 0.013999999999999999, 0.013839999999999998, 0.01376, 0.01376, 0.01376, 0.013919999999999998, 0.013999999999999999, 0.014079999999999999, 0.014080000000000002, 0.01424, 0.01432, 0.014079999999999999, 0.013999999999999999, 0.01432, 0.01432, 0.01432, 0.014159999999999999, 0.01424, 0.014159999999999999, 0.013999999999999999, 0.013999999999999999, 0.013919999999999998, 0.013839999999999998, 0.013839999999999998, 0.013919999999999998, 0.014159999999999999, 0.013999999999999999, 0.013999999999999999, 0.013839999999999998, 0.013919999999999998, 0.013999999999999999, 0.013999999999999999, 0.013999999999999999, 0.013999999999999999, 0.013919999999999998, 0.014079999999999999, 0.013999999999999999, 0.013839999999999998, 0.014079999999999999, 0.013839999999999998, 0.013999999999999999, 0.013999999999999999, 0.014079999999999999, 0.01424, 0.014159999999999999, 0.014159999999999999, 0.014080000000000002, 0.014080000000000002, 0.014159999999999999, 0.014159999999999999, 0.013999999999999999, 0.014079999999999999, 0.014159999999999999, 0.013999999999999999, 0.013919999999999998, 0.01376, 0.013839999999999998, 0.013919999999999998, 0.013919999999999998, 0.013919999999999998, 0.013840000000000002, 0.013760000000000001, 0.013600000000000001, 0.01344, 0.013519999999999999, 0.013519999999999999, 0.013519999999999999, 0.0136, 0.01368, 0.0136, 0.01368, 0.013439999999999999, 0.01352, 0.01352, 0.01352, 0.01336, 0.013359999999999999, 0.013359999999999999, 0.013439999999999999, 0.01376, 0.01376, 0.013919999999999998, 0.013999999999999999, 0.014079999999999999, 0.014159999999999999, 0.01432, 0.0144, 0.0144, 0.01432, 0.01424, 0.01424, 0.01448, 0.01472, 0.01456, 0.0144, 0.01448, 0.0144, 0.0144, 0.01448, 0.01456, 0.01448, 0.01448, 0.0144, 0.01456, 0.01456, 0.01464, 0.01472, 0.01472, 0.01472, 0.0148, 0.0148, 0.01504, 0.01504, 0.01512, 0.01504, 0.01496, 0.01496, 0.01504, 0.01496, 0.01512, 0.01504, 0.01512, 0.01504, 0.01512, 0.01528, 0.0152, 0.01504, 0.01512, 0.0152, 0.01528, 0.01528, 0.0152, 0.01496, 0.01496, 0.014879999999999999, 0.01496, 0.01512, 0.01512, 0.01512, 0.01504, 0.01504, 0.01496, 0.01496, 0.01496, 0.014879999999999999, 0.0148, 0.0148, 0.0148, 0.01496, 0.014879999999999999, 0.01496, 0.01496, 0.014879999999999999, 0.01504, 0.01496, 0.01504, 0.01512, 0.01536, 0.01536, 0.01528, 0.01544, 0.01552, 0.01544, 0.01528, 0.01528, 0.01536, 0.01512, 0.01512, 0.01496, 0.0148, 0.01496, 0.014879999999999999, 0.01528, 0.01536, 0.01536, 0.0152, 0.0152, 0.01528, 0.01504, 0.014879999999999999, 0.0152, 0.01504, 0.01512, 0.0152, 0.01536, 0.01512, 0.01512, 0.01512, 0.01544, 0.01552, 0.01552, 0.01552, 0.01536, 0.01552, 0.01568, 0.015600000000000001, 0.015600000000000001, 0.01568, 0.01568, 0.01576, 0.01576, 0.01576, 0.01576, 0.015600000000000001, 0.01552, 0.015600000000000001, 0.01568, 0.01576, 0.01576, 0.01568, 0.01592, 0.016, 0.016, 0.01624, 0.01608, 0.01608, 0.016, 0.016, 0.01584, 0.01576, 0.01584, 0.01584, 0.01584, 0.015600000000000001, 0.015600000000000001, 0.01568, 0.01568, 0.01576, 0.01584, 0.01576, 0.01568, 0.01576, 0.01576, 0.01568, 0.01528, 0.0152, 0.01528, 0.01536, 0.01536, 0.01536, 0.01552, 0.015600000000000001, 0.015600000000000001, 0.01576, 0.01576, 0.01576, 0.01592, 0.01592, 0.01592, 0.016, 0.01608, 0.01624, 0.016, 0.016, 0.01592, 0.01632, 0.0164, 0.016640000000000002, 0.016560000000000002, 0.01648, 0.01648, 0.01648, 0.01648, 0.016640000000000002, 0.016640000000000002, 0.016720000000000002, 0.01696, 0.01696, 0.0172, 0.017120000000000003, 0.01736, 0.017120000000000003, 0.01736, 0.017280000000000004, 0.017200000000000003, 0.017200000000000003, 0.017120000000000003, 0.017120000000000003, 0.016960000000000003, 0.016960000000000003, 0.016880000000000003, 0.016880000000000003, 0.016720000000000002, 0.016880000000000003, 0.016880000000000003, 0.016880000000000003, 0.016880000000000003, 0.016960000000000003, 0.016800000000000002, 0.016880000000000003, 0.016880000000000003, 0.016960000000000003, 0.016960000000000003, 0.016800000000000002, 0.016720000000000002, 0.016640000000000002, 0.016560000000000002, 0.01648, 0.01632, 0.01632, 0.016560000000000002, 0.01648, 0.0164, 0.01632, 0.01624, 0.01632, 0.01632, 0.01616, 0.01624, 0.01624, 0.01616, 0.01608, 0.016, 0.016, 0.01616, 0.01608, 0.01624, 0.01616, 0.01616, 0.01616, 0.01624, 0.01624, 0.01616, 0.01624, 0.01632, 0.0164, 0.01632, 0.01616, 0.0164, 0.016640000000000002, 0.016800000000000002, 0.017200000000000003, 0.017120000000000003, 0.016960000000000003, 0.016960000000000003, 0.016880000000000003, 0.016880000000000003, 0.016880000000000003, 0.017040000000000003, 0.017120000000000003, 0.017120000000000003, 0.017120000000000003, 0.017200000000000003, 0.017200000000000003, 0.01736, 0.017439999999999997, 0.01736, 0.017599999999999998, 0.017759999999999998, 0.018, 0.01808, 0.01832, 0.01832, 0.01824, 0.01816, 0.01808, 0.01784, 0.01768, 0.01768, 0.01768, 0.0176, 0.0176, 0.0176, 0.017839999999999998, 0.01792, 0.01824, 0.018, 0.018, 0.018, 0.01792, 0.017920000000000002, 0.017920000000000002, 0.01784, 0.01784, 0.01784, 0.01776, 0.017920000000000002, 0.018000000000000002, 0.018000000000000002, 0.017920000000000002, 0.017920000000000002, 0.017920000000000002, 0.01784, 0.01776, 0.01776, 0.01768, 0.01776, 0.01784, 0.01776, 0.01768, 0.017920000000000002, 0.018000000000000002, 0.01816, 0.01824, 0.018080000000000002, 0.01808, 0.01808, 0.01808, 0.018000000000000002, 0.018000000000000002, 0.018000000000000002, 0.018000000000000002, 0.017920000000000002, 0.01816, 0.01816, 0.01808, 0.01808, 0.01808, 0.01816, 0.018160000000000003, 0.018480000000000003, 0.018560000000000004, 0.018480000000000003, 0.018400000000000003, 0.018560000000000004, 0.018160000000000003, 0.018000000000000002, 0.017920000000000002, 0.018160000000000003, 0.01848, 0.01832, 0.01832, 0.0184, 0.01816, 0.01816, 0.01808, 0.01824, 0.01832, 0.01832, 0.01824, 0.01808, 0.01824, 0.01832, 0.01832, 0.01816, 0.018000000000000002, 0.018000000000000002, 0.018000000000000002, 0.01824, 0.01832, 0.01824, 0.01824, 0.01824, 0.01848, 0.01864, 0.01856, 0.01856, 0.01848, 0.01848, 0.01872, 0.01872, 0.01864, 0.01856, 0.01864, 0.018799999999999997, 0.018879999999999997, 0.018959999999999998, 0.019039999999999998, 0.019039999999999998, 0.019039999999999998, 0.019039999999999998, 0.01928, 0.01944, 0.01952, 0.0196, 0.01944, 0.01936, 0.01944, 0.0192, 0.019119999999999998, 0.019119999999999998, 0.019039999999999998, 0.019119999999999998, 0.019119999999999998, 0.0192, 0.0192, 0.019119999999999998, 0.019119999999999998, 0.019119999999999998, 0.0192, 0.01952, 0.01952, 0.0196, 0.01968, 0.01968, 0.01984, 0.01976, 0.01968, 0.0196, 0.01976, 0.01976, 0.01984, 0.01992, 0.02016, 0.02032, 0.02, 0.01992, 0.01984, 0.01984, 0.01992, 0.01984, 0.01992, 0.02008, 0.02032, 0.02016, 0.02032, 0.020560000000000002, 0.02048, 0.02024, 0.02024, 0.0204, 0.02032, 0.0204, 0.0204, 0.020560000000000002, 0.02032, 0.02024, 0.02016, 0.02016, 0.02048, 0.02024, 0.02016, 0.02016, 0.02008, 0.019920000000000004, 0.019920000000000004, 0.02008, 0.02008, 0.02008, 0.02016, 0.02008, 0.02008, 0.019920000000000004, 0.019920000000000004, 0.02, 0.02024, 0.02024, 0.02032, 0.0204, 0.02024, 0.0204, 0.0204, 0.02024, 0.02024, 0.02032, 0.02032, 0.02024, 0.02024, 0.02016, 0.02008, 0.01992, 0.02, 0.02016, 0.02024, 0.02024, 0.02024, 0.02024, 0.02008, 0.02016, 0.02032, 0.02048, 0.0204, 0.020560000000000002, 0.020560000000000002, 0.020640000000000002, 0.0208, 0.02112, 0.02096, 0.02088, 0.0208, 0.02088, 0.0208, 0.02096, 0.02104, 0.02104, 0.02096, 0.02088, 0.02088, 0.02088, 0.0208, 0.02088, 0.02088, 0.02096, 0.02104, 0.02104, 0.02104, 0.02112, 0.02112, 0.02112, 0.02112, 0.02104, 0.0212, 0.0212, 0.02128, 0.02128, 0.02128, 0.02128, 0.0212, 0.02112, 0.0212, 0.02112, 0.02112, 0.02104, 0.02104, 0.0212, 0.0212, 0.02104, 0.0212, 0.0212, 0.02168, 0.02168, 0.02168, 0.02152, 0.02168, 0.02144, 0.02152, 0.02144, 0.02152, 0.02152, 0.0216, 0.02168, 0.0216, 0.02176, 0.021840000000000002, 0.022080000000000002, 0.022560000000000004, 0.02288, 0.02304, 0.02312, 0.023440000000000003, 0.023680000000000003, 0.023760000000000003, 0.023920000000000004, 0.02448, 0.02472, 0.02504, 0.02496, 0.02512, 0.0252, 0.02552, 0.0256, 0.025920000000000002, 0.026079999999999996, 0.026080000000000002, 0.0264, 0.0268, 0.027039999999999998, 0.026719999999999997, 0.02712, 0.0272, 0.026879999999999998, 0.02712, 0.0272, 0.02736, 0.02736, 0.02736, 0.02752, 0.02744, 0.02728, 0.02752, 0.0276, 0.027839999999999997, 0.027999999999999997, 0.027999999999999997, 0.028239999999999998, 0.028319999999999998, 0.0288, 0.02872, 0.02872, 0.02888, 0.0288, 0.02888, 0.02904, 0.0292, 0.02928, 0.02952, 0.02952, 0.02984, 0.02984, 0.03008, 0.02992, 0.0304, 0.03072, 0.03088, 0.031200000000000002, 0.03088, 0.03104, 0.03088, 0.031200000000000002, 0.03136, 0.03144, 0.03168, 0.031920000000000004, 0.031920000000000004, 0.031920000000000004, 0.032240000000000005, 0.032560000000000006, 0.03304, 0.03304, 0.0328, 0.03288, 0.03272, 0.032400000000000005, 0.032080000000000004, 0.032400000000000005, 0.0328, 0.03296, 0.03296, 0.03272, 0.03288, 0.0332, 0.033440000000000004, 0.033280000000000004, 0.0332, 0.0332, 0.03352, 0.03336, 0.03336, 0.033440000000000004, 0.03328, 0.033280000000000004, 0.0332, 0.03304, 0.03296, 0.0332, 0.0332, 0.033440000000000004, 0.033440000000000004, 0.03352, 0.0332, 0.03296, 0.03304, 0.03296, 0.0328, 0.0328, 0.03288, 0.0332, 0.033120000000000004, 0.0332, 0.03336, 0.03384, 0.033760000000000005, 0.034, 0.033600000000000005, 0.033920000000000006, 0.03416, 0.03456000000000001, 0.03432, 0.03424000000000001, 0.034, 0.03424000000000001, 0.03432, 0.034640000000000004, 0.03448, 0.03472, 0.03472, 0.03472, 0.03496, 0.03528, 0.0352, 0.03512, 0.03512, 0.035519999999999996, 0.036, 0.036239999999999994, 0.03632, 0.03632, 0.036559999999999995, 0.0368, 0.036879999999999996, 0.036879999999999996, 0.0368, 0.0368, 0.036399999999999995, 0.03632, 0.03648, 0.0368, 0.036399999999999995, 0.036559999999999995, 0.036559999999999995, 0.0368, 0.03704, 0.03704, 0.0372, 0.03696, 0.03704, 0.036879999999999996, 0.0372, 0.0372, 0.03736, 0.03736, 0.03712, 0.03728, 0.03736, 0.037520000000000005, 0.037599999999999995, 0.037759999999999995, 0.037919999999999995, 0.03832, 0.03872, 0.03904, 0.03928, 0.03896, 0.03912, 0.03944, 0.0392, 0.03904, 0.03896, 0.03888, 0.03888, 0.03896, 0.03928, 0.03944, 0.03984, 0.04, 0.04048, 0.04032, 0.04048, 0.04072, 0.04048, 0.04064, 0.04056, 0.04032, 0.04048, 0.04032, 0.04056, 0.04072, 0.04072, 0.04104, 0.041120000000000004, 0.041120000000000004, 0.041280000000000004, 0.0412, 0.041440000000000005, 0.04184, 0.04168, 0.04208, 0.042, 0.042, 0.042, 0.04192, 0.04192, 0.04184, 0.04176, 0.04224, 0.04224, 0.0424, 0.04216, 0.042640000000000004, 0.04304, 0.042800000000000005, 0.04272, 0.04288, 0.042640000000000004, 0.042640000000000004, 0.042800000000000005, 0.042960000000000005, 0.042640000000000004, 0.04304, 0.043120000000000006, 0.043120000000000006, 0.04304, 0.0432, 0.043120000000000006, 0.043120000000000006, 0.0432, 0.043120000000000006, 0.043120000000000006, 0.04336, 0.0432, 0.04352, 0.0432, 0.04304, 0.04304, 0.042960000000000005, 0.042960000000000005, 0.042960000000000005, 0.042800000000000005, 0.04288, 0.042800000000000005, 0.04272, 0.04256, 0.04216, 0.0424, 0.04232, 0.0424, 0.0424, 0.042640000000000004, 0.042480000000000004, 0.04272, 0.04304, 0.04304, 0.043120000000000006, 0.043120000000000006, 0.043280000000000006, 0.043280000000000006, 0.0432, 0.043120000000000006, 0.04304, 0.0432, 0.043120000000000006, 0.0432, 0.04336, 0.04336, 0.04376, 0.04352, 0.04352, 0.04376, 0.04352, 0.04376, 0.04376, 0.043680000000000004, 0.043680000000000004, 0.04408, 0.04392, 0.04408, 0.044160000000000005, 0.044000000000000004, 0.044000000000000004, 0.044000000000000004, 0.044000000000000004, 0.044000000000000004, 0.04392, 0.04392, 0.04392, 0.04408, 0.044320000000000005, 0.044320000000000005, 0.04408, 0.044160000000000005, 0.04424, 0.044480000000000006, 0.044320000000000005, 0.0444, 0.044800000000000006, 0.044879999999999996, 0.04536, 0.04544000000000001, 0.0456, 0.04584, 0.04616, 0.046, 0.04616, 0.04616, 0.046400000000000004, 0.046479999999999994, 0.047119999999999995, 0.047200000000000006, 0.047279999999999996, 0.047360000000000006, 0.047279999999999996, 0.047040000000000005, 0.046639999999999994, 0.046639999999999994, 0.04632, 0.046560000000000004, 0.046639999999999994, 0.046880000000000005, 0.046799999999999994, 0.046799999999999994, 0.046560000000000004, 0.046880000000000005, 0.046560000000000004, 0.046720000000000005, 0.046799999999999994, 0.046720000000000005, 0.046959999999999995, 0.046720000000000005, 0.046639999999999994, 0.046799999999999994, 0.047040000000000005, 0.046959999999999995, 0.046959999999999995, 0.047119999999999995, 0.047200000000000006, 0.047119999999999995, 0.047279999999999996, 0.047279999999999996, 0.047279999999999996, 0.047360000000000006, 0.047360000000000006, 0.047360000000000006, 0.04768000000000001, 0.04776, 0.04784000000000001, 0.04784000000000001, 0.04800000000000001, 0.04800000000000001, 0.047599999999999996, 0.04752000000000001, 0.04752000000000001, 0.04752000000000001, 0.047599999999999996, 0.04784000000000001, 0.04784000000000001, 0.04792, 0.04824, 0.04872, 0.0492, 0.04936, 0.04936, 0.04928, 0.0496, 0.0496, 0.04968, 0.04984, 0.04992, 0.04952, 0.04968, 0.04976, 0.04976, 0.04952, 0.04944, 0.04944, 0.04952, 0.04984, 0.04976, 0.04992, 0.05008, 0.04968, 0.04968, 0.0496, 0.04968, 0.05024, 0.05039999999999999, 0.05048, 0.0504, 0.05024, 0.050320000000000004, 0.0504, 0.0504, 0.05, 0.05, 0.04992, 0.04984, 0.05016, 0.05008, 0.05008, 0.05, 0.05016, 0.05024, 0.05056, 0.0508, 0.05072, 0.0508, 0.0508, 0.05104, 0.05112, 0.05112, 0.0512, 0.05112, 0.05112, 0.05096, 0.05064, 0.0508, 0.0508, 0.05088, 0.05112, 0.05135999999999999, 0.0516, 0.05183999999999999, 0.05199999999999999, 0.05224, 0.05199999999999999, 0.05215999999999999, 0.05208, 0.05215999999999999, 0.05192, 0.05176, 0.05192, 0.05199999999999999, 0.05224, 0.05231999999999999, 0.0524, 0.0524, 0.0524, 0.05231999999999999, 0.05215999999999999, 0.05208, 0.05208, 0.05215999999999999, 0.0524, 0.05215999999999999, 0.05224, 0.05224, 0.0524, 0.05256, 0.05263999999999999, 0.05279999999999999, 0.05272, 0.05272, 0.05263999999999999, 0.05288, 0.05279999999999999, 0.053200000000000004, 0.053119999999999994, 0.053200000000000004, 0.053279999999999994, 0.053439999999999994, 0.053360000000000005, 0.053279999999999994, 0.053200000000000004, 0.053279999999999994, 0.053279999999999994, 0.053200000000000004, 0.053119999999999994, 0.05295999999999999, 0.05295999999999999, 0.053360000000000005, 0.053200000000000004, 0.053040000000000004, 0.05295999999999999, 0.053040000000000004, 0.053360000000000005, 0.053279999999999994, 0.053439999999999994, 0.053439999999999994, 0.053599999999999995, 0.053759999999999995, 0.053840000000000006, 0.053919999999999996, 0.053919999999999996, 0.054079999999999996, 0.05424, 0.05424, 0.05432000000000001, 0.05432000000000001, 0.0544, 0.05448, 0.05448, 0.0544, 0.05464, 0.05456, 0.0544, 0.05464, 0.05464, 0.05448, 0.0548, 0.05496, 0.05512, 0.05504, 0.05488, 0.05456, 0.05432000000000001, 0.05424, 0.05424, 0.05424, 0.05416000000000001, 0.0544, 0.0544, 0.05448, 0.05456, 0.05488, 0.05496, 0.05504, 0.05512, 0.05488, 0.0552, 0.05512, 0.05504, 0.05496, 0.05512, 0.0552, 0.05528, 0.05544, 0.055600000000000004, 0.05551999999999999, 0.05567999999999999, 0.055839999999999994, 0.056240000000000005, 0.056479999999999995, 0.056400000000000006, 0.056400000000000006, 0.056639999999999996, 0.05704000000000001, 0.05736000000000001, 0.05728, 0.05752000000000001, 0.0576, 0.05776, 0.0576, 0.05768000000000001, 0.05784000000000001, 0.05784000000000001, 0.05776, 0.0576, 0.05776, 0.0576, 0.05752000000000001, 0.05736000000000001, 0.05728, 0.05728, 0.05736000000000001, 0.05736000000000001, 0.05712, 0.05728, 0.05744, 0.05728, 0.05752000000000001]","[0.0, 0.0, 0.0, 0.0, 0.0, 0.000848528137423857, 0.000848528137423857, 0.0011876919823329444, 0.0014393876248925714, 0.0016442850937072179, 0.0021852940772540508, 0.0021852940772540508, 0.0021852940772540508, 0.002713232878516185, 0.002713232878516185, 0.00336148655162187, 0.00336148655162187, 0.003490161097971829, 0.0035979586048826328, 0.003916683311587153, 0.003916683311587153, 0.004496529273807086, 0.0045177202124929506, 0.004550128950852684, 0.004719737107863841, 0.004719737107863841, 0.004886466107567734, 0.005172770149582152, 0.005172770149582152, 0.005433231082882449, 0.005924835311583584, 0.006091144458665098, 0.006095967218295273, 0.0060609152673132645, 0.006023220373975153, 0.006455372703004365, 0.006487161575459828, 0.006684615294289795, 0.006684615294289795, 0.006684615294289795, 0.0066349722789818145, 0.0066349722789818145, 0.006693402173264447, 0.006744793910710628, 0.006900931614126975, 0.007105502323221498, 0.007329448569062383, 0.0074536937836490276, 0.007298308442539886, 0.007433954093844524, 0.0074487637653944325, 0.007362453007368827, 0.007488113028974247, 0.0074969381505153865, 0.0076665187799992785, 0.0076290529543051305, 0.007859584036352674, 0.007975574958482137, 0.007826798547950757, 0.007667477034959585, 0.0077276075448580415, 0.007609768158661039, 0.008127956291060364, 0.008257983150520816, 0.008257983150520816, 0.008098979527555004, 0.008041626396571829, 0.008041626396571829, 0.008164032616999307, 0.007975574958482137, 0.007975574958482137, 0.007975574958482137, 0.00783805473576297, 0.008063523309525762, 0.008211589619655419, 0.008221425468536091, 0.008419219993925949, 0.008674522865194115, 0.008861381474276628, 0.00867791002770711, 0.008788118138040889, 0.008907689867497083, 0.009122835219874333, 0.009464347708691836, 0.009621404708847278, 0.009505401257244457, 0.009563962973323455, 0.009390311985428038, 0.009597703807023163, 0.009621404708847278, 0.009683059054506548, 0.009578547459222167, 0.009754873193456087, 0.0097133613005541, 0.0097133613005541, 0.009791708278967881, 0.010438859895523426, 0.010481003223519615, 0.010481003223519615, 0.010993504575754851, 0.010979461345101199, 0.011241323184517715, 0.011329859411559982, 0.011241976730821253, 0.011525942344935427, 0.011499778169998918, 0.011136921496004329, 0.011152084091856408, 0.011000853399177906, 0.01102287047322011, 0.011194823876803648, 0.01124393714181023, 0.011689870025987877, 0.011689870025987877, 0.011569206135783255, 0.01170306082412038, 0.01151510099914057, 0.01138742593335979, 0.011316882818810747, 0.011359002543159774, 0.011563489339913179, 0.01186701826277265, 0.011812411321338662, 0.01174254431282997, 0.011830434635864796, 0.012061678226211023, 0.012421180068162377, 0.01231962098542361, 0.012184701012971562, 0.012087841758037163, 0.011976098645865865, 0.011870113387694942, 0.011870113387694942, 0.011767544435472352, 0.011699921506801067, 0.011758175618587734, 0.011689870025987877, 0.011556498304470282, 0.011463945255291763, 0.011515739007895202, 0.011515739007895202, 0.011662183784019394, 0.011626851399643317, 0.01154377648389833, 0.011564124679016427, 0.011451762185046333, 0.011626851399643317, 0.012051318837135035, 0.012421771538845225, 0.012559994800466882, 0.012555899499633549, 0.012830830217941186, 0.012785514763008257, 0.012785514763008257, 0.012822238334954134, 0.012894801990234165, 0.012956189916131098, 0.012837699584125069, 0.012757326826381069, 0.012853713828449484, 0.01288796306003143, 0.012917572274595092, 0.012828539611796372, 0.013131920915798095, 0.013131920915798095, 0.0131816198564826, 0.013134717976665149, 0.013388999444411407, 0.013604561059903882, 0.01351189951751524, 0.013679957035378288, 0.01395643367111837, 0.01395643367111837, 0.013769887287787337, 0.013853401556797434, 0.014188238877640156, 0.014506240740045757, 0.014355031827742849, 0.01440612114799165, 0.014449405043891911, 0.014342743312012724, 0.014342743312012724, 0.014576973734808818, 0.014304273658524545, 0.01413844086892475, 0.01416543652122075, 0.014099413795890775, 0.013980102478384143, 0.013971165641697729, 0.013899992658932138, 0.013979576940257222, 0.014109831570177424, 0.013895763559371584, 0.013895763559371584, 0.014097329317198736, 0.014097329317198736, 0.01392745050434646, 0.014408670858839389, 0.01394010511482051, 0.01395011520689755, 0.013973794716379306, 0.013926922979375934, 0.013931669985017181, 0.014608691849410077, 0.014955116522584558, 0.015050608503530037, 0.014998285616315334, 0.015037422705791477, 0.015190544857286208, 0.015190544857286208, 0.015190544857286208, 0.015190544857286208, 0.015167311790122057, 0.015091557309993436, 0.015076458199349564, 0.014907880397936646, 0.014893581688438955, 0.014644857006290429, 0.014717419915854539, 0.01500612120000994, 0.015092044126571037, 0.015092044126571037, 0.015157620835334123, 0.01535984693801288, 0.015749518943090787, 0.01590918102280336, 0.01590918102280336, 0.01590918102280336, 0.01579981916713877, 0.01590871921113625, 0.016127046619051524, 0.016154812260861264, 0.016399900447681918, 0.01633346383399206, 0.016620616653998842, 0.01695497037473564, 0.01685108850114643, 0.017013799921096466, 0.016991762710207556, 0.016998247208558456, 0.016998247208558456, 0.01702933842951448, 0.01735751322356179, 0.01728158156027653, 0.016953670362948262, 0.01735582005541422, 0.017364707346353113, 0.017492435682958763, 0.017639658472328998, 0.017724835568161623, 0.0176367427230073, 0.0176367427230073, 0.017455435969862203, 0.017440698357109256, 0.017583340909822012, 0.017583340909822012, 0.017583340909822012, 0.017583340909822012, 0.017958728194595156, 0.018013872205518023, 0.01810215907745002, 0.017856571419428282, 0.017807542543219472, 0.01790792778495101, 0.017840517975458367, 0.018010609118414806, 0.017901362392572364, 0.017697872580554733, 0.017658391079319886, 0.017534386042218617, 0.018024065545140203, 0.01779928913966934, 0.017667957852957356, 0.0176184041066524, 0.017337184292256728, 0.01728328200124889, 0.01721513335198222, 0.01702933842951448, 0.017041414140803204, 0.01680743275810935, 0.017074578310745946, 0.016968830970040212, 0.016988303299022886, 0.017093070561619107, 0.017524746351770044, 0.017482352618032406, 0.01737950939867911, 0.017366399648018407, 0.017366399648018407, 0.017308768569362615, 0.017313437037192132, 0.017317255756579202, 0.017192499551150976, 0.017022865774706488, 0.017024160502542452, 0.016674017426608897, 0.0169311209653365, 0.016916795180638485, 0.01708318184767745, 0.016851088501146427, 0.016851088501146427, 0.016831893923775317, 0.016927215135541282, 0.017382890955165764, 0.01713599862802258, 0.01713599862802258, 0.017055204484262274, 0.017078020245631636, 0.017031495434479436, 0.01705003441255729, 0.017024592056606745, 0.017057358218310215, 0.01698614080925496, 0.016708790305386797, 0.01663166392451336, 0.01663166392451336, 0.016916795180638485, 0.01689071717040494, 0.01689419656423532, 0.01693762868013473, 0.016936327337220114, 0.016916795180638485, 0.01682316187612198, 0.01690289191535108, 0.017144571342865712, 0.01718566084779722, 0.017129566276363407, 0.016970995665474404, 0.016770674112989065, 0.016905065054290562, 0.01678950109261069, 0.017041414140803204, 0.01684018517519014, 0.016831893923775317, 0.016763663327663953, 0.017040120723918428, 0.017180957660225142, 0.0173625917373166, 0.01740696553048784, 0.017153139773278613, 0.01719463608815498, 0.01719463608815498, 0.017482352618032406, 0.01738796205683104, 0.017600046382128122, 0.01752432711450932, 0.0174251050417002, 0.017601298653386752, 0.017791031907298988, 0.017938671031248302, 0.018018765728188682, 0.01781579212327063, 0.017802590960249557, 0.01773270931335189, 0.017915721063481924, 0.017846694085906174, 0.01772815125552508, 0.017947269703102984, 0.01794849774851844, 0.01794849774851844, 0.01830998389415134, 0.01838726267206265, 0.018503171267076773, 0.018612438237449094, 0.01872459912107327, 0.01897521476848692, 0.019072536083412223, 0.019072536083412223, 0.019072536083412223, 0.019319018862145106, 0.019458841964830408, 0.0198309590987302, 0.019788308236358732, 0.019788308236358732, 0.019636243042301306, 0.01965232499097805, 0.019770478920215714, 0.019783481049829924, 0.01992889400660585, 0.019827995051318277, 0.019622394536522262, 0.019357011069662085, 0.01951162918542139, 0.020256155527016817, 0.020216945811847638, 0.02017802401280226, 0.020134283889801048, 0.020134283889801048, 0.020124064181563164, 0.01993442310401272, 0.019882758401002947, 0.019604414330055612, 0.019583416557935766, 0.019496561706294446, 0.019496561706294446, 0.01947092023233308, 0.019486007538639577, 0.019432772655007945, 0.019432772655007945, 0.019432772655007945, 0.01952668503795328, 0.01950673353130207, 0.01985354540897223, 0.019869821235188993, 0.019911190577262868, 0.01991967543379548, 0.020154343229696378, 0.020154343229696378, 0.020341934168467992, 0.019887192063317165, 0.019927050633216536, 0.020000653050562613, 0.019887192063317165, 0.020211130495802736, 0.020211130495802736, 0.02017074057912114, 0.020299633051875994, 0.020299633051875994, 0.02003001828888484, 0.020094836376034313, 0.020303975683876017, 0.02038090342673248, 0.02038090342673248, 0.02010214731143447, 0.02013245932238153, 0.020153249598706287, 0.020356015006350717, 0.02040972157315914, 0.02039063410450184, 0.02035023943097376, 0.020401080403563265, 0.02055856740820116, 0.020380903426732485, 0.020402520852650957, 0.02048410035483469, 0.020117856825847682, 0.02009776106933307, 0.02009776106933307, 0.019776052308232782, 0.0198150221307173, 0.01944184420579614, 0.019695643359558958, 0.01972881452213943, 0.019835404339365568, 0.01959991670119742, 0.01959991670119742, 0.019622394536522262, 0.0195717831041924, 0.019446378394268205, 0.019539849392605724, 0.019694151208842048, 0.01980723429992802, 0.01965681062842171, 0.01956126952184143, 0.019502213375168786, 0.019502213375168786, 0.019695643359558958, 0.01959279334399279, 0.01945582122635374, 0.01924280941769456, 0.019473938628697736, 0.019701610832308997, 0.0198890391309138, 0.01999514226720366, 0.020238738365131483, 0.0203357933161192, 0.0203357933161192, 0.020357458644167246, 0.020421237444765934, 0.020438499086233294, 0.020580355206073663, 0.020580355206073663, 0.020872440573881247, 0.020939914039938178, 0.02062991685363165, 0.02062991685363165, 0.02085518581816533, 0.020945176250470307, 0.02113652414805293, 0.020674385216533833, 0.020716985045796485, 0.020612815510388342, 0.020793091474362934, 0.020758081779964, 0.020610320378937563, 0.020607111908865102, 0.02077612444463056, 0.02073541779228015, 0.020969365410385833, 0.020883701290524075, 0.02099562636671296, 0.020973219074985772, 0.020912880514854272, 0.02079344480692835, 0.020708117308171202, 0.020708117308171202, 0.020641309877752135, 0.02048158954290613, 0.02048158954290613, 0.02069569609205484, 0.020605685761805787, 0.020478719666611814, 0.020478719666611814, 0.020478719666611814, 0.020478719666611814, 0.02042231672480288, 0.020687174376252292, 0.020687174376252292, 0.020797331068957786, 0.020617448524816777, 0.020617448524816777, 0.020733646124901743, 0.020733646124901743, 0.02070705292445853, 0.020750647887598644, 0.020687174376252292, 0.020587136859739206, 0.020587136859739206, 0.02056749962480434, 0.020471543215709292, 0.020471543215709292, 0.02039783902119766, 0.020431308507947766, 0.020431308507947766, 0.020431308507947766, 0.020431308507947766, 0.020056410243030398, 0.02017620340087474, 0.020058241728139827, 0.02012223868748004, 0.019770107305149935, 0.019709067632406548, 0.019630255698169348, 0.01937256633826846, 0.019695643359558954, 0.02002708370264261, 0.019816505180051815, 0.019816505180051815, 0.019816505180051815, 0.0201386621771585, 0.0201386621771585, 0.020211130495802736, 0.020158717160350764, 0.02006666440662631, 0.020352044474344935, 0.020323144542162577, 0.020327482151320287, 0.020327482151320287, 0.02003185218697503, 0.01979833017077502, 0.019524803691296704, 0.019442222095223578, 0.019434284874196645, 0.019235553816104305, 0.01918775119492556, 0.019508240017270355, 0.019332704657852584, 0.019332704657852584, 0.019319399154049, 0.01930532336440086, 0.019258456928458886, 0.018934904600892446, 0.018934904600892446, 0.018377270788467286, 0.018329233926341018, 0.018329233926341018, 0.01810175321309389, 0.01820535915714975, 0.01820535915714975, 0.017784423361068367, 0.01802039660711026, 0.017986117095228345, 0.017815379734994165, 0.017757964582756913, 0.017792270736451364, 0.017825686579787507, 0.017775745915632985, 0.017775745915632985, 0.017807542543219472, 0.017807542543219472, 0.017920641387938713, 0.017732709313351885, 0.01824889149554916, 0.018135814156029523, 0.018463422195889725, 0.018501582943861082, 0.018313594816475567, 0.018313594816475567, 0.018329233926341018, 0.01825090436674527, 0.018072913547118867, 0.018043213433876132, 0.01794890707831879, 0.018414014183967247, 0.018423587365889723, 0.018423587365889723, 0.01838726267206265, 0.01838726267206265, 0.01838726267206265, 0.01886649118929957, 0.01886649118929957, 0.019092941317755765, 0.019271804507611418, 0.01934220298535124, 0.019120626750892312, 0.018984891952523182, 0.01903899328499599, 0.019012734722618232, 0.01927485408505081, 0.01945128923905108, 0.019710931391655, 0.019742216239338892, 0.01973328277250371, 0.019709067632406548, 0.019709067632406548, 0.01953420861264794, 0.0192919989759951, 0.019734399677016904, 0.019946213389298445, 0.019803153737705102, 0.019887192063317165, 0.019962781696477683, 0.020110916925685826, 0.02043562315853253, 0.0202869617322686, 0.020319890727650912, 0.02017074057912114, 0.02017074057912114, 0.02001974535506465, 0.02032892781536815, 0.020742502948569837, 0.020742502948569837, 0.02098477582264177, 0.021043162639621235, 0.021330288898413822, 0.021330288898413822, 0.0212681998892857, 0.021734614544264525, 0.02138567134264225, 0.021089546690050892, 0.021223937198457818, 0.02133614352239324, 0.021150423356596556, 0.02133442174094269, 0.020863991047951, 0.020792031440640218, 0.020792031440640218, 0.02079026459766244, 0.02079026459766244, 0.020928683568690296, 0.020956748462546592, 0.021219782837566207, 0.02111983302345867, 0.02121458874242449, 0.02126301762138542, 0.02126301762138542, 0.021274071600165766, 0.021109046324613856, 0.0210989505493926, 0.021530841666250366, 0.02163025092554501, 0.02163025092554501, 0.02163025092554501, 0.021827711276994587, 0.021827711276994587, 0.021807169762746024, 0.021718383072072977, 0.021831413427556585, 0.022087026388671643, 0.022509100200513006, 0.022385709727413154, 0.022385709727413154, 0.022134874137008875, 0.022206783299023654, 0.022282087616994697, 0.022323923289162415, 0.022457797155135774, 0.02242407598260114, 0.02235450920133683, 0.022318656970785493, 0.02267009177803411, 0.02267009177803411, 0.02267009177803411, 0.022794521361099745, 0.02294358653884144, 0.022840565417069438, 0.022912825033600898, 0.023074820626361875, 0.023031797009121707, 0.02301999131190105, 0.02296247160130669, 0.02282029172218695, 0.02282029172218695, 0.023031478015790405, 0.023252438976747083, 0.02339262050043883, 0.02339262050043883, 0.023556306837803218, 0.023567843883268626, 0.024, 0.024024783122468196, 0.02392150428687416, 0.02392150428687416, 0.023895999152791333, 0.023746415411551258, 0.02366086927172959, 0.023789690787294863, 0.023760333949415676, 0.023543827996625653, 0.02341898758682443, 0.023543827996625653, 0.023386338241087053, 0.02332184751319182, 0.023193278407014958, 0.02334483292914721, 0.02334074129246183, 0.02336748132926331, 0.02336748132926331, 0.023267600316530194, 0.02326160013447756, 0.023286538109879216, 0.023279280443329508, 0.023148888103063685, 0.02330546051456436, 0.02310314052333181, 0.023058258071808512, 0.02291923708528337, 0.022807088049685835, 0.022628896101566914, 0.022628896101566914, 0.02236502371369827, 0.022174668393627604, 0.022363381147011977, 0.022096670725311927, 0.022172017665222508, 0.022147151657281174, 0.021794026517299066, 0.02174373942268516, 0.02185596635489089, 0.021894589770637175, 0.021794026517299066, 0.021827374686715893, 0.022156438231404455, 0.021973973473272457, 0.021934819956649115, 0.02175319821665452, 0.021745428794792434, 0.022087026388671646, 0.022209429878099173, 0.022209429878099173, 0.022087359022106484, 0.022114950156131106, 0.022103319540147756, 0.022513995647152462, 0.022477417238514874, 0.022273842992008658, 0.02210996635558042, 0.02207238555484279, 0.0219214180980285, 0.0219214180980285, 0.021961933671975357, 0.021772440921345254, 0.021612581369873145, 0.021612581369873145, 0.021612581369873145, 0.02168723879452182, 0.02199402516269232, 0.022194538765660535, 0.022359767075563853, 0.022260645240662104, 0.022194538765660535, 0.0223896477536073, 0.022255694066178815, 0.02215345368569158, 0.022083367090206522, 0.022083367090206522, 0.022083367090206522, 0.022206783299023654, 0.022206783299023654, 0.022206783299023654, 0.022267245094120484, 0.02198834570718715, 0.02194720938980626, 0.022030072211244634, 0.022010053361579837, 0.022010053361579837, 0.022065727419022744, 0.022062064587829288, 0.02200070499798048, 0.021700785276866207, 0.02181929496232775, 0.021802115606013084, 0.021900293540107106, 0.021900293540107106, 0.02179402651729906, 0.02170586302812948, 0.02170586302812948, 0.021795374907235224, 0.02154175821372934, 0.021398035385692467, 0.021398035385692467, 0.02116604905628496, 0.021247463233938096, 0.021385671342642257, 0.021385671342642257, 0.021385671342642257, 0.02124642586989393, 0.021242275907121765, 0.021242275907121765, 0.021242275907121765, 0.021242275907121765, 0.021242275907121765, 0.021242275907121765, 0.021407646926712324, 0.021351289212139118, 0.02155812267014975, 0.02155812267014975, 0.021479938433385717, 0.021435084724415184, 0.02162855255707801, 0.02160408124708413, 0.02159081437338857, 0.02147446514028288, 0.021650281611968726, 0.021918736742982323, 0.021813906816804847, 0.021928455095084627, 0.021928455095084627, 0.021908008041045875, 0.021908008041045875, 0.022308449941121196, 0.02242669691893743, 0.02201405858787071, 0.022239842900634393, 0.022045740946440226, 0.021920077461504723, 0.021920077461504723, 0.02215643823140445, 0.02215643823140445, 0.02229362496961215, 0.022260645240662104, 0.02202039870628308, 0.022178643892221166, 0.022458124296983833, 0.022458124296983833, 0.022458124296983833, 0.022337083653029752, 0.022328201258242267, 0.022328201258242267, 0.02244994432064365, 0.022351879800416006, 0.022260975279806663, 0.022260975279806663, 0.022148146833612634, 0.022148146833612634, 0.022285714285714287, 0.022334781149131323, 0.022266255240811817, 0.022266255240811817, 0.022470879114161627, 0.022461722542846903, 0.02218659275236249, 0.022468263331705395, 0.022443725544715847, 0.022443725544715847, 0.02251660611682871, 0.022789041405097875, 0.022789041405097875, 0.022789041405097875, 0.022891010623101348, 0.02278001272150296, 0.022718005086319548, 0.022718328481197553, 0.022718328481197553, 0.022321619427755485, 0.022446344186680796, 0.0223765183044318, 0.022206783299023657, 0.022206783299023657, 0.022206783299023657, 0.02213487413700888, 0.022095340722257557, 0.022095340722257557, 0.022180300139667052, 0.02235155110355194, 0.02240703242379089, 0.022461722542846903, 0.022461722542846903, 0.022678192347787892, 0.022458124296983833, 0.0227260885776857, 0.0227260885776857, 0.0227260885776857, 0.022710242227700177, 0.022710242227700177, 0.022611682008760566, 0.022593804460515274, 0.022593804460515274, 0.022588601062464752, 0.022405392936814594, 0.02239620959184015, 0.022341359102136384, 0.02218659275236249, 0.022163069116281284, 0.022718328481197553, 0.022529653928155424, 0.022437177602709087, 0.022455179848774678, 0.02265226032781682, 0.022555726907517983, 0.022742569991008457, 0.022674304435476144, 0.02286371334134292, 0.02288555377150773, 0.02285728571383929, 0.023072591744230177, 0.023158724719039365, 0.023158724719039365, 0.02308532531496923, 0.0232334733889336, 0.023127296355923102, 0.023007540911090658, 0.022691147244361755, 0.02249865302090554, 0.02244994432064365, 0.022579166847122682, 0.02271832848119755, 0.022633765637621497, 0.02259217852736307, 0.02273255330119863, 0.022839278733384392, 0.022953511135976296, 0.022627272690002993, 0.022734815520137695, 0.02251823750670028, 0.02232655598252485, 0.022161743098024964, 0.02215875926682038, 0.02215643823140445, 0.022446344186680796, 0.0221073078692203, 0.022574285533476776, 0.022574285533476776, 0.022574285533476776, 0.02275419674231009, 0.02275419674231009, 0.022742893036583306, 0.022742893036583306, 0.022685966173484652, 0.022870139162368963, 0.022870139162368963, 0.022822867157877482, 0.022822867157877482, 0.022871424109930857, 0.022871424109930857, 0.02290224122354021, 0.022795488275408487, 0.022903845145498595, 0.022797099708121667, 0.02294486737323862, 0.022985496758271072, 0.022975585977737505, 0.023050928530591756, 0.0228958244121107, 0.0228958244121107, 0.0228958244121107, 0.022932055810011225, 0.022932055810011225, 0.022745477236010628, 0.022745477236010628, 0.022749352984744203, 0.022782592710493793, 0.02281385186097898, 0.02268305130106024, 0.022839278733384392, 0.02295511147559826, 0.02295511147559826, 0.023261600134477565, 0.023191694502074468, 0.023191694502074468, 0.02321607465634489, 0.02322208660138983, 0.02308532531496923, 0.023170142645311483, 0.023254018744189187, 0.023431219362558292, 0.023387594827958148, 0.02330073135402949, 0.023285276069496215, 0.02307641255322262, 0.022685966173484652, 0.022685966173484652, 0.02269859296187717, 0.02287174533554179, 0.022893578103200626, 0.022893578103200626, 0.022893578103200626, 0.022967590297670166, 0.022967590297670166, 0.023008818185333083, 0.023159993655492418, 0.023172679198238816, 0.023434981701442373, 0.023344832929147217, 0.02353914672564468, 0.023480395643852275, 0.02341898758682443, 0.023353328653185047, 0.023256546148891295, 0.023281805105695566, 0.023372196983525852, 0.02345629022288922, 0.02335615987446637, 0.023302938415047797, 0.023302938415047797, 0.023302938415047797, 0.023753839646658892, 0.023753839646658892, 0.023815926758094866, 0.02405015168181622, 0.02405015168181622, 0.023704610763068262, 0.02395373090960563, 0.02395373090960563, 0.02395373090960563, 0.024030592746644895, 0.024030592746644895, 0.02395373090960563, 0.02395373090960563, 0.02395373090960563, 0.024120919872803445, 0.024225774771208172, 0.024251236029934474, 0.024122442763906796, 0.02380605308036816, 0.02385538060215073, 0.023809756189342182, 0.02379833641930735, 0.023907986881682323, 0.023758787847867998, 0.023730321600545286, 0.02388492821673047, 0.023883697795947834, 0.02391290318584321, 0.024000000000000004, 0.024000000000000004, 0.023648756277432178, 0.023705540556191174, 0.023443758144085333, 0.023443758144085333, 0.023784749015162757, 0.023784749015162757, 0.02393900412229688, 0.02401958384658788, 0.023933786212151635, 0.023861539372481606, 0.024056260587825944, 0.024056260587825944, 0.023896921499282228, 0.023896921499282228, 0.02395986439946638, 0.023762807502653457, 0.02399418296851407, 0.02403823484979456, 0.02398285101603108, 0.02404923521207513, 0.02390061052930384, 0.02390061052930384, 0.02405778757195148, 0.023877237046601354, 0.0238183945379899, 0.02344908509594212, 0.02369965125034027, 0.02372567712631277, 0.023781350951138685, 0.023781350951138685, 0.02376744472111861, 0.023823329330892512, 0.02409288149590062, 0.023925189526470866, 0.023925189526470866, 0.02400887590973346, 0.023980400160062695, 0.02440224144940588, 0.02440224144940588, 0.024616868283387165, 0.024781955252208193, 0.024781955252208193, 0.024781955252208193, 0.02472378017461022, 0.02498861781708151, 0.024938291187387704, 0.024938291187387704, 0.024938291187387704, 0.024938291187387704, 0.025125838396002652, 0.02511764970156667, 0.025311125246114407, 0.025144837584340395, 0.025218360658173528, 0.025108287923492113, 0.025231176050631476, 0.025559821787248804, 0.02573599083947995, 0.025402683451372067, 0.025606631794063323, 0.025606631794063323, 0.02557706242806198, 0.025400658837671022, 0.025398055525764095, 0.025398055525764095, 0.025452669159578115, 0.025323893694231436, 0.02534738242735071, 0.02519591803674329, 0.02510155698886637, 0.02510155698886637, 0.0251156021107947, 0.02529254145121096, 0.025398344795819806, 0.025398344795819806, 0.025503133060829356, 0.025364477812363447, 0.025438810137749956, 0.02512145192736231, 0.025193585189366707, 0.025193585189366707, 0.025193585189366707, 0.025193585189366707, 0.025089846714622735, 0.024955666813821047, 0.02442511253707912, 0.024284840320408844, 0.024173556137369004, 0.024173556137369004, 0.024173556137369004, 0.024047707684890868, 0.024047707684890868, 0.0239021474571057, 0.02388492821673047, 0.023829188070130142, 0.024053817211598237, 0.024053817211598237, 0.02390798688168232, 0.02390798688168232, 0.02390798688168232, 0.024094406159174485, 0.02424850931669064, 0.024431127685802797, 0.02461179408664198, 0.024340744375115027, 0.0242181918467612, 0.0242181918467612, 0.024273946728867936, 0.024541543287633225, 0.024879300469199984, 0.024813952625447624, 0.024813952625447624, 0.024680951921575107, 0.02455351506487037, 0.024625223504631612, 0.024724077333643815, 0.024724077333643815, 0.024724077333643815, 0.02489081463233424, 0.02489081463233424, 0.02496773428050773, 0.024896717265781142, 0.024870735199984638, 0.024870735199984638, 0.024870735199984638, 0.024812768273365933, 0.024559498765077365, 0.024722591502758056, 0.024706241465405836, 0.02514366881806736, 0.025037963012927683, 0.025037963012927683, 0.025037963012927683, 0.025037963012927683, 0.025037963012927683, 0.025037963012927683, 0.025037963012927683, 0.025340425072542545, 0.025117649701566668, 0.025117649701566668, 0.025117649701566668, 0.025117649701566668, 0.025117649701566668, 0.025290508020171663, 0.02518921051820823, 0.02518921051820823, 0.02496773428050773, 0.025002726381949072, 0.025002726381949072, 0.025015945934951333, 0.02493357706599922, 0.024848569950229098, 0.024819873538134304, 0.02487811922807933, 0.024666957159532345, 0.02475347841976054, 0.024652656436736288, 0.02473685179513945, 0.02473685179513945, 0.024784326844658443, 0.024784326844658443, 0.02493946957850433, 0.024901438365143913, 0.02508838254602138, 0.02508838254602138, 0.02508838254602138, 0.02499714269385889, 0.02516090261513214, 0.02516090261513214, 0.02501800168205417, 0.02497479545788644, 0.0250628923196939, 0.025018001682054168, 0.02520670464744794, 0.025143668818067365, 0.025143668818067365, 0.024960671105577596, 0.025059081208623914, 0.025144837584340392, 0.025144837584340392, 0.02503561544712505, 0.025079009842772452, 0.025079009842772452, 0.02503708270154655, 0.02503708270154655, 0.02503708270154655, 0.025216903951475866, 0.025394873337678505, 0.025484689281117436, 0.02569027450382017, 0.025663091897008158, 0.025863850747910762, 0.025889687490723925, 0.025887700964444284, 0.02582149081201746, 0.025840831477113333, 0.025800996658490317, 0.025800996658490317, 0.025765948102731497, 0.02595770500216827, 0.026006623959982163, 0.0259701555557882, 0.0259701555557882, 0.02603683419108163, 0.026055169098178847, 0.026453656049161653, 0.026442266721817837, 0.026513577576750505, 0.02647447750539514, 0.0266393601688194, 0.026442266721817837, 0.02659215781283755, 0.02659215781283755, 0.026575299257247224, 0.026640739096200704, 0.026567557321681198, 0.026750548344560972, 0.026936933146647166, 0.026839659963173442, 0.026839659963173442, 0.026839659963173442, 0.026839659963173442, 0.026839659963173442, 0.026680146253003047, 0.02704445320171203, 0.02729431427672684, 0.027273041185577454, 0.027408206725693808, 0.027435267039907237, 0.027435267039907237, 0.027299966360149718, 0.02740418558824732, 0.02737494758172225, 0.027371995222288413, 0.027371995222288413, 0.027371995222288413, 0.027475673841804577, 0.027475673841804577, 0.02731072899736195, 0.02731072899736195, 0.02731072899736195, 0.02697617996889637, 0.026833910924615595, 0.02671097000049506, 0.02659326291851117, 0.0263632397129652, 0.0263632397129652, 0.0263632397129652, 0.026195777818385238, 0.026202508058799038, 0.026162943103495345, 0.026235013214544925, 0.02599843009389103, 0.02599843009389103, 0.026040502205257884, 0.025896780983475965, 0.025896780983475965, 0.025835428925316917, 0.025835428925316917, 0.025874926796702127, 0.02580014238214153, 0.025705427045506105, 0.025685698395037194, 0.02575111648064992, 0.025879753334470967, 0.025971287128327712, 0.025971287128327712, 0.025948929434092462, 0.02612359946446109, 0.026356550515992047, 0.02638803068183198, 0.02625600805879815, 0.02634205142864518, 0.026425590565485827, 0.026425590565485827, 0.026480304579295247, 0.026451156373009245, 0.026136252093010345, 0.026356550515992047, 0.026356550515992047, 0.02637549883462889, 0.02633647273114544, 0.02633647273114544, 0.026231652480099964, 0.026111222077247684, 0.02615873054399753, 0.02639137150274533, 0.02617894464750523, 0.026081943085246556, 0.026111222077247684, 0.026111222077247684, 0.025984013923792387, 0.02585561163579822, 0.026162943103495342, 0.026314425313729285, 0.02629738871183267, 0.026223809091459348, 0.026261603849245266, 0.026326707165995552, 0.026371320228844152, 0.026350974888057183, 0.026330055767785486, 0.026392206641896607, 0.026735163728539922, 0.02682624362333973, 0.026966373618313028, 0.0270262457471191, 0.027163721304380235, 0.027163721304380235, 0.027165884968512417, 0.027165884968512417, 0.027165884968512417, 0.027165884968512417, 0.02705776134456788, 0.026782388364942587, 0.026782388364942587, 0.026782388364942587, 0.026640463316434375, 0.02644004384200879, 0.026240613482126657, 0.026151708103576976, 0.026190167963554254, 0.026295153584659215, 0.02635459918039323, 0.026492232207704556, 0.026492232207704556, 0.026302975698811053, 0.026302975698811053, 0.026293197692520386, 0.02616743575281214, 0.02612275573799477, 0.02612275573799477, 0.026134846547887603, 0.02631749631414238, 0.02641891715558133, 0.02641891715558133, 0.026628326179128133, 0.026628326179128133, 0.026628326179128133, 0.026628326179128133, 0.026481414352757842, 0.026629705677866513, 0.026495559889867418, 0.026499164407311305, 0.026695562575538467, 0.026644875450170566, 0.02670134140175473, 0.02628621117542777, 0.02628621117542777, 0.02634233033250739, 0.026425590565485834, 0.026425590565485834, 0.026425590565485834, 0.026396938598006757, 0.026396938598006757, 0.02631191241042501, 0.02631191241042501, 0.02631191241042501, 0.026474477505395146, 0.026633843745375196, 0.026633843745375196, 0.026633843745375196, 0.026531029196095686, 0.026413632843666168, 0.026323079033348632, 0.026231652480099964, 0.026231652480099964, 0.026231652480099964, 0.02630744443409624, 0.026177541394664775, 0.02627978193926864, 0.026297388711832674, 0.025953459130072173, 0.025799857617072708, 0.02587066733912035, 0.02587066733912035, 0.025827180746378853, 0.025827180746378853, 0.025988254803951383, 0.026008601402973897, 0.026008601402973897, 0.026017921609881894, 0.026017921609881894, 0.02591351392771024, 0.025722570094080764, 0.025536816160043066, 0.02565822460334928, 0.025664237008422634, 0.025439676547808994, 0.025745409735503915, 0.025834291402028003, 0.025834291402028003, 0.025834291402028003, 0.02583514454919018, 0.025749975232799663, 0.025549184259512685, 0.025375192770957726, 0.025375192770957726, 0.02554688367112753, 0.02548728374411564, 0.025194751640055548, 0.025194751640055548, 0.025045297737809193, 0.025045297737809193, 0.025045297737809193, 0.025045297737809193, 0.025045297737809193, 0.024973324543911053, 0.024973324543911053, 0.02499714269385889, 0.02499714269385889, 0.024954783599338143, 0.02497685459192415, 0.024871916791794704, 0.024803587627270245, 0.02479381094596976, 0.024724077333643818, 0.024724077333643818, 0.024724077333643818, 0.024444055243242557, 0.024444055243242557, 0.024444055243242557, 0.024444055243242557, 0.024444055243242557, 0.02423881185206899, 0.02423881185206899, 0.024304194649299133, 0.024304194649299133, 0.024469589623173717, 0.02464669535326663, 0.02464669535326663, 0.024778397437926387, 0.024778397437926387, 0.0246049273313211, 0.024505592864337178, 0.024433533330658678, 0.024419095906645674, 0.024468088338461914, 0.024468088338461914, 0.024657126303586574, 0.024690773291136225, 0.024454873058892188, 0.024454873058892188, 0.024579533546993024, 0.024611794086641988, 0.024731208079291737, 0.024731208079291737, 0.024730911005938983, 0.025074615182104243, 0.02515856652092395, 0.025318380836129025, 0.0253122862802769, 0.0252474771420991, 0.02542696624147085, 0.025389086519323898, 0.025542569509406397, 0.025271618347022243, 0.0251900855132186, 0.02494300441782736, 0.02491589116714595, 0.02491589116714595, 0.02491589116714595, 0.02503356114645836, 0.025164406349818303, 0.025277432057639316, 0.025289345986169026, 0.02506728903555063, 0.025195043244289797, 0.025195043244289797, 0.025195043244289797, 0.025437366055406266, 0.025437366055406266, 0.025665382068745718, 0.025787324840878315, 0.025594291455362485, 0.025594291455362485, 0.025594291455362485, 0.025743982851556296, 0.025892241371988377, 0.02586924736407447, 0.02586924736407447, 0.02564590909016923, 0.025596587782797324, 0.025596587782797324, 0.025596587782797324, 0.025596587782797324, 0.025596587782797324, 0.02534274440303479, 0.025346223000837095, 0.025289345986169026, 0.025200874620390726, 0.025199416902874916, 0.025369111863340704, 0.025369111863340704, 0.025278885276378917, 0.025100093503362716, 0.02527074617507165, 0.02527074617507165, 0.025439676547808994, 0.02546305847573649, 0.02546305847573649, 0.02518921051820824, 0.02538532437999466, 0.02538532437999466, 0.02538532437999466, 0.025484689281117443, 0.025484689281117443, 0.025088382546021384, 0.024760897415407355, 0.02459985067152288, 0.02461686828338716, 0.02481276827336594, 0.02495919935921546, 0.02495919935921546, 0.02473596076771713, 0.024372115213907884, 0.024372115213907884, 0.024232748965995993, 0.024232748965995993, 0.024232748965995993, 0.024232748965995993, 0.023629797860726102, 0.02333444506583803, 0.023405179960418854, 0.023568779071873366, 0.023736512819205916, 0.02399663241679838, 0.02421333752884378, 0.02421333752884378, 0.02400275494392174, 0.02400642771068973, 0.02400642771068973, 0.024007345814588184, 0.02373032160054529, 0.023760333949415683, 0.023943607216345083, 0.02397212667125838, 0.024088306927059964, 0.024018666210483305, 0.023823329330892512, 0.023932865286386558, 0.023802040728835478, 0.023802040728835478, 0.023916896938852114, 0.023753839646658892, 0.023744249572372304, 0.023525097323531582, 0.023525097323531582, 0.023481647197376106, 0.023611446549571365, 0.0235204123245824, 0.0235204123245824, 0.023536337516135975, 0.023457856261989575, 0.023252438976747086, 0.023252438976747086, 0.023500099869522922, 0.023692210034661834, 0.023692210034661834, 0.023578752109058028, 0.0237442495723723, 0.02369189993328901, 0.02388615857413183, 0.02386369456658686, 0.023932865286386554, 0.023932865286386554, 0.024038234849794556, 0.024013465610199725, 0.02423183940224775, 0.02423183940224775, 0.02400489745949389, 0.0239767234063815, 0.0239767234063815, 0.0239767234063815, 0.0239767234063815, 0.02391290318584321, 0.02372567712631277, 0.02372567712631277, 0.023434981701442377, 0.023367481329263314, 0.023450338320521923, 0.023475075796969634, 0.023475075796969634, 0.023271389108095984, 0.023231259728465625, 0.02308532531496923, 0.02308532531496923, 0.02308532531496923, 0.023011053244659872, 0.02330546051456436, 0.023392620500438832, 0.023503851182479937, 0.02355162804719601, 0.02355162804719601, 0.02355162804719601, 0.02369189993328901, 0.02369189993328901, 0.02369189993328901, 0.02369189993328901, 0.02369189993328901, 0.023520412324582397, 0.023520412324582397, 0.02337848304291267, 0.02337848304291267, 0.02337848304291267, 0.023139999823611382, 0.02315364827778613, 0.02282769531664088, 0.02282769531664088, 0.02282769531664088, 0.02282769531664088, 0.02299987577606205, 0.02288298539107525, 0.022645448251924986, 0.02258990202434238, 0.022671712123530613, 0.022671712123530613, 0.022671712123530613, 0.022776142190046682, 0.02303945152408391, 0.023146348942927372, 0.023532903582439806, 0.023532903582439806, 0.023541331434612737, 0.023667389085457843, 0.023730321600545286, 0.02388492821673047, 0.02388492821673047, 0.02388492821673047, 0.024068473748275535, 0.023974271923996236, 0.023846447559846096, 0.023846447559846096, 0.024053817211598237, 0.024053817211598237, 0.024053817211598237, 0.024053817211598237, 0.024053817211598237, 0.024140709963690388, 0.02398285101603108, 0.023946368648055417, 0.024123356452422046, 0.02429845044190166, 0.024139188225026652, 0.02410050384772662, 0.024173556137369004, 0.024173556137369004, 0.024173556137369004, 0.024173556137369004, 0.024173556137369004, 0.024311750749170573, 0.024510089550956734, 0.02437693791354477, 0.024302985455306028, 0.024302985455306028, 0.02433440497127724, 0.024288772916636163, 0.0242424488558935, 0.0242424488558935, 0.024190569928577287, 0.024190569928577287, 0.024190569928577287, 0.02433470688509877, 0.02453166217319144, 0.02450919027963317, 0.02450919027963317, 0.02422092197304821, 0.02443804327649154, 0.02453765120239939, 0.02453765120239939, 0.024696723735453376, 0.024639241970847218, 0.024462082278247595, 0.02470148305883925, 0.02470148305883925, 0.024577441124838402, 0.0246046287332697, 0.024779879922622542, 0.024978325298023435, 0.02470148305883925, 0.02470148305883925, 0.02470148305883925, 0.024895831959980606, 0.024895831959980606, 0.024895831959980606, 0.0248293440616262, 0.0248293440616262, 0.024574750605996773, 0.024574750605996773, 0.024565481007764883, 0.024565481007764883, 0.024565481007764883, 0.02440555306499247, 0.024515184798697433, 0.024402241449405872, 0.024402241449405872, 0.024402241449405872, 0.024513686306358144, 0.024513686306358144, 0.024513686306358144, 0.024409466213260924, 0.02433440497127724, 0.024499595998335007, 0.024527169441587147, 0.02483171112813252, 0.02497097090133065, 0.025136362797626027, 0.025136362797626027, 0.025136362797626027, 0.024968911282077257, 0.024813952625447624, 0.024813952625447624, 0.024948894703749412, 0.024948894703749412, 0.024948894703749412, 0.025158566520923943, 0.02504529773780919, 0.02504529773780919, 0.02504529773780919, 0.025255623742292427, 0.02537374506799322, 0.02537374506799322, 0.025434188785641926, 0.0253172200814596, 0.025460461544143626, 0.025460461544143626, 0.02565707922359274, 0.02565707922359274, 0.025764522356234318, 0.025760244643279938, 0.02566967559004124, 0.02559429145536248, 0.025529622650032672, 0.025529622650032672, 0.02567682986345345, 0.025988254803951383, 0.02589224137198837, 0.02589224137198837, 0.026078562624719727, 0.026038245026914406, 0.02579871852536518, 0.02579871852536518, 0.02579871852536518, 0.02578533042848438, 0.02578533042848438, 0.025599744896688134, 0.025642471147114747, 0.02542581044400933, 0.02542581044400933, 0.02542581044400933, 0.025380982757062142, 0.025422342736342803, 0.025606918707925124, 0.025589411075358368, 0.025408467173004212, 0.025302125424960017, 0.025223895376392278, 0.025181917710766923, 0.025181917710766923, 0.025181917710766923, 0.025189210518208233, 0.025085161074277537, 0.025085161074277537, 0.025085161074277537, 0.025085161074277537, 0.025007721256623514, 0.025158566520923943, 0.025107117455788818, 0.024965085824088042, 0.024879300469199984, 0.024818985491279182, 0.024579533546993017, 0.024579533546993017, 0.02439742375158258, 0.024424811740757155, 0.024424811740757155, 0.024140709963690388, 0.024140709963690388, 0.024044041223707523, 0.024044041223707523, 0.024146795959340873, 0.024260625696458725, 0.024161396094275877, 0.024161396094275877, 0.024213337528843772, 0.024072136488106757, 0.024019583846587877, 0.024099284433444938, 0.024099284433444938, 0.024165044749702037, 0.02407610382745107, 0.0239230398723635, 0.0239230398723635, 0.023951277073872023, 0.02396446348667296, 0.023946368648055414, 0.023946368648055414, 0.02411117109201814, 0.023836894743661727, 0.02393869721788961, 0.02397825545559721, 0.023832887584433506, 0.0237674447211186, 0.023715456081274445, 0.023442504567732586, 0.023387594827958144, 0.0234500250206559, 0.023598685539319205, 0.023407691043757388, 0.023612380011255076, 0.023475075796969627, 0.023522598773545924, 0.023348294523216403, 0.023380054293681826, 0.023198346176098898, 0.023153648277786126, 0.023139999823611375, 0.02320594575464113, 0.02330073135402949, 0.02330073135402949, 0.02343748959183442, 0.02343748959183442, 0.02357875210905802, 0.023432787077172054, 0.02311299660894056, 0.02291154240792627, 0.02301903382784227, 0.022932055810011218, 0.022874314978033453, 0.023006263565935818, 0.02291122174028816, 0.02291154240792627, 0.023070044186683087, 0.023055708930451783, 0.02314095230256066, 0.023584983115775778, 0.023691899933289004, 0.023713287414443403, 0.023640988273137233, 0.023680733579370863, 0.023598685539319205, 0.02384521515344925, 0.023927646037543247, 0.023846447559846093, 0.023576570867654842, 0.023654968844207088, 0.023724128766179922, 0.02373651281920591, 0.024185710066660673, 0.024006427710689723, 0.024129446825023413, 0.024220618640879897, 0.024310541931014038, 0.02403059274664489, 0.024123356452422043, 0.02391689693885211, 0.0244956972481591, 0.024629698350087978, 0.024499595998335007, 0.024499595998335007, 0.02443714135391086, 0.02443714135391086, 0.024552318149832865, 0.02445487305889218, 0.024777507904532765, 0.024777507904532765, 0.024777507904532765, 0.02487930046919999, 0.024992439673155693, 0.025289055469325313, 0.02534477364310852, 0.025444585647550057, 0.025376350873864223, 0.025261441133935046, 0.025503133060829356, 0.025306480576794424, 0.025412225886171324, 0.025089846714622735, 0.024908813291520667, 0.024812768273365933, 0.02499096979768035, 0.02513314747581003, 0.025138993209590486, 0.025201749210427952, 0.025191543770698537, 0.02457594642851304, 0.02445487305889218, 0.024281512241511937, 0.02430419464929913, 0.024393508671491326, 0.02428635293277915, 0.02417811457681918, 0.024515184798697433, 0.02477394945156245, 0.024723780174610212, 0.024723780174610212, 0.02474041558392474, 0.02474041558392474, 0.024746354091387417, 0.024660999532849105, 0.024634470622628427, 0.024634470622628427, 0.024521177852324022, 0.024805660973385303, 0.025108287923492113, 0.024976854591924152, 0.02493946957850433, 0.024892290421915368, 0.025463058475736485, 0.025480076250166243, 0.02548353610166568, 0.025585104084611583, 0.025599744896688134, 0.025599744896688134, 0.02556988024043531, 0.025114431983971907, 0.025271618347022243, 0.025271618347022243, 0.025379535384370825, 0.025533363528161043, 0.02549304827210904, 0.025463058475736485, 0.02567454071286041, 0.02565020587099624, 0.02563100800648643, 0.025489301477206443, 0.02531838083612902, 0.02543158890603799, 0.025669675590041244, 0.02597835833998785, 0.026102498121123682, 0.026251810433195046, 0.026335356849835227, 0.02609461591194315, 0.026033730083121327, 0.026307723704847828, 0.026502214000697667, 0.02655234337634835, 0.02655234337634835, 0.02649555988986741, 0.026388030681831983, 0.026508034977480825, 0.02648113691375236, 0.026446711920928304, 0.02612359946446109, 0.025913513927710238, 0.025920600900064178, 0.02607856262471972, 0.02618118969561068, 0.026404730559472997, 0.02627502888404012, 0.026157326206738222, 0.026345398080120173, 0.02632762001226476, 0.026252520656430807, 0.026204696260831738, 0.026156222656826218, 0.02658018411815655, 0.026729320139166287, 0.026729320139166287, 0.02620441589207624, 0.026050601935934028, 0.02569195347709838, 0.025758154326071463, 0.02579059281115927, 0.026026675170066637, 0.026026675170066637, 0.025880549468980104, 0.025880549468980104, 0.025483633483281067, 0.02523849473178879, 0.025198796213554423, 0.02511072752300685, 0.025420282437134196, 0.025790915660601207, 0.02585387003754694, 0.025783242145048478, 0.025221721768737194, 0.024927704119173534, 0.024977483411084883, 0.024914830924571814, 0.02499880944103914, 0.025013852162351965, 0.025013852162351965, 0.024942239887633284, 0.024993812785387915, 0.025153369231048738, 0.025635098388493753, 0.02566961961986526, 0.02542727572942898, 0.02545876986944393, 0.02536988540995575, 0.025807394605549212, 0.025691114639668156, 0.025748169421755573, 0.0253772979054034, 0.025179818287263154, 0.02538781452844282, 0.025473848615105377, 0.025410935778574884, 0.02535090031811051, 0.025460559014014644, 0.02552194861730761, 0.025700893020298272, 0.025700893020298272, 0.02555922901331537, 0.025440467201460183, 0.02544693526312578, 0.025460155024617407, 0.0255881299011228, 0.025571643734130702, 0.025594388415575535, 0.024951821004258815, 0.024692718583023784, 0.024261030817476215, 0.024270477236884372, 0.02439824818067302, 0.024342536550538148, 0.024569090918701665, 0.024883986818835923, 0.02477800341151854, 0.024287765963756407, 0.024537912024673418, 0.024537912024673418, 0.024321923930344606, 0.024321923930344606, 0.024431329501778853, 0.024573575985897815, 0.024873651004340202, 0.024871228849612476, 0.02494532273855386, 0.025231837355343952, 0.025245344367722494, 0.025161156976740224, 0.025332809733221297, 0.025156796136168346, 0.02501026858500079, 0.02527024353193426, 0.02526458326089981, 0.02540162424503036, 0.02507963610060512, 0.025176238878784746, 0.025133187751071536, 0.02478970293143045, 0.0248017326583677, 0.024626278978492278, 0.02511757300117565, 0.025176705787011023, 0.02510534344293571, 0.025284563008496158, 0.025235641785509057, 0.02561544941982459, 0.025439831856715545, 0.0249317907049434, 0.02489776123039408, 0.02503407115048104, 0.02516730759196485, 0.02516730759196485, 0.025375985433765798, 0.025375985433765798, 0.02563517481420991, 0.025670459159691475, 0.025670459159691475, 0.025519184939962327, 0.02538889488877902, 0.025493164830228995, 0.025399387426326903, 0.025495988960250678, 0.025495988960250678, 0.02523292439392208, 0.02524066818870382, 0.025247827629322886, 0.025347499655301517, 0.025099860638689468, 0.025135896439075305, 0.025198718464336595, 0.02508317071387158, 0.024848689531413354, 0.02464043598872159, 0.024754607569468106, 0.024625403840053357, 0.024625403840053357, 0.02467938543209945, 0.024068393704404212, 0.024028250040317133, 0.024360397436521974, 0.0242578206198432, 0.02427895166347903, 0.024158579496015617, 0.024412637744263794, 0.024425454771944913, 0.024425454771944913, 0.024628904207231385, 0.024628904207231385, 0.024659848883129346, 0.024468189761485865, 0.024309676917572038, 0.023956288084248576, 0.024088165948770578, 0.0238775871341084, 0.02386032964173473, 0.023739506038221933, 0.023739506038221933, 0.023739506038221933, 0.023619868495719915, 0.023460634506094917, 0.02299983460455172, 0.022824199116422954, 0.02290106636854115, 0.02293406485148773, 0.02293406485148773, 0.023044150703218663, 0.023044150703218663, 0.02338669567711261, 0.02309561456737833, 0.023075607405718644, 0.023450109960144266, 0.023251197555289538, 0.023419700062562894, 0.023424279746294296, 0.02327696733174804, 0.02324892238011764, 0.02330563004590811, 0.023176844179535083, 0.023176844179535083, 0.022974926528274077, 0.022937994147488226, 0.022983367189055196, 0.022871596858486797, 0.022798433172085332, 0.022971515280575516, 0.0228961039373559, 0.022747502755965397, 0.022391771083255074, 0.022522371281977958, 0.022336909694357403, 0.02248136243964892, 0.02248136243964892, 0.02234210594279742, 0.022451865610406525, 0.022560440001498743, 0.022560440001498743, 0.022602930638954497, 0.02238179435093056, 0.022190126136621753, 0.022190126136621753, 0.022204623162664087, 0.022208130153120936, 0.022208130153120936, 0.022144720290278988, 0.022027338857493823, 0.02218880173531189, 0.02218880173531189, 0.02188582021608083, 0.021647047779108836, 0.021677775320755197, 0.021809080303246846, 0.02180456570799533, 0.021894412296198283, 0.021921441930824962, 0.02177975243951434, 0.021568436500155143, 0.021174125141554354, 0.02132183856987948, 0.021509585523383647, 0.02159773381914059, 0.021873015338539865, 0.021822102257545575, 0.02200108494541827, 0.022014638543571, 0.022027516743326998, 0.02246817758701477, 0.022444818137478638, 0.022139566207058682, 0.02223678291223158, 0.02217345498839658, 0.02214248626417512, 0.022045120335626316, 0.022078621666532485, 0.0219769615920019, 0.022041920728188714, 0.02203251919415518, 0.02195609124724032, 0.021849624850840094, 0.021849624850840094, 0.021849624850840094, 0.021776536333721154, 0.021867640429620742, 0.02223407350194282, 0.022161855075966977, 0.02201437155818991, 0.021882619699157575, 0.021898259738888766, 0.02222700104625462, 0.02222700104625462, 0.021987252707708918, 0.021987252707708918, 0.021987252707708918, 0.02190950441414569, 0.021489580199316533, 0.021646705362738793, 0.021619830655003298, 0.021603036823557933, 0.021847783617099284, 0.021751980815267264, 0.021732066404373092, 0.021799485483536964, 0.021864008632210788, 0.02195102377790064, 0.021912455129353223, 0.02193381361258996, 0.02206035357830876, 0.022152368832654427, 0.021944060978882143, 0.022001861145765623, 0.022092124739603567, 0.022214456039769626, 0.022214456039769626, 0.022042228858743493, 0.022029181388627705, 0.021732269244849056, 0.02153111313084071, 0.021682968393818843, 0.021440269568820104, 0.021454268782216554, 0.021684436627146544, 0.021730082975507686, 0.02178537086380375, 0.021591901732088428, 0.021591901732088428, 0.021668958706605432, 0.021721538638326855, 0.0220116540561066, 0.02218672373749855, 0.022222656576253937, 0.02205635675875297, 0.02209001843108589, 0.02198687400635726, 0.022217189888251217, 0.02214792421286418, 0.02220173039772038, 0.02209150395375506, 0.021734973603642134, 0.021488463349966583, 0.02140066602053424, 0.02140066602053424, 0.021206066132508555, 0.021206066132508555, 0.021124446037900334, 0.02125027385177683, 0.021360530452788143, 0.021433232255027683, 0.021433232255027683, 0.021433232255027683, 0.021702476488048215, 0.02175281393948181, 0.02195176009864747, 0.02186553191016138, 0.02207537958163957, 0.021887831303801508, 0.021777365519722345, 0.021663623606292228, 0.02153739074261318, 0.02158062471906932, 0.021664799249718703, 0.022010118637776112, 0.021853253061907166, 0.021457190793174527, 0.02125408925840111, 0.02101268382745652, 0.020991041432195857, 0.021299163153053878, 0.0213651514845831, 0.021464506630667266, 0.021425999464697656, 0.02138673592368381, 0.021479379385250172, 0.021479379385250172, 0.021568536797655902, 0.02161168580340983, 0.02139699349470025, 0.02160298127574062, 0.021556543208549016, 0.021556543208549016, 0.021563767419125125, 0.021481021143971598, 0.021481021143971598, 0.021295805469909907, 0.021273115734683164, 0.021273115734683164, 0.02119464275784456, 0.020649648512104733, 0.020729050501503376, 0.02042240026669395, 0.02042873086850867, 0.0205061221321331, 0.02047930523375104, 0.020199870276407055, 0.02023417557560697, 0.01993613026130995, 0.01993613026130995, 0.01993613026130995, 0.019399258980167044, 0.019399258980167044, 0.0192409126178398, 0.019187840111989287, 0.019198098970513524, 0.019198098970513524, 0.01918722746931363, 0.01925205910005048, 0.019315912442061534, 0.019121253908162196, 0.019144140255505045, 0.019296986758537808, 0.019203404885167454, 0.019230218142182325, 0.019230218142182325, 0.019360287145787556, 0.01922303422714424, 0.01922303422714424, 0.01919917047527771, 0.01932716772434331, 0.01932716772434331, 0.01932716772434331, 0.01932716772434331, 0.019149051876140025, 0.019392289231358245, 0.019588905231361583, 0.019560330116992253, 0.019560330116992253, 0.019560330116992253, 0.019428575210083662, 0.019481796422217704, 0.0196715433132871, 0.01953065659261806, 0.019827633160180613, 0.01989259363764949, 0.01989259363764949, 0.019845904733568523, 0.020127382505696366, 0.019840721267337113, 0.019756807558357174, 0.020066502089862322, 0.01983805495732371, 0.019744606496820482, 0.019723608975550293, 0.02010200964671778, 0.020079288140890304, 0.019993093093080207, 0.019843387219084616, 0.019843387219084616, 0.019843387219084616, 0.019747533454865202, 0.01964822098193885]","[0.0, 0.0010961900624714787, 0.0010961900624714787, 0.0014020393310154625, 0.0018070158058105024, 0.001858680681976068, 0.002611122207724769, 0.0026322954985785194, 0.00268023757704196, 0.0027057007089718206, 0.0029371650916334624, 0.0029371650916334624, 0.0031516759390028976, 0.0031464914052425613, 0.0031183459770610863, 0.002997686182538058, 0.0029182046479551325, 0.0029416086117105716, 0.003187731584224309, 0.0033864074034352125, 0.003493667741173205, 0.003301452988720981, 0.0033329523591811854, 0.003394112549695428, 0.0032576440717118228, 0.003316255572239294, 0.003113105936428854, 0.0032162850924503518, 0.003273642419977715, 0.0033280502350996654, 0.003180553154303028, 0.003281612346368281, 0.0033319725113401715, 0.0033796509903134273, 0.0034247597860049598, 0.003614031611621005, 0.004080016006371164, 0.004230887396665777, 0.004295227536677974, 0.004452745083149293, 0.004628924148817974, 0.005010356620978966, 0.004848732213850611, 0.004848732213850611, 0.004862853785461321, 0.004642307659791978, 0.00448198206882916, 0.004571428571428571, 0.0044329011093073075, 0.004505959772278017, 0.004723195044519274, 0.004931531202375181, 0.004854789345773588, 0.004712120714991612, 0.0043974018303019405, 0.004333825194481952, 0.0040317110359686026, 0.003866338245494234, 0.0040406101782088436, 0.004292185590448897, 0.0041403933560541254, 0.0042185208743524, 0.004047876742497106, 0.004363858992465551, 0.004589250972631145, 0.004862853785461322, 0.004865538961693258, 0.005031168160698317, 0.0050860353028700876, 0.004889639192064321, 0.005098859416275249, 0.005174505793221381, 0.005111651356639725, 0.005111651356639725, 0.00489497868499247, 0.004916278665654272, 0.00489497868499247, 0.004886299046041588, 0.005010356620978966, 0.0050860353028700876, 0.004889639192064321, 0.004695460247811231, 0.004810872041108386, 0.004889639192064321, 0.0052021973379387625, 0.0052397226909017824, 0.005113567387702193, 0.0051770293270428, 0.005252793231671496, 0.005049307893571319, 0.004997958767010258, 0.0049447560349220425, 0.004932193286180591, 0.005031168160698317, 0.005149836533962084, 0.00495596939589635, 0.0051390462070667695, 0.0049815987926179126, 0.004889639192064321, 0.004889639192064321, 0.005126959555693246, 0.004602749843566233, 0.004984219997110063, 0.0051466652567760925, 0.0054095908781891956, 0.005483332816409214, 0.005631398854745106, 0.005360475154083919, 0.0055402055513329475, 0.005557271390360781, 0.005615721372238143, 0.0056735692253732165, 0.005716570971611336, 0.005982832582839479, 0.005802743897045076, 0.005787530579105534, 0.005615721372238143, 0.0056313988547451056, 0.005928003415130252, 0.005888210289057556, 0.006001904459657547, 0.0055549205986353085, 0.005414417638799849, 0.005719426259223375, 0.005947251122860657, 0.005943406568009046, 0.005943406568009046, 0.006114018685757831, 0.005836409295910265, 0.006322489822136561, 0.0062706312542303595, 0.006219915348200127, 0.006272713828600042, 0.006357512027804074, 0.006080279263189097, 0.006194665249310927, 0.006186753459395884, 0.0059075876495177536, 0.0057852733518047395, 0.005757550499570285, 0.005757550499570285, 0.005584819073312282, 0.00565685424949238, 0.0055402055513329475, 0.0055402055513329475, 0.005360475154083919, 0.005336665625650533, 0.005010356620978966, 0.00478364560833288, 0.004908302004912552, 0.004634564021940941, 0.004673153897202485, 0.0048108720411083866, 0.005046720495044484, 0.005046720495044484, 0.005421047417431508, 0.005598833697790121, 0.005526042241708152, 0.0053262538046770485, 0.0051390462070667695, 0.005533718534252219, 0.005714285714285714, 0.005714285714285714, 0.00576491853492187, 0.005832491678834481, 0.005533718534252219, 0.005345835686183543, 0.005075109328268461, 0.004889639192064321, 0.004797958749641904, 0.004810872041108386, 0.0045742848219861715, 0.00453125202322263, 0.004563564664708893, 0.0043974018303019405, 0.00432250871978913, 0.004089608533733232, 0.004351870346207948, 0.00451464736345227, 0.004728722483560503, 0.004657055213899243, 0.0046591581967176015, 0.004797958749641905, 0.004864867806581203, 0.005187740650921603, 0.00506222504922288, 0.005284401381347151, 0.005116759178405402, 0.005121224343407561, 0.005545507466519588, 0.005414417638799849, 0.005650501151694965, 0.0053537703670270675, 0.005345835686183543, 0.005212856947108793, 0.0052021973379387625, 0.005507101167157375, 0.005861531456915348, 0.005827450872677468, 0.005719426259223374, 0.00567069084802527, 0.0059499957125691985, 0.005892090859268681, 0.005840883355054006, 0.005840883355054006, 0.005894861131112593, 0.006212035717468312, 0.006148635156334638, 0.00636315927180574, 0.00636315927180574, 0.00643662986986456, 0.006752051842338938, 0.006517292539146629, 0.00616984106566046, 0.006190974338931322, 0.006464976285134149, 0.006311634866964149, 0.005954384424737037, 0.005921389798253206, 0.006173544610774631, 0.006047971493292067, 0.006489677832323184, 0.0063882545283017135, 0.0065132831308685754, 0.0067127657854118465, 0.006612789093252311, 0.007271302272268282, 0.007291482310594622, 0.006951728606055108, 0.006485651352746905, 0.0064122332064482455, 0.006099046429314896, 0.005960961434574946, 0.005825209114228415, 0.005771145679064045, 0.005390240614068264, 0.00536047515408392, 0.005411401417943641, 0.005564317806619355, 0.005705135531130828, 0.005537847515239185, 0.0055053221003472114, 0.005259626742401761, 0.005091168824543142, 0.0054714099216392345, 0.005252793231671497, 0.005237852808242738, 0.005280074210981261, 0.005348888879468143, 0.0051390462070667695, 0.004625395735965271, 0.004625395735965271, 0.004563564664708893, 0.0043974018303019405, 0.004634564021940941, 0.004625395735965271, 0.004673153897202485, 0.004698936049788292, 0.004589250972631145, 0.004742512896284898, 0.00432250871978913, 0.004322508719789129, 0.004199125273342591, 0.004199125273342591, 0.004199125273342591, 0.004491443111572248, 0.0044262666813799055, 0.0044262666813799055, 0.004267771965677221, 0.0042830467889013735, 0.0044329011093073075, 0.004657055213899243, 0.004653548130629104, 0.004648633769008627, 0.004505959772278017, 0.004481982068829161, 0.004835920020945301, 0.004868222656856883, 0.004886299046041588, 0.004732173854345918, 0.004373575569863418, 0.0047294129592133855, 0.004611255086133032, 0.004750767929331778, 0.005026622999142685, 0.005217865698633838, 0.005111012519999519, 0.004952673984004674, 0.004934840733116368, 0.004767920010286435, 0.00478364560833288, 0.004797958749641905, 0.004934840733116367, 0.004848732213850612, 0.004780914437337574, 0.0046626610603029365, 0.004934840733116368, 0.0049029770215114595, 0.005209724032018963, 0.0051770293270428, 0.005082824218957048, 0.0049815987926179126, 0.004969129189099352, 0.0050214234911577635, 0.005149836533962084, 0.005062870041905529, 0.0054095908781891956, 0.005239722690901783, 0.005209724032018963, 0.005255279172762706, 0.006030669912359383, 0.006008972882451776, 0.006063069876434759, 0.006144385192007016, 0.00595219047314276, 0.00595219047314276, 0.005749037186471189, 0.005757550499570285, 0.005457666392239415, 0.005483332816409214, 0.005341558283680821, 0.00534155828368082, 0.005421649722573907, 0.005324414310992529, 0.005478566772208861, 0.005100780252439176, 0.005137139679007439, 0.0052272441718990955, 0.0053610842643812195, 0.005005140214961872, 0.00489497868499247, 0.004939470350851271, 0.0049815987926179126, 0.004969129189099353, 0.004681531233888925, 0.004373575569863418, 0.0046626610603029365, 0.004628924148817974, 0.004780914437337574, 0.004952673984004674, 0.0050828242189570475, 0.0050828242189570475, 0.0050344121923466875, 0.004819009975384689, 0.00504930789357132, 0.005010356620978966, 0.004932193286180591, 0.0048359200209453, 0.004969129189099353, 0.005299210568854688, 0.0054624506722659545, 0.005317049972321425, 0.005237229365663817, 0.005280074210981261, 0.005394479415408433, 0.005730833183716992, 0.005689087298127379, 0.005940658934110641, 0.006049590979595907, 0.006049590979595907, 0.0059075876495177536, 0.00595219047314276, 0.006144385192007017, 0.00595219047314276, 0.0059075876495177536, 0.005821283959641164, 0.005805556803263436, 0.005716570971611337, 0.005716570971611337, 0.005495824017620384, 0.0058587454253605925, 0.005716570971611337, 0.005507101167157375, 0.0055549205986353085, 0.005691956372543519, 0.00564298372371589, 0.005650501151694965, 0.0057575504995702855, 0.0057575504995702855, 0.005691956372543519, 0.005634297305117026, 0.0050570621462485916, 0.0053537703670270675, 0.005052540278444708, 0.005060289577904104, 0.005187740650921602, 0.004929544417414789, 0.004929544417414789, 0.005116759178405402, 0.005304753355554366, 0.005184592558726288, 0.005187740650921602, 0.005126959555693246, 0.004931531202375181, 0.004931531202375181, 0.004931531202375181, 0.005187740650921602, 0.004921589257173595, 0.0049920753526494985, 0.005062225049222881, 0.005052540278444708, 0.005111012519999519, 0.0049920753526494985, 0.004931531202375181, 0.004862853785461322, 0.00472665045140805, 0.004514647363452269, 0.004589250972631145, 0.004859495228678697, 0.004139604634577105, 0.0041372375679766754, 0.0042830467889013735, 0.004363858992465551, 0.004369840981555465, 0.004292185590448897, 0.004351870346207948, 0.00451464736345227, 0.0044380543631880225, 0.004276179870598791, 0.0043974018303019405, 0.00465985898008574, 0.0047294129592133855, 0.004712120714991612, 0.00452042981521511, 0.004221615901088886, 0.004298267330078054, 0.004354870601887463, 0.0043375907918510506, 0.004261646706739218, 0.004295227536677974, 0.004309647459420527, 0.004502334995106791, 0.004354870601887463, 0.004373575569863418, 0.004525483399593904, 0.004143546740636183, 0.004063978145530183, 0.00412142238177302, 0.004227026744893013, 0.004295227536677974, 0.004324774383639886, 0.004403338251270511, 0.004525483399593904, 0.004452745083149293, 0.004276943405980395, 0.004276943405980395, 0.004252442275460355, 0.004120630029101702, 0.004143546740636183, 0.004025226574938589, 0.004227026744893013, 0.00414905939672488, 0.00430358180200291, 0.004487806609387855, 0.004671057215471042, 0.004639493286899301, 0.004517539514526256, 0.004849405602120486, 0.004837945254518109, 0.004865538961693258, 0.004797958749641905, 0.004904974567742842, 0.004978976208181021, 0.004912956630903926, 0.004971100153355782, 0.005036357608349875, 0.005171981028107319, 0.005078325290398602, 0.0051084563745433164, 0.00526272995037863, 0.005197173486126662, 0.005338500897886475, 0.004982254223025673, 0.004712120714991612, 0.004767920010286435, 0.004767920010286435, 0.0047294129592133855, 0.004685017369775916, 0.004685017369775916, 0.004908302004912552, 0.005103980039625739, 0.005095656413624675, 0.004965842510262956, 0.004965842510262956, 0.00516755972093093, 0.0052021973379387625, 0.0051390462070667695, 0.0051390462070667695, 0.005212856947108793, 0.005230366592685215, 0.00517450579322138, 0.005052540278444708, 0.00498749456549241, 0.0049815987926179126, 0.004634564021940941, 0.004634564021940941, 0.004642307659791978, 0.004648633769008626, 0.0044914431115722474, 0.004695460247811231, 0.004878273364665839, 0.00495596939589635, 0.005075109328268461, 0.005075109328268461, 0.005075109328268461, 0.004932193286180591, 0.004810872041108386, 0.004952673984004674, 0.004767920010286435, 0.00465985898008574, 0.004767920010286435, 0.00490297702151146, 0.00490297702151146, 0.004681531233888924, 0.005069959545787163, 0.005133960558906561, 0.004916278665654273, 0.005252793231671497, 0.0053610842643812195, 0.0049815987926179126, 0.005026622999142685, 0.004851425206123685, 0.004969129189099353, 0.004969129189099353, 0.004886299046041588, 0.005111651356639725, 0.005091168824543142, 0.005091168824543143, 0.0050233739373339225, 0.005375682206350508, 0.005436085025840128, 0.005445687303186039, 0.005436085025840128, 0.005537847515239185, 0.0055053221003472114, 0.005589494519148564, 0.005338500897886475, 0.0053145929250680785, 0.005478566772208861, 0.005418637527373577, 0.0052347348528451595, 0.0049815987926179126, 0.004846037725054672, 0.004912956630903926, 0.0046394932868993, 0.0046394932868993, 0.004948056720180403, 0.005013614118638593, 0.00529674524628867, 0.005036357608349875, 0.004997958767010258, 0.004837945254518109, 0.005044131769306037, 0.00488161900209681, 0.005013614118638594, 0.0051084563745433164, 0.005078325290398602, 0.005200313962264437, 0.0053145929250680785, 0.005421649722573907, 0.005436085025840128, 0.005296745246288671, 0.0053145929250680785, 0.005450482098130478, 0.0057422174483808775, 0.005929655666776158, 0.0061523514668318955, 0.0061273558568046595, 0.0060452713853431745, 0.006101187572589321, 0.005827450872677468, 0.00593626007461511, 0.006257599461487462, 0.005854842753949024, 0.005854842753949024, 0.005771145679064045, 0.005685068161420758, 0.005537847515239185, 0.005510065002024079, 0.005478566772208861, 0.005671266640365488, 0.00582801117755571, 0.0057852733518047395, 0.0055549205986353085, 0.0058252091142284145, 0.005910350657783275, 0.0058252091142284145, 0.0057852733518047395, 0.0057620857901511, 0.005329318216532132, 0.0054809503123573935, 0.005737666453056558, 0.005647611017419811, 0.005654544857989934, 0.0055402055513329475, 0.005613395058396715, 0.00582801117755571, 0.006047431568147636, 0.006116688446456989, 0.005993193418115152, 0.005938459911664723, 0.006138004727989082, 0.006066838601136913, 0.006173544610774631, 0.0063759753155489705, 0.006198880741632282, 0.006497220755909438, 0.006167723755692259, 0.005929655666776158, 0.005984469696725049, 0.005798803535987367, 0.005564317806619355, 0.005596500364203563, 0.0055053221003472114, 0.0054714099216392345, 0.005442688411332872, 0.0054594609885696855, 0.005680471380267734, 0.005818478656620734, 0.00595219047314276, 0.00595219047314276, 0.00629557667845335, 0.006347231438885422, 0.006207303137828695, 0.006154474065296576, 0.006084574004507344, 0.006243494573537797, 0.00624976734260842, 0.006197300268039697, 0.006154474065296576, 0.006084574004507343, 0.0060775935087123804, 0.006138004727989082, 0.006259686371487613, 0.006278437346203599, 0.00646497628513415, 0.0063631592718057396, 0.0064325701849007036, 0.006375975315548971, 0.0060452713853431745, 0.006047431568147636, 0.0061273558568046595, 0.00593626007461511, 0.005938459911664722, 0.005841442371503107, 0.005771711449927525, 0.005771711449927525, 0.005657431450070333, 0.005671266640365489, 0.005613395058396715, 0.005445687303186039, 0.005794296985055254, 0.005807243892988572, 0.0057852733518047395, 0.005705135531130828, 0.005654544857989934, 0.005622694538880004, 0.005647611017419811, 0.005671266640365488, 0.0055994168792611885, 0.0055189469566398345, 0.005589494519148565, 0.005622694538880004, 0.005680471380267734, 0.005798803535987367, 0.005768882040742383, 0.005685068161420758, 0.005685068161420758, 0.005910350657783275, 0.005938459911664722, 0.0056273385161646535, 0.005577798556302825, 0.005530767374885879, 0.005705135531130827, 0.005711999542674194, 0.005569010464258476, 0.005421047417431508, 0.005478566772208861, 0.0053507199591861145, 0.0053507199591861145, 0.005411401417943642, 0.005411401417943642, 0.005418637527373577, 0.005450482098130478, 0.005598833697790121, 0.005647611017419811, 0.005329318216532132, 0.005171981028107319, 0.005142222183024751, 0.005046720495044484, 0.0052347348528451595, 0.0052347348528451595, 0.005375682206350508, 0.005289342384185661, 0.0053507199591861145, 0.0053507199591861145, 0.00582801117755571, 0.005589494519148564, 0.005728553615932407, 0.005960961434574946, 0.0059653420792481785, 0.006180416735173136, 0.006257599461487461, 0.006303351878005795, 0.006220440302022069, 0.006281037220987356, 0.006092618484691127, 0.006324555320336759, 0.0062204403020220695, 0.0061459792730280014, 0.006272713828600042, 0.006344658688814634, 0.00654728483995543, 0.006615257565133895, 0.006565711799079475, 0.006646281759336553, 0.006596969000988257, 0.006874264339118887, 0.006984063491774889, 0.006951728606055109, 0.0069427983536605635, 0.00705662230584484, 0.0069427983536605635, 0.0066053781427079005, 0.006773296909216971, 0.006811275166057755, 0.006726857531187795, 0.006712765785411846, 0.006529806072689967, 0.006517292539146629, 0.006543293809508406, 0.006479606941971788, 0.0063631592718057396, 0.006120424154969547, 0.006120424154969547, 0.00629557667845335, 0.006154474065296576, 0.006030669912359383, 0.005903164146351981, 0.0055549205986353085, 0.005540794903555383, 0.005771145679064045, 0.0056775965021139295, 0.005375682206350508, 0.005259626742401761, 0.005259626742401761, 0.005197173486126662, 0.005151738363238695, 0.005421649722573907, 0.005442688411332872, 0.005321347075119002, 0.00539931968503667, 0.005151738363238695, 0.005175136792040045, 0.00534155828368082, 0.005502355710724901, 0.0053610842643812195, 0.0053145929250680785, 0.005436085025840128, 0.005540794903555383, 0.005577798556302825, 0.005436085025840128, 0.005214735792708496, 0.0054624506722659545, 0.005421047417431507, 0.0054624506722659545, 0.0055402055513329475, 0.0054809503123573935, 0.005190257749881414, 0.005113567387702193, 0.005252793231671496, 0.00522536982384198, 0.005209724032018963, 0.0056712666403654875, 0.0057852733518047395, 0.0057852733518047395, 0.005861531456915348, 0.005916976613516227, 0.006148635156334639, 0.00621571412154841, 0.006319907000090739, 0.006268027063223811, 0.006424951361683605, 0.006525804352643404, 0.006724430026676868, 0.006724430026676868, 0.0068685619206019285, 0.006717142249498666, 0.006573167471793557, 0.006717142249498666, 0.006717142249498666, 0.006861427232979257, 0.006768956751982101, 0.006768956751982101, 0.0069145218377627505, 0.006864757676654266, 0.006864757676654266, 0.00674237286396523, 0.0063943852922158295, 0.0062617725859669595, 0.0062204403020220695, 0.006353401788468465, 0.006207303137828695, 0.006190974338931322, 0.006190974338931322, 0.006207303137828695, 0.005921389798253206, 0.005810054620558876, 0.005714285714285714, 0.005730833183716992, 0.005746196612560702, 0.005682195608985624, 0.005771145679064045, 0.00576491853492187, 0.005566078016862135, 0.0054095908781891956, 0.005507101167157375, 0.005447485845857364, 0.005436085025840128, 0.005634297305117026, 0.005852053538053535, 0.0059075876495177536, 0.005897076411585798, 0.006006798869036754, 0.005995372365076115, 0.0062204403020220695, 0.006230406020772119, 0.006247154454270376, 0.006316289274889302, 0.006722973103243741, 0.006626600692262502, 0.006674227005612633, 0.0066717803516920795, 0.007045044574821687, 0.0069045976991968985, 0.006622657460320191, 0.006675694567547536, 0.006722973103243741, 0.0068208563709150965, 0.006720544195652186, 0.00705615956134086, 0.0069045976991968985, 0.00679783879221168, 0.007065408693062277, 0.007065408693062277, 0.006946559859207364, 0.006993407974803187, 0.00670741289582668, 0.0069088526470000204, 0.006809357307321706, 0.006790629798569827, 0.006761234037828133, 0.006765579149229562, 0.006765579149229562, 0.006867135576090526, 0.006565214453186319, 0.0067713682938848165, 0.006473052461031449, 0.006375463168448618, 0.006477086772710744, 0.006525804352643403, 0.006477590885002648, 0.006577140374828872, 0.0064755742003693995, 0.006424951361683604, 0.006322489822136561, 0.006375463168448618, 0.006322489822136562, 0.006469520374614414, 0.006663945022680343, 0.006525804352643404, 0.006675694567547535, 0.00662709343128183, 0.006912160240017115, 0.006724430026676868, 0.00662709343128183, 0.006477086772710744, 0.006426475848918651, 0.0065273052851628054, 0.006622657460320191, 0.006861427232979258, 0.006861427232979258, 0.006809357307321706, 0.0070027399885286895, 0.0069145218377627505, 0.00722806322324201, 0.007039944341152891, 0.007157242656846252, 0.007157242656846252, 0.0068457047459986, 0.006899393643869092, 0.006963461489687966, 0.006963461489687966, 0.007148569144683888, 0.007148569144683888, 0.00697236527664898, 0.006773296909216971, 0.0066781397874264474, 0.006629064021105722, 0.006726857531187795, 0.0070153185157589976, 0.007076953108939076, 0.007061710494068758, 0.007284313590846836, 0.0072117817436724565, 0.007148569144683888, 0.007129816667649016, 0.007030661710083387, 0.006905070600652828, 0.00710779968249884, 0.007375192837326703, 0.007387137193687914, 0.007082487744646032, 0.007036232758271391, 0.0067249155976798975, 0.006517292539146629, 0.0063759753155489705, 0.0063759753155489705, 0.006455372703004365, 0.006529806072689968, 0.006663945022680343, 0.0068571428571428585, 0.006918298717376776, 0.0068093573073217065, 0.0069216017964465, 0.007153591933498892, 0.0073178562713518275, 0.007450517034517313, 0.007537660547584525, 0.007480696246107752, 0.00746627792962792, 0.007651170378658765, 0.007653303941729336, 0.007822103689062743, 0.007475019623208152, 0.007373421657465109, 0.007337463277382639, 0.007019041157844154, 0.007353910524340095, 0.007398179588553511, 0.007241152236646163, 0.00695360719779486, 0.007036232758271391, 0.007182745765700878, 0.007104583171503895, 0.0069840634917748895, 0.007028339136695679, 0.007028339136695679, 0.007120651197003527, 0.00710779968249884, 0.006981725416823435, 0.006761716965869735, 0.006821335077893327, 0.006676183683170241, 0.006676183683170241, 0.006684004665419297, 0.006477590885002648, 0.006527805519311921, 0.00654728483995543, 0.006533305567065807, 0.0069164105353772595, 0.006821335077893327, 0.006963461489687966, 0.006981725416823435, 0.006869037302955033, 0.006869037302955033, 0.006963461489687966, 0.0070838707279139365, 0.006821335077893327, 0.0068495195720099196, 0.006869037302955033, 0.006963461489687965, 0.0069164105353772595, 0.007037624831241441, 0.007074645732819274, 0.007137598063946231, 0.007137598063946231, 0.007076953108939076, 0.007538093734019043, 0.00753072617578769, 0.0074175742775698114, 0.007478513439535034, 0.007616952092777889, 0.007659701065195904, 0.007934836649425193, 0.0079113455085151, 0.007928249671720919, 0.007820016180368459, 0.007861661038591925, 0.007596347135032625, 0.007509884642718474, 0.007509884642718474, 0.007289242843018046, 0.007390672555074168, 0.0074070016517743375, 0.007522049221441981, 0.007404797121337172, 0.007494215456345144, 0.007555400825413107, 0.007555400825413107, 0.007384042363953031, 0.007295064028757628, 0.0072730983207759175, 0.007137140569598169, 0.007180927118813718, 0.007064022095326805, 0.00694984950651921, 0.007021366806878465, 0.006927731907901395, 0.006927731907901395, 0.006855237830614319, 0.006876638951210549, 0.006876638951210549, 0.006855237830614319, 0.006855237830614319, 0.007021366806878465, 0.00706771908477017, 0.007110096299471274, 0.0071809271188137186, 0.00717546841249932, 0.007246561464668915, 0.006951728606055108, 0.007250165374609305, 0.007424614330669551, 0.0073552424730075824, 0.00754848275064166, 0.007596347135032625, 0.007509884642718474, 0.007450517034517313, 0.007253317326913112, 0.0071959172097652655, 0.0072194747957542325, 0.007148569144683888, 0.00695360719779486, 0.006752051842338938, 0.006642350211072179, 0.006800240091799881, 0.006614763944451557, 0.006778597772039733, 0.006857619031085805, 0.006869037302955033, 0.00693479838001283, 0.006743825596311739, 0.006869037302955033, 0.00680168046462469, 0.006999008676161189, 0.007056622305844839, 0.006991073024995257, 0.007028339136695679, 0.007122943670324246, 0.007494651153880836, 0.007494651153880836, 0.0076242363284355725, 0.007666944685878889, 0.007709416452677617, 0.00756533447471331, 0.007934836649425193, 0.008251159473253515, 0.008091315576289311, 0.008121927990675262, 0.007828362875219982, 0.0077072984228970815, 0.007729720009713899, 0.007644766116735805, 0.0077718487281380625, 0.007835033829029765, 0.0077718487281380625, 0.00789357785979029, 0.007709416452677617, 0.0076937292250088395, 0.00788861230392473, 0.007868718745378917, 0.0077747891893462625, 0.007822103689062743, 0.0077936656644865075, 0.007808315818303416, 0.007538093734019042, 0.0076392114135169845, 0.0077242263994129375, 0.007780247097487277, 0.007847110478204246, 0.007678860459676531, 0.0074369183874801814, 0.007653303941729336, 0.007835033829029765, 0.0077381641022576785, 0.007695850989265553, 0.007763441273569554, 0.007969328960560774, 0.007878257343823582, 0.007919595949289333, 0.007732676490988467, 0.007743226137754739, 0.007886956423909864, 0.007886956423909864, 0.008, 0.008030960498633537, 0.00819198214283768, 0.00811187086802988, 0.00819198214283768, 0.008071517066518662, 0.008024859335025057, 0.008098979527555006, 0.00821149020754281, 0.007970967728614402, 0.007987336916670546, 0.007987336916670546, 0.008041118817474015, 0.007653303941729336, 0.007888612303924732, 0.007888612303924732, 0.007858337571506783, 0.008001632486497965, 0.007992241135460501, 0.00794100697876124, 0.007929896929098287, 0.007910107200181763, 0.008022824582758511, 0.007876599286908698, 0.007917946548886296, 0.007929896929098287, 0.008103816183422097, 0.008213080656949073, 0.008280786712108251, 0.008241656263105352, 0.008241656263105352, 0.008121525944886798, 0.008252742277694174, 0.008252742277694174, 0.008252742277694174, 0.008092929642847616, 0.007905152027091482, 0.00762380803664362, 0.007580856663669485, 0.007506840417993744, 0.007518575635839327, 0.00722806322324201, 0.00722806322324201, 0.007045044574821687, 0.007045044574821687, 0.006965336917001714, 0.007137140569598169, 0.0071959172097652655, 0.007122943670324246, 0.00722806322324201, 0.007253317326913112, 0.007330784962285097, 0.0075068404179937445, 0.00794100697876124, 0.007868718745378917, 0.007847110478204244, 0.007751234266428878, 0.007751234266428878, 0.007863737492244944, 0.0077381641022576785, 0.007886956423909863, 0.00782836287521998, 0.007985292603228994, 0.007828362875219982, 0.007598496091802828, 0.007659701065195905, 0.007598496091802828, 0.007598496091802828, 0.00777814835527934, 0.007761758689832071, 0.007761758689832071, 0.007744491129644533, 0.007659701065195904, 0.007573961840356979, 0.0077936656644865075, 0.007808315818303417, 0.007932778806435784, 0.007932778806435784, 0.007932778806435784, 0.008121525944886798, 0.008149220571218288, 0.00801468040790251, 0.007946350721930059, 0.008081220356417687, 0.008081220356417687, 0.008173226575414463, 0.00822380814514561, 0.00831266552696939, 0.008530952048695552, 0.008376449006541118, 0.00842193443288635, 0.008581327617185431, 0.008744537653616125, 0.008786260145644379, 0.00878179936004006, 0.008593875370143032, 0.008637459944087399, 0.008443231802177773, 0.008636325749355429, 0.008713114675415376, 0.008445165263423246, 0.008211092547056483, 0.008445165263423246, 0.008446711713768276, 0.008637837975903414, 0.008787374988224498, 0.00904410959505395, 0.00907870349459972, 0.009112807761942662, 0.009112807761942662, 0.00904085963043022, 0.00897124658596131, 0.008971610553204333, 0.00897124658596131, 0.00889815390163279, 0.00882149508361276, 0.008965785304280322, 0.008787374988224498, 0.008675557971822272, 0.008892647731326671, 0.00878179936004006, 0.008744537653616125, 0.008711615515962536, 0.008747151139726836, 0.008674052321347237, 0.008561899465012398, 0.008561899465012398, 0.008712739909735277, 0.008674052321347237, 0.00832836314368323, 0.008290245066661546, 0.00836747834640467, 0.00832993127835043, 0.00832993127835043, 0.00824957636512819, 0.008171228768786046, 0.008171628369185767, 0.008211490207542808, 0.008446711713768276, 0.008561899465012398, 0.008637459944087399, 0.008712739909735277, 0.008637837975903414, 0.008711615515962536, 0.008712739909735277, 0.008560373823613078, 0.008675557971822272, 0.008713114675415374, 0.008750137025166159, 0.008784401760263148, 0.008711615515962534, 0.00886027594355381, 0.00882445581371244, 0.00882445581371244, 0.008786260145644379, 0.008933678539375477, 0.008971610553204333, 0.009043748545548026, 0.008933678539375477, 0.008824825835131715, 0.008712739909735277, 0.008672169890647029, 0.008823345656349896, 0.00886138147427663, 0.00882445581371244, 0.008750137025166159, 0.008598433649478827, 0.008596534660156108, 0.0084370417487048, 0.00838891396731546, 0.008509874216677558, 0.008509874216677558, 0.008509874216677558, 0.008666143364630343, 0.00892929139954337, 0.00885253336275981, 0.008669533800991298, 0.008543191584471203, 0.008624218391085818, 0.008737066242773501, 0.008737066242773501, 0.008537456486876295, 0.008499123604279228, 0.008460617047020065, 0.008543191584471203, 0.008672169890647029, 0.008672169890647029, 0.008675181583702101, 0.008675557971822272, 0.008523293413478437, 0.008560373823613078, 0.008440524212369268, 0.008320125587749163, 0.008320125587749163, 0.008084856087722506, 0.008168031261808291, 0.008006527948862625, 0.008036244426956905, 0.00829811879344976, 0.007949226634184778, 0.007917946548886296, 0.008315807420883704, 0.008280786712108251, 0.0084370417487048, 0.00839397257025564, 0.00838891396731546, 0.008586272860365729, 0.008586272860365729, 0.00877845228327841, 0.008806676502541022, 0.008843676398698562, 0.008911721242846641, 0.008978523127498219, 0.008978523127498219, 0.008978523127498219, 0.0087877465709884, 0.0087877465709884, 0.008724724426967916, 0.008573713981033624, 0.008863223719047011, 0.008873165231443051, 0.00877138203803385, 0.00877138203803385, 0.008799257853677786, 0.009064305414815921, 0.009045553648966245, 0.009127129329417788, 0.008863223719047013, 0.008873165231443051, 0.00900938286409434, 0.008951205596602788, 0.00877845228327841, 0.008836288813749808, 0.008973066274543333, 0.008889342392059454, 0.008654455028292348, 0.008616642653159343, 0.008666143364630343, 0.008658981417214929, 0.008545102428303834, 0.008629895830241308, 0.008658981417214929, 0.00878923274494981, 0.008863223719047011, 0.008899988534732353, 0.008946462075785568, 0.008909889025626503, 0.008808530188495279, 0.00862118889476293, 0.00862118889476293, 0.008515627890375844, 0.008290638930598233, 0.00813157112614726, 0.008010197582214962, 0.008032993190077825, 0.007878257343823582, 0.00778528177042411, 0.007910107200181761, 0.007919595949289333, 0.00794100697876124, 0.007868718745378917, 0.007982020612678503, 0.008011827990858393, 0.00809575348499421, 0.008176022684580536, 0.008068684742223341, 0.008162032559981863, 0.008066661044581163, 0.008041118817474014, 0.008028113865964904, 0.007946350721930059, 0.007891509257888946, 0.008011827990858393, 0.007847110478204244, 0.007743226137754739, 0.007969328960560773, 0.008154027426082532, 0.008321695274696015, 0.008307950458225334, 0.008176022684580536, 0.008215863202565225, 0.008280786712108251, 0.008280786712108251, 0.00842503557795431, 0.008419995637208624, 0.008477196302012662, 0.0084370417487048, 0.008535543931354441, 0.008601471160356755, 0.008666143364630343, 0.008527889419966916, 0.008563424834606722, 0.008213080656949073, 0.008092929642847616, 0.008000408152853508, 0.008187197571918773, 0.008066661044581164, 0.008226983973858371, 0.008176022684580536, 0.008305985056277313, 0.008195170304913171, 0.008091315576289311, 0.008091315576289311, 0.008034212558090023, 0.007828362875219982, 0.0078104064541860965, 0.007683961563290283, 0.007683961563290283, 0.007683961563290283, 0.007761758689832071, 0.007820016180368459, 0.007719574906346454, 0.007616952092777889, 0.007468464312271532, 0.007598496091802828, 0.007616952092777889, 0.007896886495735557, 0.007959079015533783, 0.007959079015533783, 0.00856799931401129, 0.008417280573017508, 0.008455984476652483, 0.0084370417487048, 0.00835927933618731, 0.008626868327664282, 0.008606025416496731, 0.008702239918080673, 0.00873968196311093, 0.00873968196311093, 0.008824825835131715, 0.008935140440635366, 0.008883463196712583, 0.008809642212846521, 0.008977432022259245, 0.008814088907272612, 0.0087564786511101, 0.008883463196712583, 0.009228527200247843, 0.009334071885259063, 0.009278986573798602, 0.009023868576261107, 0.00877845228327841, 0.008804080686516558, 0.008975613218775706, 0.009119971356918858, 0.008975613218775706, 0.009377001827093036, 0.009501879513323366, 0.009501879513323366, 0.009609858883204375, 0.009472969062397642, 0.009541659462909084, 0.009475726238927654, 0.009475726238927654, 0.009475726238927654, 0.009493284414763513, 0.009510123499702402, 0.009609858883204377, 0.009629885455058695, 0.009629885455058695, 0.009646486089636527, 0.009556363410453428, 0.00957036241396813, 0.00964208462514032, 0.009562170362465643, 0.009446390089038548, 0.009377001827093036, 0.00941175990396036, 0.00941175990396036, 0.009505658894595795, 0.009471245419474588, 0.009378742790296076, 0.009408983982972696, 0.009408983982972696, 0.009536182439016364, 0.009390920495622462, 0.009616652224137046, 0.009563194752672928, 0.009410719029546107, 0.009264899748347996, 0.009328472981322576, 0.009328472981322576, 0.009425627245949834, 0.009425627245949834, 0.008946462075785568, 0.00905529498950414, 0.009224280293810217, 0.009259611663739755, 0.009238429056315334, 0.00929480873325294, 0.009045553648966245, 0.00897306627454333, 0.009081580371323943, 0.009091283109189186, 0.009214008855198342, 0.009468831792264772, 0.009537551989854821, 0.009580933446918715, 0.009716302311694758, 0.00931971796017148, 0.009203016364436262, 0.009297267538017252, 0.009143214278739112, 0.0092012421521693, 0.009101334282086648, 0.009101334282086648, 0.009071507311244323, 0.008985793776618645, 0.008861749953869041, 0.008809642212846521, 0.008867643544979485, 0.008920144594783021, 0.008920144594783021, 0.008997414594635234, 0.009085893978456666, 0.00936898922956332, 0.009318316393435203, 0.009266661772621426, 0.009284615319583956, 0.009284615319583956, 0.009318316393435203, 0.009301832165366834, 0.009157488293016524, 0.009177078811375876, 0.008997414594635234, 0.009033633300740345, 0.009085893978456666, 0.009085893978456666, 0.009141428459803987, 0.009228527200247843, 0.0092789865737986, 0.009293403409880338, 0.0093839637419485, 0.009212591206316161, 0.009398219544799158, 0.00943670644724252, 0.00931971796017148, 0.009293403409880338, 0.00917992485852489, 0.009055294989504139, 0.00919840270073549, 0.009259611663739755, 0.00929480873325294, 0.00946883179226477, 0.009521104377719455, 0.009732420048477151, 0.009799291936103321, 0.009799291936103321, 0.009739463170891036, 0.010004080800006627, 0.010048372799531642, 0.01005324599828537, 0.010048372799531642, 0.009831228876620145, 0.009736445313713767, 0.009806287029560296, 0.010197718832550499, 0.010031460715251427, 0.01009635213978852, 0.010163078434475753, 0.01019675818831752, 0.009971060165114166, 0.009771595654377695, 0.009867365299773981, 0.009867365299773981, 0.009767584874763785, 0.009831228876620145, 0.009831228876620145, 0.009864386572361182, 0.01022873104424543, 0.010197718832550499, 0.010259012961234404, 0.010036667468714455, 0.010325320571195801, 0.010069148678117769, 0.010068824384693375, 0.009938258378198703, 0.009739127899606717, 0.009568997559081844, 0.009568997559081844, 0.009637003514303284, 0.009498786173796639, 0.009570021218495232, 0.00957036241396813, 0.009672177645606145, 0.009570021218495234, 0.009501535858663557, 0.009671840041890601, 0.009466072607594182, 0.00956729121666576, 0.009567291216665759, 0.009564901825882767, 0.009464347708691836, 0.00936201617915583, 0.009429783471879437, 0.009357829854824072, 0.009257848297635948, 0.009293403409880338, 0.00918596978093911, 0.009112807761942662, 0.009043748545548026, 0.009043748545548026, 0.009043748545548026, 0.009328122938245422, 0.009258200997725514, 0.009363411204670822, 0.009363411204670822, 0.009467452300446223, 0.00929305204583137, 0.009637003514303284, 0.009603060736567486, 0.009570021218495232, 0.0096718400418906, 0.00963801995076938, 0.009396829686828707, 0.00929199787396639, 0.00931586314425287, 0.009134281692657412, 0.009174587795889786, 0.009071147352221453, 0.009169959828990862, 0.008749017437543999, 0.008861749953869041, 0.008750137025166157, 0.008749017437544, 0.0087370662427735, 0.008892647731326671, 0.009146070863758817, 0.008998866141727783, 0.00904266531053579, 0.009150354069206106, 0.009151424557333762, 0.00904085963043022, 0.00892929139954337, 0.00889264773132667, 0.008858433085749075, 0.008750137025166159, 0.008968334316257577, 0.009002131266924448, 0.009038331072240524, 0.00904266531053579, 0.009080142046897544, 0.009151781358883981, 0.009080142046897544, 0.009004669990213581, 0.00892929139954337, 0.009004669990213581, 0.009004669990213581, 0.009004669990213581, 0.00913892772703669, 0.009164616963170509, 0.009169959828990862, 0.009169959828990862, 0.009210109795707085, 0.009210109795707085, 0.009264899748347996, 0.009404818565230164, 0.009375957094002267, 0.009381179595991376, 0.009479860500136108, 0.009604420750840921, 0.009698811204240971, 0.009657311917370575, 0.009749850862281674, 0.009682637522274346, 0.009849810937789825, 0.009882906289887297, 0.009953032560122425, 0.010158257925531948, 0.010242448686815122, 0.010261877140610269, 0.010190351579122403, 0.010328798653892574, 0.010349327100279101, 0.010598421137709375, 0.010483495288756882, 0.010576523868590149, 0.010491901638883201, 0.010452301767787702, 0.010452301767787702, 0.01056756686223253, 0.010443238218569751, 0.010452301767787704, 0.010452301767787704, 0.010294916518478863, 0.01034901158644276, 0.010525459900757258, 0.010525459900757258, 0.010482249330196652, 0.010654959561880378, 0.01062426948268992, 0.010719731949131213, 0.01082431126149439, 0.010837275054747152, 0.010819483559292279, 0.01094431172727063, 0.011092486885551069, 0.01096070904901425, 0.011006194916073958, 0.01096070904901425, 0.010957133544417722, 0.010720950308167838, 0.010705405844045068, 0.010658636433064264, 0.010566330817212545, 0.010705405844045068, 0.010658636433064264, 0.010520805432036822, 0.010613506989315308, 0.010562621814295764, 0.010252645253488367, 0.010343962056214639, 0.010317727957456604, 0.010114124292497183, 0.009910950447636705, 0.01000930179627828, 0.009905677613348408, 0.010055844071981228, 0.010198039027185569, 0.010230007879981804, 0.01022234447329047, 0.010216912749086633, 0.010074335953201043, 0.010027228237277187, 0.01012445009844576, 0.010337646674921241, 0.01039340450203191, 0.010410669566186727, 0.01031614545956275, 0.010109280440288922, 0.01030125809633692, 0.01030125809633692, 0.010395917566084118, 0.010332907605888902, 0.010332907605888902, 0.010441987456457526, 0.01045854791497347, 0.01045854791497347, 0.01045854791497347, 0.01045854791497347, 0.010536622236906157, 0.010733430514623221, 0.010733430514623221, 0.010957133544417722, 0.011028719466067875, 0.011092486885551069, 0.011117186547624981, 0.011117186547624981, 0.011033455617219062, 0.011033455617219062, 0.01107569503047837, 0.011163789861943508, 0.011209616862501664, 0.011033455617219062, 0.01096070904901425, 0.010976486929164652, 0.01091682842482847, 0.010751364412701017, 0.0106892278409965, 0.010763809355276351, 0.010580227998006278, 0.01061104545811984, 0.01061104545811984, 0.010520805432036822, 0.010410669566186725, 0.010562621814295762, 0.010525459900757258, 0.010544366906997678, 0.010536932133002955, 0.010536932133002955, 0.010822802835887282, 0.010872170051680256, 0.010813143929156452, 0.010737992819699515, 0.010729779273839054, 0.010751364412701017, 0.010729779273839054, 0.010598421137709375, 0.01058485633693105, 0.010561694360049528, 0.010715161868938379, 0.010707540734054135, 0.01054560552639664, 0.010514596268705592, 0.010514596268705592, 0.010536622236906157, 0.010358157585759573, 0.010167254360174618, 0.010143782653951742, 0.010374537117778472, 0.010279680770077146, 0.01018394093959821, 0.010255192811051226, 0.010255192811051226, 0.01035027358408009, 0.01035027358408009, 0.01031139650867833, 0.010356896548795349, 0.010451052090383932, 0.010456986727952342, 0.010456986727952342, 0.010425713894217587, 0.010488166315093464, 0.010482249330196652, 0.010599653440618919, 0.010419761445034554, 0.010444488830899074, 0.01041317846357613, 0.01031139650867833, 0.01031139650867833, 0.010388376550113054, 0.010419761445034552, 0.010437295763613429, 0.010451052090383932, 0.010451052090383932, 0.010351850864774404, 0.010446051885760477, 0.010477264014259151, 0.010564167390431733, 0.010874872741455741, 0.010713638075664425, 0.010748023074035521, 0.010864959592137262, 0.010868865851502593, 0.010898867194458742, 0.011080411102665895, 0.011200291541395022, 0.011139193536924531, 0.011231442744476284, 0.011519920634647246, 0.011262797709490211, 0.01130677961694321, 0.01171191613664633, 0.011473056280179368, 0.011436854141461332, 0.01184967062316717, 0.011899991425138395, 0.01202473640934743, 0.01205402803367964, 0.01243142824309682, 0.01245897758441597, 0.01259244995695307, 0.012481758117920957, 0.012520415980570718, 0.012577920401745792, 0.012332535366721175, 0.012440880604044139, 0.012525630865207091, 0.012315313182193548, 0.012525630865207091, 0.012879345908096737, 0.013061862229328525, 0.01301954574586116, 0.012865140369801405, 0.012552973466758498, 0.012879345908096737, 0.012701663076068391, 0.012886696193187384, 0.012904674046441389, 0.012863109726529378, 0.012837699584125065, 0.013039594334493816, 0.012870215576267238, 0.012879599436032669, 0.012896827643467447, 0.013071608117424197, 0.013111764463524302, 0.013203833704261649, 0.013254186862563659, 0.013425531570823691, 0.013700230893332135, 0.013470209004029779, 0.013690455486526788, 0.013754464952241835, 0.013659174983302973, 0.013980511216602596, 0.014205489022464058, 0.014119952592855606, 0.014201120967539635, 0.014371172959953476, 0.014667804532237207, 0.014610926858809107, 0.014588561356383966, 0.01441563776753904, 0.014048545570736539, 0.013767515745257688, 0.013504103684677877, 0.013738074605910066, 0.013960644391887314, 0.013880892754915636, 0.014228456683415693, 0.014229374618753147, 0.014172350200445995, 0.013904396603159707, 0.014182484166846693, 0.014305357923034376, 0.014456352321695108, 0.014270620597748997, 0.014308324963646377, 0.014512260826132994, 0.014489743029509684, 0.014352074442962123, 0.014388430726646676, 0.014338417070291707, 0.014496952529861619, 0.01420548902246406, 0.014258030318786271, 0.014426506217121769, 0.014439175735420888, 0.014579605548820025, 0.014928400545843578, 0.01562833637848839, 0.01572332207718385, 0.015681732515697284, 0.015579997642188918, 0.015381727829486783, 0.0156544314649174, 0.015830943607700838, 0.015803693704127448, 0.015402093682221204, 0.015359634349389271, 0.015373234094705389, 0.015494251732003512, 0.015786535208130725, 0.015727474984489887, 0.01549066868558393, 0.015342404888253407, 0.015295724359227627, 0.015243546643931467, 0.015130668949426619, 0.015359634349389271, 0.015317057318491669, 0.015434073093156517, 0.015221038072352358, 0.014766536907646895, 0.014796579858541773, 0.014513835763554325, 0.014519459145489924, 0.013986815949606372, 0.014342743312012723, 0.014365491531401754, 0.0145077600628359, 0.014641289114650237, 0.014703380147268928, 0.0150156381068239, 0.015174844920701723, 0.015166235323162797, 0.015251042118959795, 0.01533836060739377, 0.014857142857142857, 0.01505885054019186, 0.014971210467331719, 0.015221038072352358, 0.015398701243936124, 0.014794593607125543, 0.014862636347017089, 0.014750385674653406, 0.014859120747465345, 0.014716033183336507, 0.014854725077996466, 0.014976226057948494, 0.014998013473899311, 0.015019769285436945, 0.015092855452640023, 0.015003455384323565, 0.01516171332733897, 0.015317910018894182, 0.015317910018894182, 0.01521846354442725, 0.014813121596360824, 0.014910015809132175, 0.01476543122240842, 0.01458744218112809, 0.014342970972798161, 0.01445612644648402, 0.014326570149372737, 0.014440080275654528, 0.014433521074645815, 0.014251387329531344, 0.01402621452415266, 0.014016666464445467, 0.013894999834766579, 0.014342743312012724, 0.01430284686946723, 0.01452395628341152, 0.014613608418881633, 0.014635712542703655, 0.014698271451890845, 0.014653772934793613, 0.014596616885079771, 0.014581173212224657, 0.014429222050394534, 0.01434934400832971, 0.01450685974261269, 0.014484333549298943, 0.014582292868617144, 0.014424695377535495, 0.014457029926154066, 0.014734438349302213, 0.014892485435580576, 0.014920524146836346, 0.01472468425911443, 0.014860658924605913, 0.01490629232976491, 0.015033893680070824, 0.015342404888253407, 0.01561914053398612, 0.015663606590711202, 0.015413961336451855, 0.015508575639540433, 0.015269230096999062, 0.015269016246728441, 0.015216746950485246, 0.015392762677867246, 0.01539764095369078, 0.015032807659331272, 0.014808932770322051, 0.015068605016485671, 0.015481601984290902, 0.015117714976888835, 0.014966629547095765, 0.01462767854417907, 0.014743300104087404, 0.014605338694030582, 0.014806286585399446, 0.014582964621189243, 0.01448681314513447, 0.01445635232169511, 0.014632142421283861, 0.01464998432819389, 0.014897527530788867, 0.014988648766207537, 0.014828323697352624, 0.014561677409542895, 0.014742635657251014, 0.01483602895326242, 0.014901910574671632, 0.014667804532237209, 0.014752377878200669, 0.014719361121894342, 0.014483431772835034, 0.0147266799395117, 0.014971864770090517, 0.01495025765937272, 0.014906511383709239, 0.01492840054584358, 0.014574005374400725, 0.014752156535536748, 0.01488371250593022, 0.014882615526108279, 0.015100425727205744, 0.01518667514766864, 0.015311726865113442, 0.015653597095901514, 0.01568277359892382, 0.015514259405397319, 0.01550773342298504, 0.015278422827033969, 0.015482234717143863, 0.015724360406836318, 0.01591015591452484, 0.01590276577151514, 0.016077567081660898, 0.01617475987898606, 0.015847435896377556, 0.015634394318753946, 0.015655265789464436, 0.015847435896377556, 0.015773912847819725, 0.01594459795923474, 0.015529616208774662, 0.01567006765805953, 0.015738474889160473, 0.015717713911769897, 0.01573992713205652, 0.015835893097772592, 0.015724983371718276, 0.015835893097772592, 0.015702541065648175, 0.015598220725323717, 0.015811336671734583, 0.015707738895986582, 0.01554054604666681, 0.015167096502842283, 0.015587331328973015, 0.015549788370500318, 0.015384911771085384, 0.015327925695359075, 0.015144689916041901, 0.01507532109516905, 0.015228115779835719, 0.015375570339512812, 0.015502468532857755, 0.01536728568706117, 0.015007807491911856, 0.014667804532237207, 0.015216746950485246, 0.01506578770538313, 0.014841530258304338, 0.015059934682894916, 0.01504691981497766, 0.015003455384323565, 0.014901034069034626, 0.015016507923085235, 0.015344958621711589, 0.015269016246728443, 0.014972955211149937, 0.015333037559998559, 0.01542560818104434, 0.015488982259289066, 0.015426666549074252, 0.015473796151783141, 0.015599895342401422, 0.01561600434928009, 0.015536973676376237, 0.01576169471878463, 0.015447818682287033, 0.015541176379711611, 0.015687561691886176, 0.016131905260908855, 0.01603037932253912, 0.015948693248242333, 0.015978761414031144, 0.01587707884508549, 0.01577391284781973, 0.016, 0.016263142252294523, 0.016422980415085615, 0.016293030937884367, 0.016272977475507284, 0.015596755287886134, 0.015680274883054932, 0.01585320414404145, 0.015770600392334272, 0.015887153069479163, 0.01566923412165329, 0.015341766388469331, 0.015410359621808615, 0.015350915680991084, 0.01542327951573232, 0.015290386468868175, 0.015146414676451335, 0.01521781984439054, 0.01509177367485549, 0.01522618582225626, 0.015123113813913172, 0.015443590573306402, 0.015675276256394515, 0.015632723397294747, 0.015819595185615043, 0.01562833637848839, 0.015854233967425784, 0.015717713911769897, 0.01564921592871903, 0.015663606590711202, 0.015404425550166167, 0.015219536317322079, 0.015387458450017677, 0.015153311754954992, 0.015282055636915995, 0.015055597643672711, 0.015004978765566515, 0.015001714187766297, 0.014901910574671632, 0.014993876301030773, 0.014663574194692962, 0.01476366195378756, 0.014879982444580383, 0.014697160630960148, 0.014690049387949931, 0.014862636347017089, 0.014932555859255838, 0.014940644468792407, 0.014600866622308724, 0.01469382766431441, 0.014840650186537773, 0.015173768988162516, 0.015200644454651741, 0.015686937240902064, 0.015592567564878665, 0.015523517379664143, 0.015696925475638696, 0.015705244152115275, 0.015411419037022318, 0.015390216876646153, 0.015488982259289068, 0.015383213750907919, 0.015552098093249053, 0.01566673324634861, 0.015657768496363533, 0.015543697456276125, 0.015731626795492355, 0.01569089167742398, 0.015918158031067567, 0.01588221955392834, 0.015951764025028833, 0.015951764025028833, 0.015599895342401422, 0.01577908716741037, 0.01566923412165329, 0.015710856768749542, 0.015701085364797335, 0.01549003629723946, 0.015663606590711202, 0.01606618962229663, 0.01582784939044249, 0.01591015591452484, 0.015865557612871565, 0.015607428895711614, 0.015732457026212805, 0.01563021668018034, 0.01548581971498112, 0.015080518585788969, 0.01500780749191186, 0.01496859297028963, 0.014794593607125544, 0.014594603419743609, 0.01449875434480564, 0.014473282916026583, 0.014829865068812448, 0.014788633252244365, 0.01459572204588784, 0.014482304473292325, 0.014506634653826223, 0.014461546477836049, 0.014412919374573606, 0.014390246129704293, 0.01445612644648402, 0.014435557007696274, 0.014414505166105198, 0.014228456683415694, 0.014248866764821427, 0.01452373145958724, 0.014527328223252974, 0.014615395852263713, 0.014702491806021265, 0.014702491806021265, 0.014685825458167311, 0.014685825458167311, 0.014730005472656479, 0.015209234573985984, 0.015144689916041901, 0.0148624166464081, 0.014906292329764911, 0.014993876301030773, 0.014883712505930222, 0.01507878628797316, 0.015026724492702719, 0.0150590673749765, 0.015084848460001993, 0.015231546211727816, 0.015465564117399267, 0.015216746950485246, 0.015167957633627218, 0.015339212123555386, 0.015439149812692909, 0.015339212123555386, 0.015296578248825748, 0.01530767447913574, 0.015174844920701725, 0.01542327951573232, 0.015252968931473302, 0.015227043611379627, 0.014994747379652378, 0.015383213750907917, 0.015102371755888584, 0.014900157511836949, 0.01492293126537211, 0.014931899834015135, 0.015183234577813055, 0.015438303808702428, 0.015300846982025112, 0.01516085184187975, 0.015385972938534182, 0.015256393775083553, 0.015533820902686329, 0.015311726865113444, 0.015490036297239461, 0.015562172871736002, 0.015612658391216287, 0.015612658391216287, 0.015799767500226845, 0.015645877073138314, 0.015522675973805388, 0.01542835978690819, 0.015236690411433761, 0.01505277789808179, 0.015167096502842283, 0.015225327984805383, 0.015234975871195804, 0.015213527814791301, 0.015274361605284182, 0.015375782707802262, 0.015319402130391808, 0.015607428895711614, 0.015453736091433471, 0.015453736091433471, 0.015614958814403265, 0.015592567564878663, 0.015502468532857755, 0.015402093682221204, 0.015587331328973015, 0.01577908716741037, 0.015886125380086758, 0.01583094360770084, 0.015724360406836318, 0.015679233633916514, 0.015675276256394515, 0.015595708462554037, 0.015616631636606832, 0.015570773249644242, 0.015566368771640157, 0.01572332207718385, 0.0157855009681773, 0.015992038835697248, 0.01588221955392834, 0.015975695826562834, 0.015785500968177303, 0.01568693724090206, 0.01568277359892382, 0.015637526815259477, 0.015623321134294916, 0.015892701443860117, 0.016, 0.016206020549191475, 0.016004285140459817, 0.01592308041165146, 0.01584084104137022, 0.015716675143013566, 0.015673401360396588, 0.015694220956408492, 0.01571355842472821, 0.015775775798382033, 0.01564921592871903, 0.015584188742937832, 0.015626037924710467, 0.015732457026212805, 0.01553634317282138, 0.015727474984489887, 0.01567006765805953, 0.015786535208130725, 0.01591015591452484, 0.016099486618763814, 0.016106786502234748, 0.016097863972893915, 0.01594459795923474, 0.015991017886964685, 0.015877901470346793, 0.015933740352869225, 0.01573432488516227, 0.015652554072086506, 0.015652554072086506, 0.015652554072086506, 0.015674442996971412, 0.015856499343441837, 0.015856499343441837, 0.01599775494453225, 0.015933740352869225, 0.015836717862393747, 0.015955243524257704, 0.016031805123260575, 0.016188481669863614, 0.01636402225890065, 0.016243051889773593, 0.016388946000899757, 0.0164142297649177, 0.016219111931198165, 0.016388946000899757, 0.01648252011640681, 0.016555460286748976, 0.016323465018312798, 0.016227967795614775, 0.01615516597733066, 0.01619957167486164, 0.016039950124610736, 0.01606944114695686, 0.016235813273533947, 0.016467655372559502, 0.01658620031279999, 0.01639034060982634, 0.01645892847455788, 0.016435104291157524, 0.016151123041764127, 0.016301045415330055, 0.016462697475300495, 0.016505484555388347, 0.0164030858221798, 0.01626494916772172, 0.01612623670308983, 0.01596342758959251, 0.01600326497299593, 0.015607428895711614, 0.015357720919353062, 0.015607428895711614, 0.015415655969811723, 0.015303407650398839, 0.015637526815259477, 0.016008977073466484, 0.015930666101860887, 0.01568277359892382, 0.015774740853009023, 0.015679233633916514, 0.015476328204515359, 0.015363673030222683, 0.014986034314981262]"
10,"[1.0, 2.0, 3.0, 4.0, 5.0, 6.0, 7.0, 8.0, 9.0, 10.0, 11.0, 12.0, 13.0, 14.0, 15.0, 16.0, 17.0, 18.0, 19.0, 20.0, 21.0, 22.0, 23.0, 24.0, 25.0, 26.0, 27.0, 28.0, 29.0, 30.0, 31.0, 32.0, 33.0, 34.0, 35.0, 36.0, 37.0, 38.0, 39.0, 40.0, 41.0, 42.0, 43.0, 44.0, 45.0, 46.0, 47.0, 48.0, 49.0, 50.0, 51.0, 52.0, 53.0, 54.0, 55.0, 56.0, 57.0, 58.0, 59.0, 60.0, 61.0, 62.0, 63.0, 64.0, 65.0, 66.0, 67.0, 68.0, 69.0, 70.0, 71.0, 72.0, 73.0, 74.0, 75.0, 76.0, 77.0, 78.0, 79.0, 80.0, 81.0, 82.0, 83.0, 84.0, 85.0, 86.0, 87.0, 88.0, 89.0, 90.0, 91.0, 92.0, 93.0, 94.0, 95.0, 96.0, 97.0, 98.0, 99.0, 100.0, 101.0, 102.0, 103.0, 104.0, 105.0, 106.0, 107.0, 108.0, 109.0, 110.0, 111.0, 112.0, 113.0, 114.0, 115.0, 116.0, 117.0, 118.0, 119.0, 120.0, 121.0, 122.0, 123.0, 124.0, 125.0, 126.0, 127.0, 128.0, 129.0, 130.0, 131.0, 132.0, 133.0, 134.0, 135.0, 136.0, 137.0, 138.0, 139.0, 140.0, 141.0, 142.0, 143.0, 144.0, 145.0, 146.0, 147.0, 148.0, 149.0, 150.0, 151.0, 152.0, 153.0, 154.0, 155.0, 156.0, 157.0, 158.0, 159.0, 160.0, 161.0, 162.0, 163.0, 164.0, 165.0, 166.0, 167.0, 168.0, 169.0, 170.0, 171.0, 172.0, 173.0, 174.0, 175.0, 176.0, 177.0, 178.0, 179.0, 180.0, 181.0, 182.0, 183.0, 184.0, 185.0, 186.0, 187.0, 188.0, 189.0, 190.0, 191.0, 192.0, 193.0, 194.0, 195.0, 196.0, 197.0, 198.0, 199.0, 200.0, 201.0, 202.0, 203.0, 204.0, 205.0, 206.0, 207.0, 208.0, 209.0, 210.0, 211.0, 212.0, 213.0, 214.0, 215.0, 216.0, 217.0, 218.0, 219.0, 220.0, 221.0, 222.0, 223.0, 224.0, 225.0, 226.0, 227.0, 228.0, 229.0, 230.0, 231.0, 232.0, 233.0, 234.0, 235.0, 236.0, 237.0, 238.0, 239.0, 240.0, 241.0, 242.0, 243.0, 244.0, 245.0, 246.0, 247.0, 248.0, 249.0, 250.0, 251.0, 252.0, 253.0, 254.0, 255.0, 256.0, 257.0, 258.0, 259.0, 260.0, 261.0, 262.0, 263.0, 264.0, 265.0, 266.0, 267.0, 268.0, 269.0, 270.0, 271.0, 272.0, 273.0, 274.0, 275.0, 276.0, 277.0, 278.0, 279.0, 280.0, 281.0, 282.0, 283.0, 284.0, 285.0, 286.0, 287.0, 288.0, 289.0, 290.0, 291.0, 292.0, 293.0, 294.0, 295.0, 296.0, 297.0, 298.0, 299.0, 300.0, 301.0, 302.0, 303.0, 304.0, 305.0, 306.0, 307.0, 308.0, 309.0, 310.0, 311.0, 312.0, 313.0, 314.0, 315.0, 316.0, 317.0, 318.0, 319.0, 320.0, 321.0, 322.0, 323.0, 324.0, 325.0, 326.0, 327.0, 328.0, 329.0, 330.0, 331.0, 332.0, 333.0, 334.0, 335.0, 336.0, 337.0, 338.0, 339.0, 340.0, 341.0, 342.0, 343.0, 344.0, 345.0, 346.0, 347.0, 348.0, 349.0, 350.0, 351.0, 352.0, 353.0, 354.0, 355.0, 356.0, 357.0, 358.0, 359.0, 360.0, 361.0, 362.0, 363.0, 364.0, 365.0, 366.0, 367.0, 368.0, 369.0, 370.0, 371.0, 372.0, 373.0, 374.0, 375.0, 376.0, 377.0, 378.0, 379.0, 380.0, 381.0, 382.0, 383.0, 384.0, 385.0, 386.0, 387.0, 388.0, 389.0, 390.0, 391.0, 392.0, 393.0, 394.0, 395.0, 396.0, 397.0, 398.0, 399.0, 400.0, 401.0, 402.0, 403.0, 404.0, 405.0, 406.0, 407.0, 408.0, 409.0, 410.0, 411.0, 412.0, 413.0, 414.0, 415.0, 416.0, 417.0, 418.0, 419.0, 420.0, 421.0, 422.0, 423.0, 424.0, 425.0, 426.0, 427.0, 428.0, 429.0, 430.0, 431.0, 432.0, 433.0, 434.0, 435.0, 436.0, 437.0, 438.0, 439.0, 440.0, 441.0, 442.0, 443.0, 444.0, 445.0, 446.0, 447.0, 448.0, 449.0, 450.0, 451.0, 452.0, 453.0, 454.0, 455.0, 456.0, 457.0, 458.0, 459.0, 460.0, 461.0, 462.0, 463.0, 464.0, 465.0, 466.0, 467.0, 468.0, 469.0, 470.0, 471.0, 472.0, 473.0, 474.0, 475.0, 476.0, 477.0, 478.0, 479.0, 480.0, 481.0, 482.0, 483.0, 484.0, 485.0, 486.0, 487.0, 488.0, 489.0, 490.0, 491.0, 492.0, 493.0, 494.0, 495.0, 496.0, 497.0, 498.0, 499.0, 500.0, 501.0, 502.0, 503.0, 504.0, 505.0, 506.0, 507.0, 508.0, 509.0, 510.0, 511.0, 512.0, 513.0, 514.0, 515.0, 516.0, 517.0, 518.0, 519.0, 520.0, 521.0, 522.0, 523.0, 524.0, 525.0, 526.0, 527.0, 528.0, 529.0, 530.0, 531.0, 532.0, 533.0, 534.0, 535.0, 536.0, 537.0, 538.0, 539.0, 540.0, 541.0, 542.0, 543.0, 544.0, 545.0, 546.0, 547.0, 548.0, 549.0, 550.0, 551.0, 552.0, 553.0, 554.0, 555.0, 556.0, 557.0, 558.0, 559.0, 560.0, 561.0, 562.0, 563.0, 564.0, 565.0, 566.0, 567.0, 568.0, 569.0, 570.0, 571.0, 572.0, 573.0, 574.0, 575.0, 576.0, 577.0, 578.0, 579.0, 580.0, 581.0, 582.0, 583.0, 584.0, 585.0, 586.0, 587.0, 588.0, 589.0, 590.0, 591.0, 592.0, 593.0, 594.0, 595.0, 596.0, 597.0, 598.0, 599.0, 600.0, 601.0, 602.0, 603.0, 604.0, 605.0, 606.0, 607.0, 608.0, 609.0, 610.0, 611.0, 612.0, 613.0, 614.0, 615.0, 616.0, 617.0, 618.0, 619.0, 620.0, 621.0, 622.0, 623.0, 624.0, 625.0, 626.0, 627.0, 628.0, 629.0, 630.0, 631.0, 632.0, 633.0, 634.0, 635.0, 636.0, 637.0, 638.0, 639.0, 640.0, 641.0, 642.0, 643.0, 644.0, 645.0, 646.0, 647.0, 648.0, 649.0, 650.0, 651.0, 652.0, 653.0, 654.0, 655.0, 656.0, 657.0, 658.0, 659.0, 660.0, 661.0, 662.0, 663.0, 664.0, 665.0, 666.0, 667.0, 668.0, 669.0, 670.0, 671.0, 672.0, 673.0, 674.0, 675.0, 676.0, 677.0, 678.0, 679.0, 680.0, 681.0, 682.0, 683.0, 684.0, 685.0, 686.0, 687.0, 688.0, 689.0, 690.0, 691.0, 692.0, 693.0, 694.0, 695.0, 696.0, 697.0, 698.0, 699.0, 700.0, 701.0, 702.0, 703.0, 704.0, 705.0, 706.0, 707.0, 708.0, 709.0, 710.0, 711.0, 712.0, 713.0, 714.0, 715.0, 716.0, 717.0, 718.0, 719.0, 720.0, 721.0, 722.0, 723.0, 724.0, 725.0, 726.0, 727.0, 728.0, 729.0, 730.0, 731.0, 732.0, 733.0, 734.0, 735.0, 736.0, 737.0, 738.0, 739.0, 740.0, 741.0, 742.0, 743.0, 744.0, 745.0, 746.0, 747.0, 748.0, 749.0, 750.0, 751.0, 752.0, 753.0, 754.0, 755.0, 756.0, 757.0, 758.0, 759.0, 760.0, 761.0, 762.0, 763.0, 764.0, 765.0, 766.0, 767.0, 768.0, 769.0, 770.0, 771.0, 772.0, 773.0, 774.0, 775.0, 776.0, 777.0, 778.0, 779.0, 780.0, 781.0, 782.0, 783.0, 784.0, 785.0, 786.0, 787.0, 788.0, 789.0, 790.0, 791.0, 792.0, 793.0, 794.0, 795.0, 796.0, 797.0, 798.0, 799.0, 800.0, 801.0, 802.0, 803.0, 804.0, 805.0, 806.0, 807.0, 808.0, 809.0, 810.0, 811.0, 812.0, 813.0, 814.0, 815.0, 816.0, 817.0, 818.0, 819.0, 820.0, 821.0, 822.0, 823.0, 824.0, 825.0, 826.0, 827.0, 828.0, 829.0, 830.0, 831.0, 832.0, 833.0, 834.0, 835.0, 836.0, 837.0, 838.0, 839.0, 840.0, 841.0, 842.0, 843.0, 844.0, 845.0, 846.0, 847.0, 848.0, 849.0, 850.0, 851.0, 852.0, 853.0, 854.0, 855.0, 856.0, 857.0, 858.0, 859.0, 860.0, 861.0, 862.0, 863.0, 864.0, 865.0, 866.0, 867.0, 868.0, 869.0, 870.0, 871.0, 872.0, 873.0, 874.0, 875.0, 876.0, 877.0, 878.0, 879.0, 880.0, 881.0, 882.0, 883.0, 884.0, 885.0, 886.0, 887.0, 888.0, 889.0, 890.0, 891.0, 892.0, 893.0, 894.0, 895.0, 896.0, 897.0, 898.0, 899.0, 900.0, 901.0, 902.0, 903.0, 904.0, 905.0, 906.0, 907.0, 908.0, 909.0, 910.0, 911.0, 912.0, 913.0, 914.0, 915.0, 916.0, 917.0, 918.0, 919.0, 920.0, 921.0, 922.0, 923.0, 924.0, 925.0, 926.0, 927.0, 928.0, 929.0, 930.0, 931.0, 932.0, 933.0, 934.0, 935.0, 936.0, 937.0, 938.0, 939.0, 940.0, 941.0, 942.0, 943.0, 944.0, 945.0, 946.0, 947.0, 948.0, 949.0, 950.0, 951.0, 952.0, 953.0, 954.0, 955.0, 956.0, 957.0, 958.0, 959.0, 960.0, 961.0, 962.0, 963.0, 964.0, 965.0, 966.0, 967.0, 968.0, 969.0, 970.0, 971.0, 972.0, 973.0, 974.0, 975.0, 976.0, 977.0, 978.0, 979.0, 980.0, 981.0, 982.0, 983.0, 984.0, 985.0, 986.0, 987.0, 988.0, 989.0, 990.0, 991.0, 992.0, 993.0, 994.0, 995.0, 996.0, 997.0, 998.0, 999.0, 1000.0, 1001.0, 1002.0, 1003.0, 1004.0, 1005.0, 1006.0, 1007.0, 1008.0, 1009.0, 1010.0, 1011.0, 1012.0, 1013.0, 1014.0, 1015.0, 1016.0, 1017.0, 1018.0, 1019.0, 1020.0, 1021.0, 1022.0, 1023.0, 1024.0, 1025.0, 1026.0, 1027.0, 1028.0, 1029.0, 1030.0, 1031.0, 1032.0, 1033.0, 1034.0, 1035.0, 1036.0, 1037.0, 1038.0, 1039.0, 1040.0, 1041.0, 1042.0, 1043.0, 1044.0, 1045.0, 1046.0, 1047.0, 1048.0, 1049.0, 1050.0, 1051.0, 1052.0, 1053.0, 1054.0, 1055.0, 1056.0, 1057.0, 1058.0, 1059.0, 1060.0, 1061.0, 1062.0, 1063.0, 1064.0, 1065.0, 1066.0, 1067.0, 1068.0, 1069.0, 1070.0, 1071.0, 1072.0, 1073.0, 1074.0, 1075.0, 1076.0, 1077.0, 1078.0, 1079.0, 1080.0, 1081.0, 1082.0, 1083.0, 1084.0, 1085.0, 1086.0, 1087.0, 1088.0, 1089.0, 1090.0, 1091.0, 1092.0, 1093.0, 1094.0, 1095.0, 1096.0, 1097.0, 1098.0, 1099.0, 1100.0, 1101.0, 1102.0, 1103.0, 1104.0, 1105.0, 1106.0, 1107.0, 1108.0, 1109.0, 1110.0, 1111.0, 1112.0, 1113.0, 1114.0, 1115.0, 1116.0, 1117.0, 1118.0, 1119.0, 1120.0, 1121.0, 1122.0, 1123.0, 1124.0, 1125.0, 1126.0, 1127.0, 1128.0, 1129.0, 1130.0, 1131.0, 1132.0, 1133.0, 1134.0, 1135.0, 1136.0, 1137.0, 1138.0, 1139.0, 1140.0, 1141.0, 1142.0, 1143.0, 1144.0, 1145.0, 1146.0, 1147.0, 1148.0, 1149.0, 1150.0, 1151.0, 1152.0, 1153.0, 1154.0, 1155.0, 1156.0, 1157.0, 1158.0, 1159.0, 1160.0, 1161.0, 1162.0, 1163.0, 1164.0, 1165.0, 1166.0, 1167.0, 1168.0, 1169.0, 1170.0, 1171.0, 1172.0, 1173.0, 1174.0, 1175.0, 1176.0, 1177.0, 1178.0, 1179.0, 1180.0, 1181.0, 1182.0, 1183.0, 1184.0, 1185.0, 1186.0, 1187.0, 1188.0, 1189.0, 1190.0, 1191.0, 1192.0, 1193.0, 1194.0, 1195.0, 1196.0, 1197.0, 1198.0, 1199.0, 1200.0, 1201.0, 1202.0, 1203.0, 1204.0, 1205.0, 1206.0, 1207.0, 1208.0, 1209.0, 1210.0, 1211.0, 1212.0, 1213.0, 1214.0, 1215.0, 1216.0, 1217.0, 1218.0, 1219.0, 1220.0, 1221.0, 1222.0, 1223.0, 1224.0, 1225.0, 1226.0, 1227.0, 1228.0, 1229.0, 1230.0, 1231.0, 1232.0, 1233.0, 1234.0, 1235.0, 1236.0, 1237.0, 1238.0, 1239.0, 1240.0, 1241.0, 1242.0, 1243.0, 1244.0, 1245.0, 1246.0, 1247.0, 1248.0, 1249.0, 1250.0, 1251.0, 1252.0, 1253.0, 1254.0, 1255.0, 1256.0, 1257.0, 1258.0, 1259.0, 1260.0, 1261.0, 1262.0, 1263.0, 1264.0, 1265.0, 1266.0, 1267.0, 1268.0, 1269.0, 1270.0, 1271.0, 1272.0, 1273.0, 1274.0, 1275.0, 1276.0, 1277.0, 1278.0, 1279.0, 1280.0, 1281.0, 1282.0, 1283.0, 1284.0, 1285.0, 1286.0, 1287.0, 1288.0, 1289.0, 1290.0, 1291.0, 1292.0, 1293.0, 1294.0, 1295.0, 1296.0, 1297.0, 1298.0, 1299.0, 1300.0, 1301.0, 1302.0, 1303.0, 1304.0, 1305.0, 1306.0, 1307.0, 1308.0, 1309.0, 1310.0, 1311.0, 1312.0, 1313.0, 1314.0, 1315.0, 1316.0, 1317.0, 1318.0, 1319.0, 1320.0, 1321.0, 1322.0, 1323.0, 1324.0, 1325.0, 1326.0, 1327.0, 1328.0, 1329.0, 1330.0, 1331.0, 1332.0, 1333.0, 1334.0, 1335.0, 1336.0, 1337.0, 1338.0, 1339.0, 1340.0, 1341.0, 1342.0, 1343.0, 1344.0, 1345.0, 1346.0, 1347.0, 1348.0, 1349.0, 1350.0, 1351.0, 1352.0, 1353.0, 1354.0, 1355.0, 1356.0, 1357.0, 1358.0, 1359.0, 1360.0, 1361.0, 1362.0, 1363.0, 1364.0, 1365.0, 1366.0, 1367.0, 1368.0, 1369.0, 1370.0, 1371.0, 1372.0, 1373.0, 1374.0, 1375.0, 1376.0, 1377.0, 1378.0, 1379.0, 1380.0, 1381.0, 1382.0, 1383.0, 1384.0, 1385.0, 1386.0, 1387.0, 1388.0, 1389.0, 1390.0, 1391.0, 1392.0, 1393.0, 1394.0, 1395.0, 1396.0, 1397.0, 1398.0, 1399.0, 1400.0, 1401.0, 1402.0, 1403.0, 1404.0, 1405.0, 1406.0, 1407.0, 1408.0, 1409.0, 1410.0, 1411.0, 1412.0, 1413.0, 1414.0, 1415.0, 1416.0, 1417.0, 1418.0, 1419.0, 1420.0, 1421.0, 1422.0, 1423.0, 1424.0, 1425.0, 1426.0, 1427.0, 1428.0, 1429.0, 1430.0, 1431.0, 1432.0, 1433.0, 1434.0, 1435.0, 1436.0, 1437.0, 1438.0, 1439.0, 1440.0, 1441.0, 1442.0, 1443.0, 1444.0, 1445.0, 1446.0, 1447.0, 1448.0, 1449.0, 1450.0, 1451.0, 1452.0, 1453.0, 1454.0, 1455.0, 1456.0, 1457.0, 1458.0, 1459.0, 1460.0, 1461.0, 1462.0, 1463.0, 1464.0, 1465.0, 1466.0, 1467.0, 1468.0, 1469.0, 1470.0, 1471.0, 1472.0, 1473.0, 1474.0, 1475.0, 1476.0, 1477.0, 1478.0, 1479.0, 1480.0, 1481.0, 1482.0, 1483.0, 1484.0, 1485.0, 1486.0, 1487.0, 1488.0, 1489.0, 1490.0, 1491.0, 1492.0, 1493.0, 1494.0, 1495.0, 1496.0, 1497.0, 1498.0, 1499.0, 1500.0, 1501.0, 1502.0, 1503.0, 1504.0, 1505.0, 1506.0, 1507.0, 1508.0, 1509.0, 1510.0, 1511.0, 1512.0, 1513.0, 1514.0, 1515.0, 1516.0, 1517.0, 1518.0, 1519.0, 1520.0, 1521.0, 1522.0, 1523.0, 1524.0, 1525.0, 1526.0, 1527.0, 1528.0, 1529.0, 1530.0, 1531.0, 1532.0, 1533.0, 1534.0, 1535.0, 1536.0, 1537.0, 1538.0, 1539.0, 1540.0, 1541.0, 1542.0, 1543.0, 1544.0, 1545.0, 1546.0, 1547.0, 1548.0, 1549.0, 1550.0, 1551.0, 1552.0, 1553.0, 1554.0, 1555.0, 1556.0, 1557.0, 1558.0, 1559.0, 1560.0, 1561.0, 1562.0, 1563.0, 1564.0, 1565.0, 1566.0, 1567.0, 1568.0, 1569.0, 1570.0, 1571.0, 1572.0, 1573.0, 1574.0, 1575.0, 1576.0, 1577.0, 1578.0, 1579.0, 1580.0, 1581.0, 1582.0, 1583.0, 1584.0, 1585.0, 1586.0, 1587.0, 1588.0, 1589.0, 1590.0, 1591.0, 1592.0, 1593.0, 1594.0, 1595.0, 1596.0, 1597.0, 1598.0, 1599.0, 1600.0, 1601.0, 1602.0, 1603.0, 1604.0, 1605.0, 1606.0, 1607.0, 1608.0, 1609.0, 1610.0, 1611.0, 1612.0, 1613.0, 1614.0, 1615.0, 1616.0, 1617.0, 1618.0, 1619.0, 1620.0, 1621.0, 1622.0, 1623.0, 1624.0, 1625.0, 1626.0, 1627.0, 1628.0, 1629.0, 1630.0, 1631.0, 1632.0, 1633.0, 1634.0, 1635.0, 1636.0, 1637.0, 1638.0, 1639.0, 1640.0, 1641.0, 1642.0, 1643.0, 1644.0, 1645.0, 1646.0, 1647.0, 1648.0, 1649.0, 1650.0, 1651.0, 1652.0, 1653.0, 1654.0, 1655.0, 1656.0, 1657.0, 1658.0, 1659.0, 1660.0, 1661.0, 1662.0, 1663.0, 1664.0, 1665.0, 1666.0, 1667.0, 1668.0, 1669.0, 1670.0, 1671.0, 1672.0, 1673.0, 1674.0, 1675.0, 1676.0, 1677.0, 1678.0, 1679.0, 1680.0, 1681.0, 1682.0, 1683.0, 1684.0, 1685.0, 1686.0, 1687.0, 1688.0, 1689.0, 1690.0, 1691.0, 1692.0, 1693.0, 1694.0, 1695.0, 1696.0, 1697.0, 1698.0, 1699.0, 1700.0, 1701.0, 1702.0, 1703.0, 1704.0, 1705.0, 1706.0, 1707.0, 1708.0, 1709.0, 1710.0, 1711.0, 1712.0, 1713.0, 1714.0, 1715.0, 1716.0, 1717.0, 1718.0, 1719.0, 1720.0, 1721.0, 1722.0, 1723.0, 1724.0, 1725.0, 1726.0, 1727.0, 1728.0, 1729.0, 1730.0, 1731.0, 1732.0, 1733.0, 1734.0, 1735.0, 1736.0, 1737.0, 1738.0, 1739.0, 1740.0, 1741.0, 1742.0, 1743.0, 1744.0, 1745.0, 1746.0, 1747.0, 1748.0, 1749.0, 1750.0, 1751.0, 1752.0, 1753.0, 1754.0, 1755.0, 1756.0, 1757.0, 1758.0, 1759.0, 1760.0, 1761.0, 1762.0, 1763.0, 1764.0, 1765.0, 1766.0, 1767.0, 1768.0, 1769.0, 1770.0, 1771.0, 1772.0, 1773.0, 1774.0, 1775.0, 1776.0, 1777.0, 1778.0, 1779.0, 1780.0, 1781.0, 1782.0, 1783.0, 1784.0, 1785.0, 1786.0, 1787.0, 1788.0, 1789.0, 1790.0, 1791.0, 1792.0, 1793.0, 1794.0, 1795.0, 1796.0, 1797.0, 1798.0, 1799.0, 1800.0, 1801.0, 1802.0, 1803.0, 1804.0, 1805.0, 1806.0, 1807.0, 1808.0, 1809.0, 1810.0, 1811.0, 1812.0, 1813.0, 1814.0, 1815.0, 1816.0, 1817.0, 1818.0, 1819.0, 1820.0, 1821.0, 1822.0, 1823.0, 1824.0, 1825.0, 1826.0, 1827.0, 1828.0, 1829.0, 1830.0, 1831.0, 1832.0, 1833.0, 1834.0, 1835.0, 1836.0, 1837.0, 1838.0, 1839.0, 1840.0, 1841.0, 1842.0, 1843.0, 1844.0, 1845.0, 1846.0, 1847.0, 1848.0, 1849.0, 1850.0, 1851.0, 1852.0, 1853.0, 1854.0, 1855.0, 1856.0, 1857.0, 1858.0, 1859.0, 1860.0, 1861.0, 1862.0, 1863.0, 1864.0, 1865.0, 1866.0, 1867.0, 1868.0, 1869.0, 1870.0, 1871.0, 1872.0, 1873.0, 1874.0, 1875.0, 1876.0, 1877.0, 1878.0, 1879.0, 1880.0, 1881.0, 1882.0, 1883.0, 1884.0, 1885.0, 1886.0, 1887.0, 1888.0, 1889.0, 1890.0, 1891.0, 1892.0, 1893.0, 1894.0, 1895.0, 1896.0, 1897.0, 1898.0, 1899.0, 1900.0, 1901.0, 1902.0, 1903.0, 1904.0, 1905.0, 1906.0, 1907.0, 1908.0, 1909.0, 1910.0, 1911.0, 1912.0, 1913.0, 1914.0, 1915.0, 1916.0, 1917.0, 1918.0, 1919.0, 1920.0, 1921.0, 1922.0, 1923.0, 1924.0, 1925.0, 1926.0, 1927.0, 1928.0, 1929.0, 1930.0, 1931.0, 1932.0, 1933.0, 1934.0, 1935.0, 1936.0, 1937.0, 1938.0, 1939.0, 1940.0, 1941.0, 1942.0, 1943.0, 1944.0, 1945.0, 1946.0, 1947.0, 1948.0, 1949.0, 1950.0, 1951.0, 1952.0, 1953.0, 1954.0, 1955.0, 1956.0, 1957.0, 1958.0, 1959.0, 1960.0, 1961.0, 1962.0, 1963.0, 1964.0, 1965.0, 1966.0, 1967.0, 1968.0, 1969.0, 1970.0, 1971.0, 1972.0, 1973.0, 1974.0, 1975.0, 1976.0, 1977.0, 1978.0, 1979.0, 1980.0, 1981.0, 1982.0, 1983.0, 1984.0, 1985.0, 1986.0, 1987.0, 1988.0, 1989.0, 1990.0, 1991.0, 1992.0, 1993.0, 1994.0, 1995.0, 1996.0, 1997.0, 1998.0, 1999.0, 2000.0, 2001.0, 2002.0, 2003.0, 2004.0, 2005.0, 2006.0, 2007.0, 2008.0, 2009.0, 2010.0, 2011.0, 2012.0, 2013.0, 2014.0, 2015.0, 2016.0, 2017.0, 2018.0, 2019.0, 2020.0, 2021.0, 2022.0, 2023.0, 2024.0, 2025.0, 2026.0, 2027.0, 2028.0, 2029.0, 2030.0, 2031.0, 2032.0, 2033.0, 2034.0, 2035.0, 2036.0, 2037.0, 2038.0, 2039.0, 2040.0, 2041.0, 2042.0, 2043.0, 2044.0, 2045.0, 2046.0, 2047.0, 2048.0, 2049.0, 2050.0, 2051.0, 2052.0, 2053.0, 2054.0, 2055.0, 2056.0, 2057.0, 2058.0, 2059.0, 2060.0, 2061.0, 2062.0, 2063.0, 2064.0, 2065.0, 2066.0, 2067.0, 2068.0, 2069.0, 2070.0, 2071.0, 2072.0, 2073.0, 2074.0, 2075.0, 2076.0, 2077.0, 2078.0, 2079.0, 2080.0, 2081.0, 2082.0, 2083.0, 2084.0, 2085.0, 2086.0, 2087.0, 2088.0, 2089.0, 2090.0, 2091.0, 2092.0, 2093.0, 2094.0, 2095.0, 2096.0, 2097.0, 2098.0, 2099.0, 2100.0, 2101.0, 2102.0, 2103.0, 2104.0, 2105.0, 2106.0, 2107.0, 2108.0, 2109.0, 2110.0, 2111.0, 2112.0, 2113.0, 2114.0, 2115.0, 2116.0, 2117.0, 2118.0, 2119.0, 2120.0, 2121.0, 2122.0, 2123.0, 2124.0, 2125.0, 2126.0, 2127.0, 2128.0, 2129.0, 2130.0, 2131.0, 2132.0, 2133.0, 2134.0, 2135.0, 2136.0, 2137.0, 2138.0, 2139.0, 2140.0, 2141.0, 2142.0, 2143.0, 2144.0, 2145.0, 2146.0, 2147.0, 2148.0, 2149.0, 2150.0, 2151.0, 2152.0, 2153.0, 2154.0, 2155.0, 2156.0, 2157.0, 2158.0, 2159.0, 2160.0, 2161.0, 2162.0, 2163.0, 2164.0, 2165.0, 2166.0, 2167.0, 2168.0, 2169.0, 2170.0, 2171.0, 2172.0, 2173.0, 2174.0, 2175.0, 2176.0, 2177.0, 2178.0, 2179.0, 2180.0, 2181.0, 2182.0, 2183.0, 2184.0, 2185.0, 2186.0, 2187.0, 2188.0, 2189.0, 2190.0, 2191.0, 2192.0, 2193.0, 2194.0, 2195.0, 2196.0, 2197.0, 2198.0, 2199.0, 2200.0, 2201.0, 2202.0, 2203.0, 2204.0, 2205.0, 2206.0, 2207.0, 2208.0, 2209.0, 2210.0, 2211.0, 2212.0, 2213.0, 2214.0, 2215.0, 2216.0, 2217.0, 2218.0, 2219.0, 2220.0, 2221.0, 2222.0, 2223.0, 2224.0, 2225.0, 2226.0, 2227.0, 2228.0, 2229.0, 2230.0, 2231.0, 2232.0, 2233.0, 2234.0, 2235.0, 2236.0, 2237.0, 2238.0, 2239.0, 2240.0, 2241.0, 2242.0, 2243.0, 2244.0, 2245.0, 2246.0, 2247.0, 2248.0, 2249.0, 2250.0, 2251.0, 2252.0, 2253.0, 2254.0, 2255.0, 2256.0, 2257.0, 2258.0, 2259.0, 2260.0, 2261.0, 2262.0, 2263.0, 2264.0, 2265.0, 2266.0, 2267.0, 2268.0, 2269.0, 2270.0, 2271.0, 2272.0, 2273.0, 2274.0, 2275.0, 2276.0, 2277.0, 2278.0, 2279.0, 2280.0, 2281.0, 2282.0, 2283.0, 2284.0, 2285.0, 2286.0, 2287.0, 2288.0, 2289.0, 2290.0, 2291.0, 2292.0, 2293.0, 2294.0, 2295.0, 2296.0, 2297.0, 2298.0, 2299.0, 2300.0, 2301.0, 2302.0, 2303.0, 2304.0, 2305.0, 2306.0, 2307.0, 2308.0, 2309.0, 2310.0, 2311.0, 2312.0, 2313.0, 2314.0, 2315.0, 2316.0, 2317.0, 2318.0, 2319.0, 2320.0, 2321.0, 2322.0, 2323.0, 2324.0, 2325.0, 2326.0, 2327.0, 2328.0, 2329.0, 2330.0, 2331.0, 2332.0, 2333.0, 2334.0, 2335.0, 2336.0, 2337.0, 2338.0, 2339.0, 2340.0, 2341.0, 2342.0, 2343.0, 2344.0, 2345.0, 2346.0, 2347.0, 2348.0, 2349.0, 2350.0, 2351.0, 2352.0, 2353.0, 2354.0, 2355.0, 2356.0, 2357.0, 2358.0, 2359.0, 2360.0, 2361.0, 2362.0, 2363.0, 2364.0, 2365.0, 2366.0, 2367.0, 2368.0, 2369.0, 2370.0, 2371.0, 2372.0, 2373.0, 2374.0, 2375.0, 2376.0, 2377.0, 2378.0, 2379.0, 2380.0, 2381.0, 2382.0, 2383.0, 2384.0, 2385.0, 2386.0, 2387.0, 2388.0, 2389.0, 2390.0, 2391.0, 2392.0, 2393.0, 2394.0, 2395.0, 2396.0, 2397.0, 2398.0, 2399.0, 2400.0]","[0.0, 0.0, 0.0, 0.0, 0.0, 0.00012, 0.00024, 0.00036, 0.00036, 0.00036, 0.00048, 0.00072, 0.00084, 0.00084, 0.0010800000000000002, 0.0010800000000000002, 0.0015600000000000002, 0.00168, 0.0018, 0.00192, 0.0024000000000000002, 0.0024000000000000002, 0.0024000000000000002, 0.00264, 0.0027600000000000003, 0.0027600000000000003, 0.0027600000000000003, 0.003, 0.0032400000000000003, 0.00336, 0.0036, 0.0036, 0.00396, 0.00432, 0.0048000000000000004, 0.004920000000000001, 0.0051600000000000005, 0.0054, 0.005639999999999999, 0.00588, 0.00636, 0.00636, 0.00636, 0.0064800000000000005, 0.006840000000000001, 0.006840000000000001, 0.006960000000000001, 0.00708, 0.00708, 0.00708, 0.0074399999999999996, 0.0074399999999999996, 0.0074399999999999996, 0.00792, 0.00792, 0.00816, 0.00816, 0.008400000000000001, 0.008520000000000002, 0.008520000000000002, 0.009000000000000001, 0.00924, 0.00948, 0.00996, 0.01008, 0.0102, 0.010320000000000001, 0.01044, 0.01056, 0.011040000000000001, 0.01152, 0.011880000000000002, 0.012120000000000002, 0.012360000000000003, 0.012720000000000002, 0.012960000000000003, 0.01332, 0.0138, 0.013919999999999998, 0.0144, 0.0144, 0.01464, 0.01512, 0.01572, 0.01584, 0.016200000000000003, 0.016200000000000003, 0.016560000000000002, 0.01716, 0.01764, 0.01788, 0.01824, 0.01836, 0.018600000000000002, 0.018840000000000003, 0.01932, 0.01944, 0.019799999999999998, 0.01992, 0.0204, 0.02076, 0.02088, 0.02112, 0.021240000000000002, 0.021840000000000002, 0.021840000000000002, 0.022080000000000002, 0.02268, 0.0228, 0.02316, 0.023280000000000002, 0.023399999999999997, 0.023639999999999998, 0.023760000000000003, 0.02436, 0.0246, 0.02484, 0.02508, 0.02532, 0.02532, 0.02532, 0.02556, 0.0258, 0.0258, 0.02604, 0.026760000000000003, 0.026879999999999998, 0.02736, 0.027719999999999998, 0.027719999999999998, 0.02796, 0.0282, 0.02844, 0.02916, 0.02928, 0.02928, 0.02964, 0.03, 0.03048, 0.03072, 0.031200000000000002, 0.031200000000000002, 0.031560000000000005, 0.031560000000000005, 0.031560000000000005, 0.0318, 0.031920000000000004, 0.032400000000000005, 0.03264, 0.03288, 0.03288, 0.033, 0.033120000000000004, 0.03336, 0.03396, 0.03432, 0.03456000000000001, 0.03456000000000001, 0.03456000000000001, 0.034800000000000005, 0.03564, 0.03576, 0.036000000000000004, 0.03636, 0.03648, 0.0366, 0.036840000000000005, 0.0372, 0.03744, 0.0378, 0.03816, 0.0384, 0.03852, 0.03864, 0.03888, 0.03912, 0.03924, 0.039599999999999996, 0.03984, 0.04019999999999999, 0.04056, 0.040679999999999994, 0.0408, 0.04104, 0.04188000000000001, 0.04224, 0.042719999999999994, 0.0432, 0.043440000000000006, 0.043440000000000006, 0.044039999999999996, 0.04452, 0.04512000000000001, 0.045720000000000004, 0.045840000000000006, 0.04608, 0.04644, 0.04692, 0.047279999999999996, 0.047760000000000004, 0.048, 0.048240000000000005, 0.04884, 0.049080000000000006, 0.04968, 0.04991999999999999, 0.05016, 0.0504, 0.05088, 0.051, 0.051, 0.05148, 0.05196, 0.05231999999999999, 0.052680000000000005, 0.05279999999999999, 0.053040000000000004, 0.053040000000000004, 0.05316, 0.053279999999999994, 0.05364, 0.05388, 0.054479999999999994, 0.05484, 0.05496, 0.05568000000000001, 0.056159999999999995, 0.0564, 0.0564, 0.05652, 0.056639999999999996, 0.056760000000000005, 0.056999999999999995, 0.05748, 0.05772, 0.057960000000000005, 0.05832000000000001, 0.05856, 0.05856, 0.05868, 0.059160000000000004, 0.059519999999999997, 0.059879999999999996, 0.059879999999999996, 0.06, 0.06036, 0.06060000000000001, 0.06072, 0.06084, 0.06084, 0.06108, 0.061200000000000004, 0.06168, 0.061799999999999994, 0.061799999999999994, 0.062279999999999995, 0.06252, 0.06288, 0.06312000000000001, 0.06348000000000001, 0.06348000000000001, 0.0636, 0.06408, 0.0642, 0.06456, 0.06492, 0.06492, 0.06516, 0.06528, 0.06564, 0.06588000000000001, 0.06624000000000001, 0.06648000000000001, 0.0666, 0.06720000000000001, 0.06744, 0.06756000000000001, 0.06768, 0.06792, 0.06852, 0.06864, 0.069, 0.069, 0.06924, 0.06960000000000001, 0.06996000000000001, 0.07008, 0.0702, 0.07044, 0.0708, 0.07103999999999999, 0.07103999999999999, 0.07116, 0.0714, 0.07151999999999999, 0.07164, 0.07212, 0.0726, 0.07296, 0.07307999999999999, 0.07332, 0.07368000000000001, 0.07392, 0.07428, 0.07464, 0.075, 0.07512, 0.07523999999999999, 0.0756, 0.07572, 0.07583999999999999, 0.07632, 0.0768, 0.07692, 0.07715999999999999, 0.07715999999999999, 0.07715999999999999, 0.07764, 0.07824, 0.07824, 0.07836, 0.07872, 0.07884000000000001, 0.07908, 0.07944, 0.07955999999999999, 0.07968, 0.08004, 0.08040000000000001, 0.08052, 0.08088000000000001, 0.08088000000000001, 0.081, 0.08148, 0.0816, 0.0816, 0.08195999999999999, 0.08220000000000001, 0.08220000000000001, 0.08220000000000001, 0.08231999999999999, 0.08244, 0.08280000000000001, 0.08327999999999999, 0.08352, 0.08352, 0.08387999999999998, 0.08424, 0.08471999999999999, 0.08532000000000001, 0.08544, 0.08556000000000001, 0.08616, 0.0864, 0.08675999999999999, 0.08675999999999999, 0.08687999999999999, 0.087, 0.08736000000000001, 0.08772, 0.08784, 0.0882, 0.0882, 0.08856, 0.08892, 0.08904, 0.0894, 0.08964, 0.08988, 0.09, 0.09, 0.09012, 0.09036000000000001, 0.09096, 0.0912, 0.09144000000000001, 0.09179999999999999, 0.09204000000000001, 0.09204000000000001, 0.09204000000000001, 0.09252, 0.09264000000000001, 0.09264000000000001, 0.09264000000000001, 0.09276, 0.09324000000000002, 0.09336000000000003, 0.09348, 0.09372, 0.09396, 0.09396, 0.09420000000000002, 0.09432, 0.09444, 0.09444, 0.09480000000000001, 0.09492, 0.09492, 0.09552, 0.09564, 0.09588, 0.09612000000000002, 0.09612000000000002, 0.09684000000000001, 0.09696000000000002, 0.09708000000000001, 0.09732000000000002, 0.09756000000000001, 0.09756000000000001, 0.09768, 0.09780000000000001, 0.09792000000000002, 0.09792000000000002, 0.09792000000000002, 0.09816000000000001, 0.0984, 0.09876000000000001, 0.09876000000000001, 0.09911999999999999, 0.09960000000000001, 0.09984000000000001, 0.1002, 0.1002, 0.10032, 0.10068000000000002, 0.10080000000000001, 0.10092000000000002, 0.10116, 0.10152000000000001, 0.10176, 0.10188000000000001, 0.10236, 0.10248000000000002, 0.10284, 0.1032, 0.10343999999999999, 0.10368000000000001, 0.1038, 0.10416, 0.1044, 0.10464000000000001, 0.10475999999999999, 0.10488, 0.10536000000000001, 0.10572, 0.10596, 0.10620000000000002, 0.10632000000000001, 0.10644, 0.10655999999999999, 0.10692, 0.1074, 0.10787999999999999, 0.10836, 0.10848, 0.10859999999999999, 0.10884, 0.10908, 0.1092, 0.10944, 0.10944, 0.10955999999999999, 0.10955999999999999, 0.11004000000000001, 0.11027999999999999, 0.11027999999999999, 0.1104, 0.11064, 0.11087999999999999, 0.11112, 0.11148, 0.11184000000000001, 0.11196000000000002, 0.11244, 0.11280000000000001, 0.11280000000000001, 0.11303999999999999, 0.11303999999999999, 0.11327999999999999, 0.11376, 0.114, 0.11411999999999999, 0.11411999999999999, 0.11448, 0.11472000000000002, 0.11472000000000002, 0.11532, 0.11532, 0.11567999999999999, 0.11567999999999999, 0.11616, 0.11628, 0.11652000000000001, 0.11675999999999999, 0.11699999999999999, 0.11699999999999999, 0.11736, 0.11748000000000001, 0.1176, 0.11808, 0.11832000000000001, 0.11856, 0.11879999999999999, 0.11903999999999999, 0.1194, 0.11963999999999998, 0.11988, 0.12, 0.12011999999999999, 0.12023999999999997, 0.12035999999999998, 0.12084, 0.12131999999999998, 0.12143999999999998, 0.12168, 0.12168, 0.12215999999999998, 0.12276, 0.12312, 0.12359999999999999, 0.12372, 0.12384, 0.12419999999999998, 0.12468, 0.12480000000000001, 0.12491999999999999, 0.12491999999999999, 0.12491999999999999, 0.12503999999999998, 0.12527999999999997, 0.12552, 0.12588, 0.126, 0.126, 0.126, 0.12648, 0.1266, 0.12696, 0.12696, 0.12780000000000002, 0.12791999999999998, 0.12828, 0.12888, 0.12899999999999998, 0.12899999999999998, 0.12911999999999998, 0.12935999999999998, 0.12972, 0.12996, 0.13008, 0.13032, 0.13068, 0.13104, 0.13104, 0.13140000000000002, 0.13164, 0.13176, 0.13224, 0.13235999999999998, 0.13248, 0.13272, 0.13272, 0.1332, 0.13368, 0.13416, 0.13476000000000002, 0.135, 0.135, 0.13536, 0.13548000000000002, 0.13584, 0.13596, 0.13656, 0.13668, 0.13704, 0.13728, 0.13728, 0.13728, 0.13752, 0.13764, 0.13764, 0.13776, 0.13776, 0.13812000000000002, 0.13835999999999998, 0.13835999999999998, 0.13848, 0.1386, 0.13884, 0.1392, 0.13932, 0.1398, 0.14004000000000003, 0.14028000000000002, 0.14076, 0.14076, 0.14100000000000001, 0.14123999999999998, 0.1416, 0.1416, 0.14196, 0.14244, 0.14256, 0.14268, 0.14292, 0.14315999999999998, 0.14328, 0.14352, 0.14388, 0.14424, 0.14448, 0.1446, 0.1452, 0.14544, 0.14568, 0.14592, 0.14604, 0.14604, 0.14652, 0.14687999999999998, 0.147, 0.14712, 0.14736000000000002, 0.14736000000000002, 0.1476, 0.14772, 0.14784, 0.1482, 0.14832, 0.14844000000000002, 0.14844000000000002, 0.14867999999999998, 0.14867999999999998, 0.14904, 0.14964, 0.14964, 0.14976, 0.15012, 0.1506, 0.15084, 0.15096, 0.15132, 0.15132, 0.15144, 0.15156, 0.15156, 0.15192, 0.15204, 0.1524, 0.15288000000000002, 0.15312, 0.15312, 0.15347999999999998, 0.1536, 0.15371999999999997, 0.15383999999999998, 0.15408, 0.15408, 0.15408, 0.15432, 0.15492, 0.15516000000000002, 0.1554, 0.15552000000000002, 0.15576, 0.15588000000000002, 0.15624, 0.15636, 0.15672, 0.15696, 0.15708, 0.15756, 0.15768000000000001, 0.15792, 0.15804, 0.15816, 0.15816, 0.15864, 0.15888, 0.159, 0.15924, 0.15948, 0.15984, 0.15984, 0.15996, 0.16032, 0.16068, 0.16091999999999998, 0.16128, 0.16140000000000002, 0.16176000000000001, 0.16188000000000002, 0.16188000000000002, 0.16212, 0.16212, 0.16236, 0.16248, 0.16260000000000002, 0.16260000000000002, 0.16296, 0.1632, 0.16332000000000002, 0.16332000000000002, 0.16355999999999998, 0.16368, 0.1638, 0.16404, 0.16416, 0.16440000000000002, 0.16452000000000003, 0.16476, 0.165, 0.16524, 0.16548000000000002, 0.16572000000000003, 0.16584000000000004, 0.16608, 0.16632000000000002, 0.16656, 0.16668, 0.16692, 0.16728, 0.16763999999999998, 0.16787999999999997, 0.16799999999999998, 0.16835999999999998, 0.16835999999999998, 0.16896, 0.16896, 0.16896, 0.16896, 0.16944000000000004, 0.16956000000000004, 0.16979999999999998, 0.17003999999999997, 0.17015999999999998, 0.1704, 0.17064000000000001, 0.17076, 0.171, 0.171, 0.17112000000000002, 0.17148, 0.17172, 0.17184000000000002, 0.17232, 0.17256, 0.17268, 0.17292000000000002, 0.17292000000000002, 0.17316000000000004, 0.17352000000000004, 0.17364000000000002, 0.17364000000000002, 0.17376000000000003, 0.17424, 0.17436, 0.17448, 0.1746, 0.17472000000000001, 0.17484000000000002, 0.17496000000000003, 0.17496000000000003, 0.17508, 0.17520000000000002, 0.17544, 0.17555999999999997, 0.17604, 0.17615999999999998, 0.17628, 0.17664000000000002, 0.17712000000000003, 0.17747999999999997, 0.17772, 0.17808, 0.1782, 0.1782, 0.17832, 0.17868000000000003, 0.17904, 0.17916, 0.17928, 0.1794, 0.17964000000000002, 0.18, 0.18, 0.18024, 0.18059999999999998, 0.18059999999999998, 0.18084, 0.18132, 0.18144000000000002, 0.18168000000000004, 0.18192, 0.18204, 0.18204, 0.18204, 0.18204, 0.18204, 0.18228000000000003, 0.18264000000000002, 0.18288000000000001, 0.18324000000000001, 0.18336000000000002, 0.18372, 0.18384, 0.18408000000000002, 0.18420000000000003, 0.18444, 0.18444, 0.18468, 0.1848, 0.1848, 0.18516000000000002, 0.18528, 0.18528, 0.18552, 0.18588000000000002, 0.18600000000000003, 0.18624, 0.18648, 0.18672, 0.18708000000000002, 0.18719999999999998, 0.18732, 0.18756, 0.18792, 0.18828, 0.18863999999999997, 0.18863999999999997, 0.18888, 0.18911999999999998, 0.18924, 0.18960000000000002, 0.19020000000000004, 0.19032000000000004, 0.19056, 0.19056, 0.19079999999999997, 0.19116, 0.19128, 0.19140000000000001, 0.19164, 0.19176, 0.19212000000000004, 0.19236, 0.19248, 0.19271999999999997, 0.19308, 0.19308, 0.19344, 0.19356, 0.19392000000000004, 0.19416, 0.19440000000000002, 0.19452000000000003, 0.19464000000000004, 0.19476, 0.19488, 0.19512000000000002, 0.19524, 0.19536, 0.19572, 0.19584, 0.19596, 0.19632000000000002, 0.19656, 0.19668000000000002, 0.19692, 0.19728, 0.19728, 0.19752000000000003, 0.19788, 0.198, 0.19812000000000002, 0.19848, 0.1986, 0.19908, 0.19908, 0.19932, 0.19968, 0.2004, 0.20088, 0.20112000000000002, 0.20124000000000003, 0.20124000000000003, 0.20172, 0.20207999999999998, 0.20207999999999998, 0.20232, 0.20256, 0.20256, 0.20268, 0.20304000000000003, 0.20328, 0.20328, 0.20351999999999998, 0.20363999999999996, 0.20387999999999998, 0.20387999999999998, 0.20387999999999998, 0.204, 0.20424, 0.20448, 0.20471999999999999, 0.20471999999999999, 0.20484, 0.20507999999999998, 0.2052, 0.20531999999999997, 0.20555999999999996, 0.20579999999999998, 0.20616, 0.20616, 0.20652, 0.20676000000000003, 0.20688000000000004, 0.20736000000000004, 0.20772, 0.20808, 0.2082, 0.20844000000000001, 0.20844000000000001, 0.20892, 0.20904, 0.20916, 0.20951999999999998, 0.20976, 0.20976, 0.21, 0.21012, 0.21072, 0.21107999999999996, 0.21107999999999996, 0.21131999999999998, 0.21144, 0.21156, 0.21192, 0.21204, 0.21204, 0.21216000000000002, 0.21228000000000002, 0.21252000000000001, 0.21252000000000001, 0.21252000000000001, 0.21276, 0.21276, 0.213, 0.21336000000000002, 0.21348000000000003, 0.21372, 0.21384, 0.21395999999999998, 0.21407999999999996, 0.21431999999999998, 0.21431999999999998, 0.21431999999999998, 0.21444, 0.21456, 0.21468, 0.2148, 0.21492, 0.21528, 0.21539999999999998, 0.21564, 0.21576, 0.21612, 0.21648000000000003, 0.21660000000000001, 0.21684, 0.21731999999999999, 0.21756, 0.21756, 0.21768, 0.21791999999999997, 0.21803999999999998, 0.21816, 0.21852, 0.21888000000000002, 0.21888000000000002, 0.21888000000000002, 0.21900000000000003, 0.21911999999999998, 0.21924, 0.21936, 0.21948, 0.21960000000000002, 0.21984, 0.22008000000000003, 0.22032, 0.22068, 0.22104, 0.22116, 0.22128, 0.22128, 0.2214, 0.22152000000000002, 0.22164, 0.22164, 0.22175999999999998, 0.22188, 0.22211999999999998, 0.22224, 0.22235999999999997, 0.22235999999999997, 0.22235999999999997, 0.2226, 0.22283999999999998, 0.22308, 0.22332000000000002, 0.22356, 0.22356, 0.22404, 0.22428, 0.22476, 0.22476, 0.22488, 0.225, 0.22536, 0.22560000000000002, 0.22583999999999999, 0.22608, 0.2262, 0.22631999999999997, 0.2268, 0.22716, 0.22728, 0.22740000000000002, 0.22752000000000003, 0.22812, 0.22823999999999997, 0.22835999999999998, 0.22835999999999998, 0.2286, 0.22896, 0.22920000000000001, 0.22932, 0.22943999999999995, 0.22955999999999996, 0.22967999999999997, 0.22991999999999999, 0.23027999999999998, 0.2304, 0.23064, 0.231, 0.23136000000000004, 0.23183999999999996, 0.23195999999999997, 0.23244, 0.23244, 0.23256, 0.23304000000000002, 0.23352, 0.23399999999999999, 0.23399999999999999, 0.23399999999999999, 0.23436, 0.23448, 0.23507999999999998, 0.23507999999999998, 0.2352, 0.23543999999999998, 0.23555999999999996, 0.23555999999999996, 0.23579999999999998, 0.23616, 0.23652, 0.23664000000000002, 0.23664000000000002, 0.23664000000000002, 0.23664000000000002, 0.237, 0.237, 0.23723999999999998, 0.23747999999999997, 0.23759999999999998, 0.23772, 0.23796, 0.23796, 0.23807999999999999, 0.23844, 0.2388, 0.2388, 0.2388, 0.23904000000000003, 0.23928000000000002, 0.23951999999999998, 0.23951999999999998, 0.23976, 0.23987999999999998, 0.24, 0.24012, 0.24024, 0.24024, 0.24036000000000002, 0.24059999999999998, 0.24072, 0.24084, 0.24131999999999998, 0.24144, 0.24192, 0.24240000000000003, 0.24287999999999996, 0.24323999999999998, 0.24359999999999998, 0.24359999999999998, 0.24384, 0.24384, 0.24396, 0.24432, 0.24432, 0.24480000000000002, 0.24516000000000002, 0.24528, 0.24552, 0.24588, 0.24588, 0.24599999999999997, 0.24611999999999998, 0.24624, 0.24624, 0.24648, 0.24648, 0.24684, 0.24696, 0.24720000000000003, 0.24744, 0.24768, 0.24768, 0.24780000000000002, 0.24804, 0.24804, 0.24816, 0.2484, 0.2484, 0.24851999999999996, 0.24888, 0.249, 0.249, 0.24924, 0.24959999999999996, 0.24996, 0.25007999999999997, 0.25007999999999997, 0.2502, 0.25044, 0.25067999999999996, 0.25079999999999997, 0.25079999999999997, 0.25116, 0.25116, 0.25128, 0.25152, 0.25164000000000003, 0.25164000000000003, 0.25176000000000004, 0.25188000000000005, 0.252, 0.25236, 0.25248, 0.2526, 0.2526, 0.25272, 0.25307999999999997, 0.25344, 0.25344, 0.25368, 0.25392, 0.25392, 0.25392, 0.25415999999999994, 0.25427999999999995, 0.25476, 0.25512, 0.25512, 0.25548000000000004, 0.25584, 0.25596, 0.25596, 0.25596, 0.25596, 0.25596, 0.25608, 0.25608, 0.25608, 0.25608, 0.25632, 0.25632, 0.25644, 0.25644, 0.2568, 0.25704, 0.25704, 0.25728, 0.25728, 0.25752, 0.25764000000000004, 0.25776, 0.25848, 0.25896, 0.25932, 0.25944, 0.25956, 0.25968, 0.25992, 0.26004, 0.26052, 0.26052, 0.26064, 0.26076, 0.26088, 0.26088, 0.26124, 0.26148000000000005, 0.26148000000000005, 0.26160000000000005, 0.26208, 0.26232, 0.26256, 0.26268, 0.26268, 0.26268, 0.26304, 0.26328, 0.2634, 0.26364000000000004, 0.26376000000000005, 0.26376000000000005, 0.26376000000000005, 0.26376000000000005, 0.264, 0.26412, 0.26412, 0.26412, 0.26436, 0.26448, 0.26448, 0.26448, 0.2646, 0.26472, 0.26484, 0.26496000000000003, 0.26508000000000004, 0.26508000000000004, 0.26520000000000005, 0.26544000000000006, 0.26544000000000006, 0.26556, 0.26556, 0.26568, 0.26568, 0.26568, 0.26580000000000004, 0.26580000000000004, 0.26580000000000004, 0.26628, 0.26628, 0.2664, 0.26688, 0.26688, 0.267, 0.26712, 0.26736, 0.26736, 0.2676, 0.26771999999999996, 0.26783999999999997, 0.26796, 0.26808, 0.26844, 0.26868000000000003, 0.26880000000000004, 0.26916, 0.26964, 0.26964, 0.26988, 0.27012, 0.27012, 0.27036, 0.27036, 0.27072, 0.27072, 0.27072, 0.27072, 0.27083999999999997, 0.27096, 0.27096, 0.2712, 0.27132, 0.27156, 0.27168, 0.27168, 0.2718, 0.27228, 0.27240000000000003, 0.27264, 0.27264, 0.27288, 0.273, 0.27324000000000004, 0.27324000000000004, 0.2736, 0.2736, 0.2736, 0.27384000000000003, 0.27384000000000003, 0.2742, 0.27444, 0.27444, 0.27455999999999997, 0.27492, 0.27528, 0.27540000000000003, 0.27564, 0.27564, 0.27564, 0.27576, 0.27576, 0.27624000000000004, 0.27624000000000004, 0.27636000000000005, 0.27672, 0.27684000000000003, 0.27696000000000004, 0.27744, 0.27792, 0.27792, 0.27804, 0.27816, 0.27852000000000005, 0.27852000000000005, 0.27888, 0.279, 0.279, 0.27924000000000004, 0.2796, 0.27972, 0.27996000000000004, 0.2802, 0.2802, 0.28032, 0.28032, 0.28056000000000003, 0.28068000000000004, 0.28092, 0.28104, 0.28128, 0.2814, 0.28152, 0.28152, 0.28164, 0.28176, 0.28188, 0.28200000000000003, 0.28212000000000004, 0.28212000000000004, 0.28236000000000006, 0.28248000000000006, 0.2826000000000001, 0.2826000000000001, 0.28284, 0.28284, 0.2832, 0.2832, 0.28344, 0.28344, 0.28356000000000003, 0.28368000000000004, 0.28368000000000004, 0.28380000000000005, 0.28380000000000005, 0.28404, 0.28416, 0.2844, 0.2844, 0.28452, 0.28476, 0.28512000000000004, 0.28512000000000004, 0.28548, 0.2856, 0.28572000000000003, 0.28584000000000004, 0.28608000000000006, 0.28620000000000007, 0.28632, 0.28644000000000003, 0.28668, 0.2868, 0.28716, 0.28728000000000004, 0.28728000000000004, 0.28740000000000004, 0.28752, 0.28764, 0.28776, 0.28824, 0.28824, 0.28824, 0.28836, 0.28848, 0.28859999999999997, 0.28859999999999997, 0.28859999999999997, 0.28872, 0.28872, 0.28884, 0.28908, 0.28908, 0.28908, 0.2892, 0.2892, 0.2892, 0.2892, 0.28932, 0.28956000000000004, 0.28956000000000004, 0.28968, 0.28992, 0.28992, 0.29028, 0.29028, 0.29028, 0.29064, 0.29064, 0.29076, 0.29076, 0.29088, 0.29124, 0.29124, 0.29136, 0.29148, 0.29172000000000003, 0.29184000000000004, 0.29184000000000004, 0.29196, 0.29208, 0.29231999999999997, 0.29244, 0.29244, 0.29268, 0.29292, 0.29316, 0.29339999999999994, 0.29339999999999994, 0.29351999999999995, 0.29351999999999995, 0.29351999999999995, 0.29351999999999995, 0.29351999999999995, 0.29363999999999996, 0.29363999999999996, 0.29388, 0.29460000000000003, 0.29460000000000003, 0.29472000000000004, 0.29496, 0.29508, 0.29532, 0.29532, 0.29544, 0.29544, 0.29568, 0.2958, 0.2958, 0.29616000000000003, 0.29628000000000004, 0.29652, 0.29676, 0.29700000000000004, 0.29700000000000004, 0.29700000000000004, 0.29700000000000004, 0.29712000000000005, 0.29712000000000005, 0.29724, 0.29724, 0.29748, 0.29760000000000003, 0.29760000000000003, 0.29784000000000005, 0.29796, 0.29844000000000004, 0.29868, 0.2988, 0.2988, 0.29904000000000003, 0.29952, 0.29952, 0.29988, 0.30012, 0.30036, 0.30036, 0.3006, 0.30108, 0.30132000000000003, 0.30144000000000004, 0.30144000000000004, 0.30156, 0.30156, 0.30156, 0.30156, 0.30156, 0.3018, 0.3018, 0.30204, 0.30204, 0.30228, 0.3024, 0.30276, 0.303, 0.303, 0.30312, 0.30312, 0.30323999999999995, 0.30335999999999996, 0.30335999999999996, 0.30347999999999997, 0.3036, 0.3036, 0.3036, 0.3036, 0.30396, 0.3042, 0.30443999999999993, 0.30467999999999995, 0.30491999999999997, 0.30516, 0.30528, 0.3054, 0.3054, 0.30552, 0.30588, 0.30612, 0.30648000000000003, 0.30648000000000003, 0.30648000000000003, 0.30660000000000004, 0.30672000000000005, 0.30707999999999996, 0.30732, 0.30768, 0.30792, 0.30828, 0.3084, 0.30852, 0.30852, 0.30852, 0.30864, 0.30864, 0.30864, 0.309, 0.30912, 0.30912, 0.30912, 0.30924, 0.30936, 0.30948, 0.30948, 0.30972, 0.31007999999999997, 0.3102, 0.31032, 0.31044, 0.31055999999999995, 0.31092, 0.31104, 0.31104, 0.31128, 0.31128, 0.3114, 0.3114, 0.31164000000000003, 0.31164000000000003, 0.31176000000000004, 0.31176000000000004, 0.31188000000000005, 0.31212, 0.31236, 0.31248, 0.31284, 0.31308, 0.31344, 0.31368, 0.3138, 0.31404, 0.31404, 0.31404, 0.31427999999999995, 0.31451999999999997, 0.31464, 0.31476, 0.31488, 0.31512, 0.31536000000000003, 0.3156, 0.3156, 0.3156, 0.3156, 0.3156, 0.31584, 0.31608, 0.31620000000000004, 0.31620000000000004, 0.31620000000000004, 0.31632, 0.31632, 0.31656, 0.31668, 0.3168, 0.31692, 0.31704, 0.31716, 0.31728, 0.31752, 0.31764, 0.31788, 0.31799999999999995, 0.31799999999999995, 0.31836, 0.31836, 0.31836, 0.31872, 0.31896, 0.31908, 0.31908, 0.3192, 0.31932, 0.31932, 0.31944, 0.31968, 0.31968, 0.31992, 0.32004000000000005, 0.32004000000000005, 0.32016000000000006, 0.32028, 0.32028, 0.32028, 0.32028, 0.3204, 0.3204, 0.32051999999999997, 0.32064, 0.32087999999999994, 0.32123999999999997, 0.32136, 0.32136, 0.32159999999999994, 0.32159999999999994, 0.32171999999999995, 0.32171999999999995, 0.32183999999999996, 0.32183999999999996, 0.32183999999999996, 0.32183999999999996, 0.3222, 0.32232, 0.32268, 0.32280000000000003, 0.32292000000000004, 0.32304, 0.32316, 0.32328, 0.3234, 0.32364, 0.32364, 0.32364, 0.32364, 0.32376, 0.32376, 0.324, 0.324, 0.324, 0.32424, 0.32448, 0.32459999999999994, 0.32471999999999995, 0.32495999999999997, 0.32495999999999997, 0.32495999999999997, 0.32543999999999995, 0.32555999999999996, 0.32567999999999997, 0.32592, 0.32604, 0.32652000000000003, 0.32664000000000004, 0.32688, 0.327, 0.32712, 0.32712, 0.32724000000000003, 0.32724000000000003, 0.32724000000000003, 0.32724000000000003, 0.32736000000000004, 0.32748000000000005, 0.32772, 0.32772, 0.32796, 0.32831999999999995, 0.32843999999999995, 0.32891999999999993, 0.32903999999999994, 0.32927999999999996, 0.32927999999999996, 0.32927999999999996, 0.32927999999999996, 0.32939999999999997, 0.32939999999999997, 0.32952, 0.32976, 0.32988, 0.33, 0.33, 0.33, 0.33, 0.33024000000000003, 0.3306, 0.33072, 0.33072, 0.33072, 0.33072, 0.33072, 0.33096000000000003, 0.33108000000000004, 0.33120000000000005, 0.33120000000000005, 0.33120000000000005, 0.33144000000000007, 0.33168, 0.33168, 0.33168, 0.3318, 0.33192, 0.33192, 0.33192, 0.33192, 0.33204, 0.33204, 0.33240000000000003, 0.33240000000000003, 0.33263999999999994, 0.33263999999999994, 0.33263999999999994, 0.33275999999999994, 0.33287999999999995, 0.33324, 0.33336, 0.33336, 0.3336, 0.3336, 0.33372, 0.33372, 0.33372, 0.33384, 0.33408, 0.33408, 0.33456, 0.33456, 0.33468000000000003, 0.33468000000000003, 0.33504, 0.3354, 0.33552, 0.33576, 0.336, 0.33612000000000003, 0.33624000000000004, 0.33636000000000005, 0.33636000000000005, 0.33636000000000005, 0.33659999999999995, 0.33659999999999995, 0.33684, 0.33684, 0.33696, 0.33696, 0.33696, 0.33708, 0.33732, 0.33756, 0.3378, 0.3378, 0.3378, 0.33792, 0.33816, 0.33828, 0.33852000000000004, 0.33852000000000004, 0.33852000000000004, 0.33876000000000006, 0.33876000000000006, 0.33876000000000006, 0.33876000000000006, 0.33887999999999996, 0.33948, 0.3396, 0.3396, 0.3396, 0.3396, 0.3396, 0.3396, 0.33972, 0.33972, 0.33972, 0.33984000000000003, 0.33996000000000004, 0.33996000000000004, 0.34019999999999995, 0.34056, 0.34068, 0.34068, 0.3408, 0.3408, 0.34092, 0.34116, 0.34152, 0.34188, 0.34224000000000004, 0.34224000000000004, 0.34284, 0.34308, 0.3435599999999999, 0.34379999999999994, 0.34391999999999995, 0.34415999999999997, 0.34415999999999997, 0.34452, 0.34476, 0.345, 0.34512, 0.34512, 0.34548, 0.34608000000000005, 0.3468, 0.34740000000000004, 0.34752000000000005, 0.34812, 0.34836, 0.34872, 0.3492, 0.34991999999999995, 0.35064, 0.35100000000000003, 0.3516, 0.35256, 0.3528, 0.35328000000000004, 0.35375999999999996, 0.35448, 0.35519999999999996, 0.35544, 0.35592, 0.35700000000000004, 0.35735999999999996, 0.3582, 0.35844000000000004, 0.35903999999999997, 0.35952, 0.36012, 0.36072000000000004, 0.36096000000000006, 0.36144000000000004, 0.36227999999999994, 0.36288, 0.36335999999999996, 0.36408, 0.36468000000000006, 0.3655199999999999, 0.3658799999999999, 0.36611999999999995, 0.36707999999999996, 0.36816000000000004, 0.36912000000000006, 0.36983999999999995, 0.37067999999999995, 0.37128, 0.37200000000000005, 0.37272, 0.37368, 0.37439999999999996, 0.37512, 0.37596, 0.37632, 0.37752, 0.37799999999999995, 0.37908000000000003, 0.37956, 0.38064, 0.381, 0.38123999999999997, 0.38183999999999996, 0.38292000000000004, 0.38352, 0.38388000000000005, 0.3842400000000001, 0.38472, 0.38508, 0.38567999999999997, 0.387, 0.38772000000000006, 0.38844000000000006, 0.38892000000000004, 0.39024000000000003, 0.39048, 0.39108000000000004, 0.39168, 0.39252, 0.3936, 0.39432, 0.3954000000000001, 0.39564, 0.39635999999999993, 0.39671999999999996, 0.39756, 0.39840000000000003, 0.39876000000000006, 0.39924000000000004, 0.39948, 0.40019999999999994, 0.40092, 0.40116, 0.40188, 0.40284, 0.40379999999999994, 0.405, 0.40536, 0.40608000000000005, 0.40632000000000007, 0.40703999999999996, 0.40715999999999997, 0.40775999999999996, 0.40871999999999997, 0.4092, 0.40980000000000005, 0.41040000000000004, 0.41112000000000004, 0.41147999999999996, 0.41244, 0.41316, 0.41363999999999995, 0.41412, 0.4146, 0.41507999999999995, 0.41628, 0.41676, 0.41712000000000005, 0.41735999999999995, 0.41772, 0.41868, 0.41975999999999997, 0.42012, 0.42084000000000005, 0.42096000000000006, 0.4220399999999999, 0.423, 0.42408, 0.42456000000000005, 0.42516000000000004, 0.42552000000000006, 0.42684000000000005, 0.42719999999999997, 0.42756, 0.42768, 0.42876000000000003, 0.429, 0.43008, 0.43104, 0.43152, 0.43248, 0.43312799999999996, 0.433848, 0.434448, 0.43516800000000005, 0.435888, 0.436128, 0.43696799999999997, 0.437808, 0.43888799999999994, 0.439728, 0.44068799999999997, 0.442008, 0.44260799999999995, 0.443208, 0.443568, 0.44488799999999995, 0.445368, 0.44632799999999995, 0.447168, 0.447888, 0.448488, 0.448968, 0.44944799999999996, 0.45004799999999995, 0.450888, 0.451368, 0.45184799999999997, 0.45244799999999996, 0.452808, 0.4534079999999999, 0.454368, 0.454728, 0.455328, 0.45556800000000003, 0.45616799999999996, 0.456768, 0.457608, 0.458088, 0.45844799999999997, 0.45880799999999994, 0.459408, 0.460128, 0.460728, 0.46180800000000005, 0.46252799999999994, 0.463008, 0.46360799999999996, 0.463728, 0.464328, 0.465048, 0.465168, 0.46576800000000007, 0.46648799999999996, 0.46720799999999996, 0.467808, 0.46816800000000003, 0.468408, 0.468888, 0.469368, 0.47032799999999997, 0.470448, 0.47068799999999994, 0.47104799999999997, 0.471648, 0.471768, 0.472128, 0.47260800000000003, 0.47332799999999997, 0.47404799999999997, 0.4741679999999999, 0.47452799999999995, 0.47464799999999996, 0.475128, 0.475968, 0.4769280000000001, 0.47764799999999996, 0.47800799999999993, 0.47848799999999997, 0.479088, 0.479448, 0.479688, 0.479928, 0.48016800000000004, 0.48040800000000006, 0.4806480000000001, 0.480768, 0.481008, 0.481488, 0.48208799999999996, 0.482568, 0.483168, 0.483288, 0.483528, 0.48388800000000004, 0.484488, 0.484968, 0.48544800000000005, 0.486168, 0.486528, 0.486888, 0.487128, 0.48784800000000006, 0.488808, 0.4889279999999999, 0.48952799999999996, 0.490008, 0.49036799999999997, 0.490848, 0.49144800000000005, 0.492288, 0.492408, 0.492716, 0.49295599999999995, 0.4933159999999999, 0.49391599999999997, 0.494396, 0.494636, 0.495236, 0.495476, 0.49571600000000005, 0.49595600000000006, 0.49643600000000004, 0.49715600000000004, 0.497756, 0.498476, 0.498836, 0.49919600000000003, 0.49931600000000004, 0.4997960000000001, 0.500036, 0.5003960000000001, 0.500996, 0.501236, 0.5017159999999999, 0.502076, 0.502316, 0.502556, 0.502916, 0.503516, 0.503516, 0.503756, 0.503996, 0.504476, 0.504716, 0.5050760000000001, 0.505556, 0.505916, 0.505916, 0.5062760000000001, 0.506636, 0.506756, 0.506876, 0.507116, 0.5075959999999999, 0.507956, 0.508436, 0.508676, 0.508676, 0.508796, 0.508796, 0.5091559999999999, 0.509996, 0.5105959999999999, 0.510836, 0.510836, 0.511076, 0.5117959999999999, 0.512276, 0.512276, 0.512516, 0.512756, 0.5130440000000001, 0.5132840000000001, 0.513404, 0.513644, 0.514004, 0.514244, 0.514724, 0.515444, 0.5155639999999999, 0.516044, 0.516044, 0.516404, 0.516884, 0.517364, 0.5177240000000001, 0.5179640000000001, 0.5182040000000001, 0.518684, 0.5192840000000001, 0.519644, 0.519884, 0.520244, 0.520844, 0.521084, 0.521684, 0.522044, 0.522284, 0.522524, 0.522764, 0.523124, 0.523308, 0.523668, 0.523908, 0.524268, 0.524388, 0.524748, 0.524988, 0.525348, 0.525588, 0.5257080000000001, 0.526068, 0.5265479999999999, 0.5267879999999999, 0.5270279999999999, 0.5270279999999999, 0.527508, 0.527748, 0.528468, 0.5285880000000001, 0.5290680000000001, 0.529188, 0.529308, 0.529548, 0.529668, 0.530388, 0.530628, 0.530868, 0.531228, 0.531228, 0.531588, 0.531828, 0.531948, 0.532308, 0.532308, 0.532428, 0.532668, 0.5330280000000001, 0.5333880000000001, 0.5336280000000001, 0.5337480000000001, 0.534108, 0.534228, 0.534348, 0.5349480000000001, 0.5351880000000001, 0.535668, 0.5360280000000001, 0.5363880000000001, 0.536508, 0.536988, 0.537228, 0.5374680000000001, 0.5375880000000001, 0.537948, 0.538308, 0.538788, 0.5391480000000001, 0.5392680000000001, 0.539388, 0.539628, 0.540108, 0.540348, 0.5405880000000001, 0.5407080000000001, 0.540948, 0.540948, 0.541068, 0.541188, 0.541428, 0.541668, 0.541788, 0.5420280000000001, 0.542628, 0.543108, 0.543348, 0.5437080000000001, 0.543948, 0.543948, 0.544068, 0.544428, 0.544548, 0.544548, 0.544668, 0.545148, 0.545148, 0.545388, 0.545628, 0.545868, 0.5459879999999999, 0.546348, 0.546588, 0.546708, 0.546948, 0.547068, 0.547068, 0.5471879999999999, 0.5473079999999999, 0.5476679999999999, 0.547908, 0.548148, 0.548388, 0.548628, 0.548628, 0.548748, 0.548868, 0.548868, 0.548988, 0.549228, 0.5497080000000001, 0.5499480000000001, 0.550308, 0.550428, 0.550668, 0.5509080000000001, 0.551388, 0.551628, 0.551628, 0.551748, 0.551824, 0.552064, 0.552064, 0.552064, 0.552064, 0.552424, 0.552664, 0.552784, 0.5529040000000001, 0.5530240000000001, 0.5530240000000001, 0.553384, 0.553624, 0.553864, 0.553984, 0.553984, 0.5542239999999999, 0.554464, 0.554584, 0.554704, 0.554944, 0.555184, 0.555304, 0.555544, 0.555664, 0.5557840000000001, 0.556384, 0.556504, 0.556624, 0.556624, 0.556984, 0.557464, 0.557584, 0.557944, 0.557944, 0.558064, 0.558064, 0.558184, 0.558184, 0.558424, 0.558424, 0.5585439999999999, 0.5586639999999999, 0.559024, 0.559024, 0.559236, 0.559836, 0.5601959999999999, 0.5601959999999999, 0.5603159999999999, 0.560796, 0.560796, 0.561036, 0.561156, 0.561396, 0.561396, 0.561516, 0.561636, 0.5617559999999999, 0.5618759999999999, 0.5618759999999999, 0.562236, 0.562236, 0.562476, 0.562716, 0.562836, 0.5629559999999999, 0.5631959999999999, 0.5634359999999999, 0.5634359999999999, 0.5634359999999999, 0.5634359999999999, 0.563556, 0.563676, 0.563676, 0.563796, 0.563796, 0.564276, 0.564276, 0.564276, 0.564396, 0.564516, 0.564756, 0.564876, 0.564996, 0.564996, 0.5651160000000001, 0.5651160000000001, 0.5652360000000001, 0.565476, 0.565596, 0.565956, 0.566316, 0.566436, 0.566436, 0.5665560000000001, 0.5665560000000001, 0.5666760000000001, 0.566916, 0.567276, 0.567396, 0.567396, 0.5675159999999999, 0.5677559999999999, 0.5678759999999999, 0.5678759999999999, 0.5678759999999999, 0.5678759999999999, 0.567996]","[0.0, 0.0005600000000000001, 0.00072, 0.0008799999999999999, 0.0010400000000000001, 0.0012, 0.0014399999999999999, 0.0015200000000000003, 0.00184, 0.0022400000000000002, 0.00232, 0.0024000000000000002, 0.00264, 0.00264, 0.00256, 0.0029600000000000004, 0.00272, 0.00288, 0.00288, 0.00336, 0.0030399999999999997, 0.0032, 0.00344, 0.00344, 0.00368, 0.00384, 0.00392, 0.00408, 0.0041600000000000005, 0.004320000000000001, 0.004320000000000001, 0.004320000000000001, 0.004240000000000001, 0.004, 0.004, 0.004, 0.00392, 0.00376, 0.0036, 0.0036, 0.0033600000000000006, 0.0035199999999999997, 0.0036, 0.00376, 0.0036, 0.00368, 0.004, 0.004240000000000001, 0.004240000000000001, 0.004320000000000001, 0.00432, 0.0044, 0.00488, 0.0048, 0.00488, 0.00488, 0.0052, 0.00512, 0.0052, 0.00536, 0.0052, 0.00504, 0.00496, 0.004719999999999999, 0.00496, 0.00536, 0.005600000000000001, 0.005600000000000001, 0.005920000000000001, 0.006000000000000001, 0.005920000000000001, 0.005920000000000001, 0.005920000000000001, 0.005840000000000001, 0.00576, 0.005840000000000001, 0.00592, 0.005920000000000001, 0.0060799999999999995, 0.006000000000000001, 0.0060799999999999995, 0.005920000000000001, 0.0057599999999999995, 0.005520000000000001, 0.005680000000000001, 0.005520000000000001, 0.00576, 0.00576, 0.00544, 0.00536, 0.00536, 0.00536, 0.00544, 0.00528, 0.00536, 0.00536, 0.00536, 0.00544, 0.00576, 0.005520000000000001, 0.00536, 0.00528, 0.00536, 0.00544, 0.0052, 0.00544, 0.005520000000000001, 0.00536, 0.00536, 0.0052, 0.00528, 0.0052, 0.0052, 0.0052, 0.0048000000000000004, 0.00496, 0.00504, 0.00512, 0.00504, 0.005520000000000001, 0.005680000000000001, 0.005680000000000001, 0.005840000000000001, 0.006080000000000001, 0.006080000000000001, 0.005600000000000001, 0.00576, 0.005600000000000001, 0.005520000000000001, 0.006000000000000001, 0.005840000000000001, 0.005920000000000001, 0.005840000000000001, 0.005680000000000001, 0.005600000000000001, 0.00576, 0.005680000000000001, 0.005840000000000001, 0.005600000000000001, 0.005600000000000001, 0.00544, 0.005520000000000001, 0.00544, 0.005600000000000001, 0.00576, 0.005680000000000001, 0.005600000000000001, 0.00536, 0.005520000000000001, 0.00544, 0.005600000000000001, 0.005680000000000001, 0.005680000000000001, 0.005520000000000001, 0.00528, 0.0052, 0.00528, 0.005520000000000001, 0.00592, 0.006, 0.005680000000000001, 0.006, 0.006, 0.006160000000000001, 0.006400000000000001, 0.0068000000000000005, 0.00712, 0.00728, 0.0072, 0.0076, 0.00752, 0.0076, 0.00776, 0.00776, 0.00776, 0.00776, 0.00776, 0.00776, 0.0076, 0.00768, 0.0074399999999999996, 0.0074399999999999996, 0.00736, 0.007280000000000001, 0.006959999999999999, 0.006959999999999999, 0.0068000000000000005, 0.00672, 0.006560000000000002, 0.00688, 0.006480000000000001, 0.006240000000000001, 0.005920000000000001, 0.005840000000000001, 0.005920000000000001, 0.005920000000000001, 0.00576, 0.00576, 0.006, 0.005920000000000001, 0.005840000000000001, 0.005920000000000001, 0.005840000000000001, 0.00576, 0.005600000000000001, 0.005600000000000001, 0.005680000000000001, 0.005840000000000001, 0.005840000000000001, 0.005840000000000001, 0.005840000000000001, 0.005920000000000001, 0.005920000000000001, 0.005680000000000001, 0.005520000000000001, 0.00544, 0.005520000000000001, 0.005920000000000001, 0.006160000000000001, 0.006240000000000001, 0.006160000000000001, 0.006160000000000001, 0.005840000000000001, 0.005840000000000001, 0.005920000000000001, 0.005520000000000001, 0.00536, 0.00528, 0.005520000000000001, 0.005520000000000001, 0.005920000000000001, 0.006000000000000001, 0.005840000000000001, 0.005600000000000001, 0.005680000000000001, 0.00576, 0.005600000000000001, 0.005520000000000001, 0.005600000000000001, 0.005680000000000001, 0.005680000000000001, 0.005920000000000001, 0.006000000000000001, 0.006160000000000001, 0.00624, 0.006160000000000001, 0.006320000000000001, 0.006320000000000001, 0.0064800000000000005, 0.0064800000000000005, 0.00656, 0.00664, 0.00656, 0.00664, 0.00664, 0.0064800000000000005, 0.0064, 0.0064, 0.00632, 0.00632, 0.00656, 0.00688, 0.006639999999999999, 0.006639999999999999, 0.006559999999999999, 0.006479999999999999, 0.0068, 0.006719999999999999, 0.00688, 0.006719999999999999, 0.006639999999999999, 0.00672, 0.00664, 0.006719999999999999, 0.00656, 0.006480000000000001, 0.00664, 0.00656, 0.00656, 0.006240000000000001, 0.006320000000000001, 0.006240000000000001, 0.0064, 0.00632, 0.0064, 0.006320000000000001, 0.006400000000000001, 0.00656, 0.00664, 0.0064800000000000005, 0.00656, 0.00664, 0.006639999999999999, 0.006719999999999999, 0.0068, 0.0068, 0.006719999999999999, 0.0064800000000000005, 0.0063999999999999994, 0.0068, 0.006719999999999999, 0.00656, 0.006639999999999999, 0.006639999999999999, 0.006479999999999999, 0.006559999999999999, 0.006639999999999999, 0.00656, 0.00656, 0.00656, 0.0064800000000000005, 0.0064, 0.0060799999999999995, 0.0060799999999999995, 0.006160000000000001, 0.006240000000000001, 0.00664, 0.00632, 0.006000000000000001, 0.006400000000000001, 0.006400000000000001, 0.006400000000000001, 0.006320000000000001, 0.006320000000000001, 0.006240000000000001, 0.00624, 0.006240000000000001, 0.006000000000000001, 0.005840000000000001, 0.006080000000000001, 0.006000000000000001, 0.006320000000000001, 0.0064800000000000005, 0.0064800000000000005, 0.006559999999999999, 0.0068, 0.006719999999999999, 0.0068, 0.00688, 0.00728, 0.00728, 0.0074399999999999996, 0.0076, 0.0074399999999999996, 0.00728, 0.0074399999999999996, 0.0072, 0.007040000000000001, 0.006800000000000001, 0.006400000000000001, 0.0064800000000000005, 0.006719999999999999, 0.0064800000000000005, 0.0064, 0.006320000000000001, 0.006400000000000001, 0.006480000000000001, 0.006480000000000001, 0.006240000000000001, 0.00632, 0.00624, 0.006, 0.00632, 0.00616, 0.006080000000000001, 0.006160000000000001, 0.006080000000000001, 0.006080000000000001, 0.005920000000000001, 0.006000000000000001, 0.006080000000000001, 0.006160000000000001, 0.00624, 0.0060799999999999995, 0.006000000000000001, 0.0060799999999999995, 0.006080000000000001, 0.006160000000000001, 0.00632, 0.006639999999999999, 0.00632, 0.00632, 0.0064, 0.0064800000000000005, 0.0064, 0.006320000000000001, 0.0064, 0.0064800000000000005, 0.006479999999999999, 0.006479999999999999, 0.006639999999999999, 0.00672, 0.0068000000000000005, 0.00672, 0.0068000000000000005, 0.006719999999999999, 0.006719999999999999, 0.00712, 0.006959999999999999, 0.00728, 0.0072, 0.00712, 0.0072, 0.00688, 0.00712, 0.00712, 0.00728, 0.00728, 0.00752, 0.0074399999999999996, 0.0076, 0.0076, 0.008, 0.00816, 0.00816, 0.008, 0.00776, 0.00776, 0.0076, 0.0074399999999999996, 0.00736, 0.0072, 0.00736, 0.00752, 0.00736, 0.00736, 0.0074399999999999996, 0.00728, 0.00736, 0.00728, 0.00728, 0.006959999999999999, 0.00712, 0.00688, 0.00672, 0.00664, 0.00672, 0.0068000000000000005, 0.00664, 0.0068000000000000005, 0.006880000000000001, 0.006960000000000001, 0.007040000000000001, 0.0068000000000000005, 0.00672, 0.006880000000000001, 0.0068000000000000005, 0.0068000000000000005, 0.00688, 0.006960000000000001, 0.00672, 0.006639999999999999, 0.0063999999999999994, 0.006320000000000001, 0.0063999999999999994, 0.0064, 0.006480000000000001, 0.006400000000000001, 0.006400000000000001, 0.006240000000000001, 0.0064, 0.0064800000000000005, 0.0064800000000000005, 0.006400000000000001, 0.006480000000000001, 0.006640000000000002, 0.006800000000000001, 0.006800000000000001, 0.006720000000000001, 0.006800000000000001, 0.00688, 0.006639999999999999, 0.0068, 0.006559999999999999, 0.0064, 0.00656, 0.006559999999999999, 0.006719999999999999, 0.006959999999999999, 0.006880000000000001, 0.006960000000000001, 0.006960000000000001, 0.00712, 0.00712, 0.00712, 0.00736, 0.007040000000000001, 0.007600000000000001, 0.0074399999999999996, 0.0076, 0.00768, 0.0076, 0.0076, 0.00768, 0.00752, 0.00752, 0.0074399999999999996, 0.0076, 0.00768, 0.0076, 0.0076, 0.00768, 0.0076, 0.00752, 0.00728, 0.00728, 0.0072, 0.00736, 0.00752, 0.0074399999999999996, 0.00752, 0.0074399999999999996, 0.00736, 0.00752, 0.007440000000000001, 0.00776, 0.007600000000000001, 0.007280000000000001, 0.007200000000000001, 0.007200000000000001, 0.00752, 0.0074399999999999996, 0.00736, 0.0071200000000000005, 0.0072, 0.0072, 0.00728, 0.00752, 0.0076, 0.00784, 0.00776, 0.00776, 0.00768, 0.00784, 0.00792, 0.00776, 0.00776, 0.00752, 0.0076, 0.00712, 0.0072, 0.00728, 0.006960000000000001, 0.007040000000000001, 0.007040000000000001, 0.007039999999999999, 0.0072, 0.00736, 0.00736, 0.00728, 0.0074399999999999996, 0.00736, 0.0074399999999999996, 0.00768, 0.0076, 0.00768, 0.0076, 0.0074399999999999996, 0.00752, 0.0076, 0.0076, 0.00776, 0.00776, 0.00768, 0.00752, 0.007200000000000001, 0.00728, 0.00736, 0.0072, 0.00736, 0.0072, 0.0072, 0.006960000000000001, 0.00712, 0.00712, 0.00712, 0.00736, 0.0074399999999999996, 0.00728, 0.00728, 0.00728, 0.00736, 0.00768, 0.00776, 0.00768, 0.00776, 0.00792, 0.00808, 0.008, 0.00792, 0.008159999999999999, 0.00792, 0.008, 0.008, 0.008, 0.00816, 0.00816, 0.008320000000000001, 0.00816, 0.008320000000000001, 0.00824, 0.008, 0.00792, 0.008, 0.00792, 0.00792, 0.00784, 0.00776, 0.00752, 0.007360000000000001, 0.007360000000000001, 0.007360000000000001, 0.007040000000000001, 0.006960000000000001, 0.006960000000000001, 0.0068000000000000005, 0.0068, 0.006959999999999999, 0.00672, 0.00656, 0.00656, 0.00656, 0.0064, 0.006719999999999999, 0.00688, 0.0068000000000000005, 0.00672, 0.00664, 0.006880000000000001, 0.006959999999999999, 0.007039999999999999, 0.006960000000000001, 0.00736, 0.0074399999999999996, 0.00712, 0.0072, 0.0072, 0.007039999999999999, 0.00712, 0.0072, 0.00728, 0.00728, 0.00736, 0.00728, 0.00728, 0.00736, 0.0074399999999999996, 0.00784, 0.0076, 0.00736, 0.00752, 0.00776, 0.00752, 0.0076, 0.00776, 0.00784, 0.00776, 0.00808, 0.00816, 0.008320000000000001, 0.00792, 0.00784, 0.00776, 0.00776, 0.00768, 0.00776, 0.0076, 0.00776, 0.0076, 0.007600000000000001, 0.0076, 0.00752, 0.00752, 0.00736, 0.00768, 0.0076, 0.0076, 0.00752, 0.0076, 0.00768, 0.00768, 0.00768, 0.00752, 0.0076, 0.00792, 0.00776, 0.0076, 0.00752, 0.00752, 0.00776, 0.00768, 0.0076, 0.00776, 0.00784, 0.00784, 0.00776, 0.00776, 0.00768, 0.00784, 0.00784, 0.00776, 0.00776, 0.008079999999999999, 0.00792, 0.008, 0.008079999999999999, 0.00808, 0.00808, 0.00808, 0.008, 0.008, 0.00784, 0.00776, 0.00776, 0.008, 0.008, 0.00784, 0.00792, 0.00792, 0.00792, 0.008, 0.00792, 0.00808, 0.00816, 0.00816, 0.008, 0.00808, 0.00776, 0.008, 0.00816, 0.008320000000000001, 0.00808, 0.00816, 0.00808, 0.00808, 0.00808, 0.008, 0.00792, 0.00792, 0.00776, 0.00784, 0.00776, 0.00776, 0.00808, 0.00808, 0.00784, 0.00776, 0.00776, 0.0076, 0.00768, 0.00752, 0.007280000000000001, 0.00752, 0.00752, 0.00752, 0.00776, 0.00768, 0.00768, 0.0076, 0.00776, 0.00792, 0.008320000000000001, 0.008480000000000001, 0.008480000000000001, 0.00872, 0.00888, 0.0088, 0.00864, 0.00856, 0.00856, 0.0084, 0.008159999999999999, 0.008159999999999999, 0.008, 0.008, 0.00808, 0.00808, 0.00816, 0.00808, 0.00808, 0.00816, 0.008480000000000001, 0.0088, 0.00872, 0.00888, 0.00904, 0.00904, 0.00888, 0.008960000000000001, 0.0088, 0.00856, 0.0088, 0.00888, 0.0088, 0.00872, 0.00888, 0.009120000000000001, 0.00944, 0.009600000000000001, 0.009600000000000001, 0.00936, 0.00952, 0.00944, 0.00952, 0.00936, 0.00936, 0.00928, 0.0092, 0.00912, 0.009519999999999999, 0.00944, 0.00952, 0.009600000000000001, 0.009680000000000001, 0.009760000000000001, 0.009920000000000002, 0.009920000000000002, 0.009920000000000002, 0.009840000000000002, 0.009680000000000001, 0.009680000000000001, 0.009760000000000001, 0.009760000000000001, 0.009760000000000001, 0.009760000000000001, 0.009600000000000001, 0.009600000000000001, 0.009600000000000001, 0.00952, 0.009600000000000001, 0.009600000000000001, 0.00952, 0.00944, 0.00944, 0.00928, 0.00936, 0.00936, 0.0096, 0.00944, 0.00936, 0.00936, 0.00936, 0.0092, 0.0092, 0.00912, 0.008960000000000001, 0.00944, 0.00928, 0.0092, 0.00936, 0.0092, 0.009600000000000001, 0.009600000000000001, 0.00952, 0.00944, 0.00952, 0.009680000000000001, 0.01008, 0.01008, 0.01016, 0.01008, 0.010320000000000001, 0.01016, 0.01024, 0.01024, 0.01, 0.00992, 0.01, 0.01, 0.00992, 0.00992, 0.00992, 0.00976, 0.00976, 0.01, 0.009840000000000002, 0.01, 0.009760000000000001, 0.009760000000000001, 0.01, 0.009840000000000002, 0.009600000000000001, 0.009439999999999999, 0.00944, 0.0096, 0.00976, 0.0096, 0.00936, 0.009439999999999999, 0.009600000000000001, 0.009600000000000001, 0.009600000000000001, 0.009680000000000001, 0.009600000000000001, 0.009600000000000001, 0.009760000000000001, 0.009600000000000001, 0.00952, 0.009600000000000001, 0.009600000000000001, 0.009600000000000001, 0.009680000000000001, 0.009680000000000001, 0.009840000000000002, 0.009920000000000002, 0.01008, 0.01008, 0.01016, 0.0104, 0.0104, 0.0104, 0.01048, 0.0104, 0.01072, 0.01072, 0.01064, 0.01072, 0.01056, 0.01056, 0.01048, 0.01064, 0.01048, 0.01056, 0.01024, 0.010320000000000001, 0.01048, 0.0104, 0.0104, 0.0108, 0.01088, 0.010960000000000001, 0.01056, 0.0104, 0.01048, 0.0104, 0.0104, 0.010320000000000001, 0.01024, 0.01016, 0.01024, 0.01016, 0.010320000000000001, 0.01024, 0.0104, 0.01048, 0.01048, 0.01072, 0.01064, 0.0104, 0.0104, 0.010320000000000001, 0.010320000000000001, 0.010320000000000001, 0.010320000000000001, 0.010320000000000001, 0.01056, 0.01064, 0.01056, 0.01048, 0.01048, 0.01056, 0.01064, 0.01064, 0.0108, 0.01072, 0.01072, 0.0108, 0.01072, 0.01064, 0.01064, 0.0104, 0.01024, 0.010320000000000001, 0.01024, 0.01016, 0.01024, 0.0104, 0.01024, 0.0104, 0.010320000000000001, 0.010320000000000001, 0.01048, 0.01048, 0.01056, 0.01072, 0.01064, 0.0108, 0.0108, 0.010960000000000001, 0.010960000000000001, 0.010960000000000001, 0.0108, 0.0108, 0.01088, 0.01088, 0.0108, 0.0108, 0.01072, 0.0108, 0.010960000000000001, 0.011200000000000002, 0.011040000000000001, 0.011200000000000002, 0.011200000000000002, 0.011280000000000002, 0.01152, 0.011840000000000002, 0.011760000000000001, 0.011600000000000001, 0.01152, 0.011600000000000001, 0.011920000000000002, 0.011680000000000001, 0.011680000000000001, 0.011600000000000001, 0.011840000000000002, 0.012240000000000003, 0.012240000000000003, 0.012160000000000002, 0.012080000000000002, 0.012160000000000002, 0.012080000000000002, 0.012320000000000003, 0.012400000000000001, 0.012240000000000003, 0.012000000000000002, 0.012080000000000002, 0.012240000000000003, 0.012240000000000003, 0.011920000000000002, 0.011840000000000002, 0.011840000000000002, 0.012000000000000002, 0.011920000000000002, 0.011680000000000001, 0.011760000000000001, 0.012160000000000002, 0.012080000000000002, 0.012080000000000002, 0.012000000000000002, 0.012240000000000003, 0.012240000000000003, 0.012400000000000001, 0.012240000000000003, 0.012160000000000002, 0.012240000000000003, 0.012000000000000002, 0.012240000000000003, 0.012080000000000002, 0.012160000000000002, 0.012160000000000002, 0.012080000000000002, 0.011840000000000002, 0.011680000000000001, 0.011920000000000002, 0.011920000000000002, 0.011760000000000001, 0.011760000000000001, 0.011360000000000002, 0.011360000000000002, 0.011280000000000002, 0.011280000000000002, 0.011280000000000002, 0.01144, 0.01144, 0.011280000000000002, 0.011040000000000001, 0.011200000000000002, 0.011280000000000002, 0.01152, 0.011600000000000001, 0.01152, 0.011600000000000001, 0.01152, 0.01144, 0.011600000000000001, 0.01152, 0.01144, 0.011600000000000001, 0.011600000000000001, 0.011680000000000001, 0.01144, 0.011600000000000001, 0.011680000000000001, 0.011680000000000001, 0.011760000000000001, 0.011840000000000002, 0.0124, 0.0124, 0.01232, 0.0124, 0.01248, 0.0128, 0.0128, 0.01288, 0.01272, 0.01288, 0.013040000000000001, 0.0128, 0.01288, 0.0128, 0.01256, 0.01232, 0.012159999999999999, 0.012, 0.012, 0.012, 0.01208, 0.01224, 0.012159999999999999, 0.012159999999999999, 0.01192, 0.01184, 0.01176, 0.01176, 0.011519999999999999, 0.0116, 0.01152, 0.01192, 0.011920000000000002, 0.012080000000000002, 0.012000000000000002, 0.012000000000000002, 0.012000000000000002, 0.012000000000000002, 0.011920000000000002, 0.01192, 0.011920000000000002, 0.012080000000000002, 0.012000000000000002, 0.012, 0.012159999999999999, 0.0124, 0.0124, 0.01248, 0.01256, 0.01248, 0.01256, 0.01272, 0.01256, 0.01248, 0.01224, 0.012160000000000002, 0.012320000000000003, 0.012400000000000001, 0.012320000000000003, 0.012240000000000003, 0.012160000000000002, 0.012240000000000003, 0.012240000000000003, 0.012320000000000003, 0.012320000000000003, 0.012480000000000002, 0.012480000000000002, 0.012560000000000002, 0.012560000000000002, 0.01272, 0.012800000000000002, 0.012720000000000002, 0.012800000000000002, 0.012800000000000002, 0.012800000000000002, 0.012800000000000002, 0.012640000000000002, 0.012400000000000001, 0.012560000000000002, 0.012640000000000002, 0.012480000000000002, 0.012560000000000002, 0.0128, 0.01272, 0.0128, 0.01256, 0.01264, 0.0128, 0.01272, 0.01256, 0.01256, 0.01272, 0.0128, 0.0128, 0.01288, 0.0128, 0.0128, 0.01288, 0.012960000000000001, 0.012960000000000001, 0.0132, 0.01312, 0.0132, 0.01312, 0.01328, 0.01336, 0.01344, 0.013600000000000001, 0.01344, 0.01336, 0.01344, 0.012960000000000001, 0.0128, 0.01256, 0.01248, 0.01248, 0.01248, 0.01256, 0.01264, 0.01248, 0.01256, 0.01248, 0.01256, 0.01248, 0.01264, 0.01248, 0.01248, 0.01272, 0.01264, 0.0124, 0.01232, 0.01224, 0.01232, 0.0124, 0.0124, 0.012159999999999999, 0.012159999999999999, 0.01232, 0.01224, 0.01224, 0.01232, 0.01232, 0.01232, 0.01232, 0.01232, 0.0124, 0.01256, 0.01256, 0.01272, 0.0128, 0.013040000000000001, 0.013040000000000001, 0.01312, 0.01312, 0.01312, 0.01312, 0.01312, 0.013040000000000001, 0.012960000000000001, 0.012960000000000001, 0.012960000000000001, 0.01312, 0.01328, 0.01336, 0.01352, 0.01352, 0.013600000000000001, 0.013600000000000001, 0.013519999999999999, 0.013519999999999999, 0.01368, 0.01344, 0.01352, 0.013600000000000001, 0.013839999999999998, 0.013680000000000001, 0.013680000000000001, 0.013680000000000001, 0.01376, 0.01376, 0.01376, 0.01376, 0.01352, 0.01352, 0.013680000000000001, 0.013600000000000001, 0.01336, 0.013600000000000001, 0.013600000000000001, 0.013600000000000001, 0.013760000000000001, 0.013680000000000001, 0.013840000000000002, 0.013600000000000001, 0.013680000000000001, 0.013920000000000002, 0.014079999999999999, 0.014079999999999999, 0.013999999999999999, 0.01424, 0.01432, 0.0144, 0.01448, 0.0144, 0.01448, 0.01448, 0.01424, 0.01424, 0.01432, 0.0144, 0.0144, 0.01448, 0.0144, 0.01464, 0.0144, 0.0144, 0.0144, 0.0144, 0.01448, 0.01432, 0.01424, 0.01456, 0.01456, 0.01448, 0.01432, 0.01456, 0.014480000000000002, 0.014560000000000002, 0.014640000000000002, 0.0148, 0.01496, 0.01472, 0.0148, 0.014879999999999999, 0.0148, 0.0148, 0.0148, 0.014640000000000002, 0.014320000000000001, 0.014400000000000001, 0.014320000000000001, 0.014480000000000002, 0.01448, 0.01464, 0.0144, 0.01432, 0.01448, 0.0144, 0.014240000000000001, 0.014320000000000001, 0.01432, 0.014240000000000001, 0.014240000000000001, 0.01432, 0.01448, 0.014480000000000002, 0.014560000000000002, 0.014480000000000002, 0.01456, 0.01472, 0.0148, 0.01472, 0.01472, 0.01472, 0.01472, 0.014800000000000002, 0.014800000000000002, 0.014720000000000002, 0.014800000000000002, 0.014640000000000002, 0.014800000000000002, 0.014800000000000002, 0.01496, 0.014879999999999999, 0.01496, 0.0148, 0.014879999999999999, 0.014720000000000002, 0.014960000000000003, 0.014960000000000003, 0.014880000000000003, 0.014880000000000003, 0.014880000000000003, 0.015040000000000003, 0.014960000000000003, 0.014960000000000003, 0.014960000000000003, 0.01512, 0.0152, 0.01512, 0.01496, 0.01496, 0.01496, 0.01504, 0.01496, 0.01496, 0.014879999999999999, 0.014879999999999999, 0.014879999999999999, 0.0148, 0.01464, 0.01456, 0.01456, 0.01456, 0.01464, 0.01464, 0.01464, 0.01464, 0.01456, 0.01432, 0.01432, 0.01448, 0.01448, 0.01464, 0.01472, 0.01472, 0.01472, 0.0148, 0.014879999999999999, 0.0148, 0.0148, 0.014879999999999999, 0.014879999999999999, 0.0148, 0.01496, 0.01504, 0.01528, 0.01528, 0.01528, 0.01544, 0.01544, 0.01536, 0.01544, 0.01536, 0.01536, 0.01552, 0.01528, 0.01528, 0.0152, 0.01528, 0.01536, 0.01536, 0.01536, 0.01528, 0.01536, 0.0152, 0.0152, 0.01536, 0.01528, 0.0152, 0.01528, 0.0152, 0.01544, 0.01536, 0.01536, 0.0152, 0.01504, 0.01512, 0.01504, 0.01504, 0.01528, 0.01536, 0.01552, 0.015600000000000001, 0.01584, 0.01576, 0.01528, 0.015600000000000001, 0.01568, 0.01552, 0.01568, 0.01552, 0.015600000000000001, 0.015600000000000001, 0.01584, 0.01576, 0.01576, 0.016, 0.016, 0.01608, 0.01592, 0.01576, 0.015600000000000001, 0.01576, 0.01576, 0.01592, 0.016159999999999997, 0.016159999999999997, 0.016479999999999998, 0.01664, 0.01656, 0.016479999999999998, 0.01656, 0.01656, 0.0168, 0.01656, 0.01656, 0.01656, 0.01656, 0.01664, 0.016479999999999998, 0.016479999999999998, 0.016319999999999998, 0.016319999999999998, 0.016239999999999997, 0.016319999999999998, 0.016159999999999997, 0.016, 0.016, 0.016159999999999997, 0.016159999999999997, 0.016159999999999997, 0.016319999999999998, 0.016319999999999998, 0.016399999999999998, 0.016399999999999998, 0.016399999999999998, 0.016479999999999998, 0.016399999999999998, 0.016479999999999998, 0.016479999999999998, 0.016479999999999998, 0.01624, 0.016319999999999998, 0.016319999999999998, 0.016239999999999997, 0.016239999999999997, 0.016399999999999998, 0.016479999999999998, 0.01664, 0.0168, 0.01688, 0.01688, 0.01696, 0.01704, 0.01704, 0.01696, 0.01688, 0.01696, 0.01696, 0.01704, 0.01704, 0.01712, 0.01704, 0.01712, 0.01704, 0.01712, 0.01712, 0.01744, 0.01744, 0.01744, 0.0176, 0.01744, 0.01736, 0.01712, 0.01704, 0.01696, 0.01688, 0.01688, 0.01688, 0.01688, 0.0168, 0.0168, 0.01696, 0.01672, 0.01672, 0.01672, 0.01688, 0.01696, 0.0172, 0.0172, 0.01736, 0.01728, 0.017040000000000003, 0.017040000000000003, 0.017040000000000003, 0.016960000000000003, 0.016880000000000003, 0.016640000000000002, 0.016640000000000002, 0.016640000000000002, 0.016720000000000002, 0.016880000000000003, 0.016800000000000002, 0.016960000000000003, 0.017040000000000003, 0.01736, 0.01736, 0.01744, 0.01744, 0.01736, 0.017280000000000004, 0.017280000000000004, 0.017200000000000003, 0.01736, 0.017200000000000003, 0.017120000000000003, 0.017120000000000003, 0.017040000000000003, 0.017040000000000003, 0.017120000000000003, 0.016960000000000003, 0.016800000000000002, 0.016800000000000002, 0.016800000000000002, 0.016800000000000002, 0.016800000000000002, 0.016720000000000002, 0.016560000000000002, 0.016720000000000002, 0.016880000000000003, 0.016880000000000003, 0.017040000000000003, 0.016960000000000003, 0.016960000000000003, 0.016960000000000003, 0.016960000000000003, 0.016960000000000003, 0.016880000000000003, 0.016960000000000003, 0.016800000000000002, 0.017040000000000003, 0.01712, 0.01712, 0.0172, 0.01712, 0.01704, 0.01688, 0.0168, 0.0168, 0.01672, 0.01672, 0.01664, 0.01664, 0.01688, 0.016720000000000002, 0.016640000000000002, 0.016560000000000002, 0.016800000000000002, 0.016800000000000002, 0.016800000000000002, 0.016880000000000003, 0.016880000000000003, 0.016800000000000002, 0.016960000000000003, 0.016880000000000003, 0.016800000000000002, 0.016800000000000002, 0.016800000000000002, 0.016800000000000002, 0.01712, 0.01728, 0.01752, 0.01744, 0.0176, 0.01768, 0.01776, 0.0176, 0.01752, 0.0176, 0.0176, 0.01776, 0.01776, 0.01768, 0.0176, 0.01776, 0.01776, 0.01784, 0.018000000000000002, 0.017920000000000002, 0.017920000000000002, 0.01784, 0.017920000000000002, 0.017920000000000002, 0.018080000000000002, 0.018000000000000002, 0.018000000000000002, 0.018000000000000002, 0.017920000000000002, 0.01824, 0.0184, 0.01864, 0.0188, 0.0188, 0.0188, 0.0188, 0.01896, 0.01912, 0.01904, 0.01904, 0.019200000000000002, 0.01912, 0.019200000000000002, 0.019360000000000002, 0.01904, 0.01904, 0.01896, 0.01888, 0.0188, 0.01848, 0.0184, 0.01832, 0.01824, 0.01832, 0.01832, 0.0184, 0.01848, 0.01864, 0.01872, 0.01872, 0.0188, 0.01864, 0.01872, 0.01864, 0.01856, 0.01864, 0.01832, 0.01832, 0.01816, 0.01824, 0.01832, 0.01832, 0.01824, 0.01824, 0.0184, 0.0184, 0.01832, 0.01832, 0.01848, 0.01856, 0.01864, 0.01856, 0.0184, 0.01832, 0.01832, 0.01832, 0.0184, 0.0184, 0.0184, 0.0184, 0.01832, 0.01832, 0.0184, 0.01832, 0.01816, 0.01824, 0.01832, 0.01848, 0.01848, 0.01848, 0.01864, 0.01872, 0.01888, 0.01896, 0.0188, 0.01912, 0.01896, 0.019119999999999998, 0.019119999999999998, 0.019039999999999998, 0.018959999999999998, 0.018879999999999997, 0.018959999999999998, 0.0192, 0.019200000000000002, 0.019280000000000002, 0.019280000000000002, 0.019360000000000002, 0.019440000000000002, 0.019440000000000002, 0.019360000000000002, 0.0196, 0.01952, 0.0196, 0.01968, 0.01984, 0.0196, 0.01952, 0.01952, 0.01944, 0.01952, 0.0196, 0.01952, 0.0196, 0.01968, 0.01984, 0.01992, 0.01992, 0.01976, 0.01976, 0.01992, 0.02, 0.02, 0.02, 0.01984, 0.01968, 0.01952, 0.0196, 0.0196, 0.019680000000000003, 0.019680000000000003, 0.019600000000000003, 0.019600000000000003, 0.019600000000000003, 0.019680000000000003, 0.019760000000000003, 0.02, 0.02008, 0.02016, 0.02024, 0.019840000000000003, 0.019760000000000003, 0.02008, 0.02008, 0.02016, 0.02016, 0.02032, 0.02048, 0.02048, 0.020720000000000002, 0.02096, 0.02096, 0.0212, 0.02152, 0.02152, 0.02152, 0.022000000000000002, 0.022240000000000003, 0.022560000000000004, 0.022640000000000004, 0.0228, 0.022720000000000004, 0.02288, 0.023280000000000002, 0.024, 0.024480000000000005, 0.02504, 0.02512, 0.02528, 0.025920000000000002, 0.02656, 0.027280000000000002, 0.027839999999999997, 0.02864, 0.02912, 0.03016, 0.03064, 0.031120000000000002, 0.03128, 0.03144, 0.03168, 0.03248, 0.03272, 0.0332, 0.03304, 0.0332, 0.03336, 0.03352, 0.034, 0.034159999999999996, 0.03384, 0.034319999999999996, 0.03472, 0.03528, 0.03568, 0.03616, 0.03648, 0.03664, 0.03616, 0.03656, 0.03664, 0.037040000000000003, 0.0376, 0.03824, 0.03848, 0.03872, 0.03944, 0.03944, 0.039599999999999996, 0.03992, 0.04016, 0.0404, 0.04064, 0.04072, 0.04096, 0.041120000000000004, 0.041199999999999994, 0.04111999999999999, 0.041120000000000004, 0.04096, 0.041280000000000004, 0.041280000000000004, 0.041280000000000004, 0.04168, 0.04192, 0.04192, 0.042159999999999996, 0.042319999999999997, 0.04247999999999999, 0.0424, 0.04247999999999999, 0.042319999999999997, 0.04247999999999999, 0.042319999999999997, 0.0432, 0.043840000000000004, 0.04359999999999999, 0.04359999999999999, 0.04359999999999999, 0.043919999999999994, 0.044000000000000004, 0.044399999999999995, 0.044480000000000006, 0.044559999999999995, 0.044399999999999995, 0.044160000000000005, 0.044079999999999994, 0.044800000000000006, 0.044800000000000006, 0.04496000000000001, 0.04528000000000001, 0.04536, 0.0452, 0.0452, 0.045279999999999994, 0.0452, 0.045759999999999995, 0.046079999999999996, 0.046799999999999994, 0.046880000000000005, 0.046799999999999994, 0.046959999999999995, 0.047439999999999996, 0.0484, 0.0484, 0.0484, 0.04888, 0.04896, 0.048479999999999995, 0.048, 0.04776, 0.0484, 0.0484, 0.048639999999999996, 0.048479999999999995, 0.04872, 0.048799999999999996, 0.04888, 0.0496, 0.04944, 0.04984, 0.05, 0.05024000000000001, 0.049920000000000006, 0.05016, 0.05040000000000001, 0.05128, 0.05152000000000001, 0.05168000000000001, 0.05144, 0.05208, 0.052320000000000005, 0.0524, 0.05296, 0.0528, 0.05288, 0.053200000000000004, 0.05376, 0.05448, 0.05416000000000001, 0.054240000000000003, 0.05432000000000001, 0.054560000000000004, 0.055040000000000006, 0.055600000000000004, 0.05504, 0.05496, 0.055360000000000006, 0.055600000000000004, 0.05552000000000001, 0.05632000000000001, 0.056240000000000005, 0.056240000000000005, 0.056400000000000006, 0.056479999999999995, 0.056960000000000004, 0.057280000000000005, 0.057679999999999995, 0.057999999999999996, 0.058159999999999996, 0.05872, 0.05872, 0.05904, 0.05864, 0.05856, 0.0588, 0.05832, 0.05816000000000001, 0.05824, 0.05832, 0.05808, 0.058159999999999996, 0.05776, 0.05744, 0.0576, 0.05736000000000001, 0.05744, 0.05808, 0.05784000000000001, 0.05808, 0.058159999999999996, 0.05832, 0.05824, 0.05856, 0.05856, 0.0584, 0.058800000000000005, 0.05888, 0.059359999999999996, 0.059519999999999997, 0.059280000000000006, 0.058960000000000005, 0.059120000000000006, 0.059280000000000006, 0.05976000000000001, 0.05992000000000001, 0.05984, 0.05984, 0.059519999999999997, 0.05912, 0.059359999999999996, 0.05944, 0.059519999999999997, 0.05968, 0.05984, 0.05992, 0.06024, 0.06064, 0.06039999999999999, 0.06055999999999999, 0.0608, 0.0608, 0.06103999999999999, 0.06112, 0.06087999999999999, 0.06144, 0.06176, 0.06199999999999999, 0.062, 0.06232, 0.06256, 0.06304, 0.06327999999999999, 0.06327999999999999, 0.06352000000000001, 0.06384000000000001, 0.06423999999999999, 0.06432, 0.06432, 0.06416000000000001, 0.0644, 0.06416000000000001, 0.06423999999999999, 0.064, 0.064, 0.06408, 0.0644, 0.06496, 0.0652, 0.06552, 0.06592, 0.06631999999999999, 0.0668, 0.06663999999999999, 0.06648, 0.06672, 0.06712, 0.06736, 0.06744, 0.06752000000000001, 0.06776, 0.06776, 0.06752000000000001, 0.0676, 0.06808, 0.06816000000000001, 0.06816000000000001, 0.06784000000000001, 0.06816000000000001, 0.06824, 0.0684, 0.06816000000000001, 0.06816000000000001, 0.06808, 0.06792, 0.06808, 0.06824, 0.06848000000000001, 0.06904, 0.0692, 0.06936, 0.06984, 0.06976, 0.06992, 0.06984, 0.06992, 0.07, 0.06984, 0.06992, 0.06984, 0.07016, 0.0704, 0.07088, 0.07072, 0.07088, 0.07088, 0.07088, 0.07112, 0.07128, 0.07104, 0.07112, 0.0712, 0.07096, 0.07088, 0.0712, 0.07128, 0.07128, 0.07152, 0.07192, 0.07208, 0.07200000000000001, 0.07248, 0.0728, 0.07312, 0.07288, 0.0732, 0.07352, 0.0736, 0.07336000000000001, 0.07352, 0.07392, 0.07400000000000001, 0.07416, 0.07448, 0.07496, 0.07496, 0.07440000000000001, 0.07440000000000001, 0.07472000000000001, 0.07504000000000001, 0.0756, 0.07528, 0.07536000000000001, 0.07576000000000001, 0.07608000000000001, 0.07624, 0.07632, 0.07616, 0.07600000000000001, 0.07640000000000001, 0.07632, 0.07688, 0.07712, 0.07704000000000001, 0.07752, 0.0776, 0.07792, 0.07792, 0.07784, 0.07752, 0.07744000000000001, 0.0776, 0.07752, 0.07752, 0.07728, 0.07712000000000001, 0.07704000000000001, 0.07744, 0.07744, 0.07768, 0.07752, 0.0776, 0.07768000000000001, 0.07824, 0.07832, 0.0784, 0.07856, 0.0788, 0.0788, 0.07912, 0.07936, 0.07984, 0.07992, 0.08, 0.08008000000000001, 0.08103999999999999, 0.08096, 0.0808, 0.08103999999999999, 0.08135999999999999, 0.0816, 0.0816, 0.08184000000000001, 0.08144, 0.08184000000000001, 0.08192, 0.08200000000000002, 0.08224000000000001, 0.0824, 0.08256000000000001, 0.08232, 0.08224000000000001, 0.08248000000000001, 0.08232, 0.08263999999999999, 0.08256000000000001, 0.08256000000000001, 0.08272, 0.08272, 0.0832, 0.08344000000000001, 0.0836, 0.08376000000000001, 0.0836, 0.08368, 0.08392, 0.08384, 0.08392, 0.084, 0.08368, 0.0836, 0.08344000000000001, 0.08344000000000001, 0.08336, 0.08352, 0.08336, 0.0836, 0.08368, 0.08384, 0.08376000000000001, 0.08352, 0.08352, 0.08368, 0.08384, 0.08416, 0.08416, 0.08384, 0.08408000000000002, 0.08408000000000002, 0.08416, 0.08416, 0.08440000000000002, 0.08472000000000002, 0.0848, 0.08472000000000002, 0.08496000000000001, 0.08496000000000001, 0.08488, 0.08488, 0.0848, 0.08504000000000002, 0.08504000000000002, 0.0852, 0.08544, 0.08576, 0.08552, 0.08608, 0.0864, 0.08672, 0.08648, 0.08664000000000001, 0.08696000000000001, 0.08696000000000001, 0.08712, 0.08712, 0.08712, 0.08712, 0.08712, 0.08712, 0.08719999999999999, 0.08736000000000001, 0.08751999999999999, 0.08751999999999999, 0.0876, 0.08768000000000001, 0.08768000000000001, 0.0876, 0.08768000000000001, 0.08776, 0.08792, 0.08807999999999999, 0.08839999999999999, 0.08872, 0.08888000000000001, 0.0888, 0.0888, 0.08904, 0.08920000000000002, 0.08911999999999999, 0.08904, 0.08912, 0.08928000000000001, 0.08943999999999999, 0.08944, 0.08952000000000002, 0.08976, 0.08992000000000001, 0.09024000000000001, 0.09024000000000001, 0.09024000000000001, 0.09040000000000001, 0.09072, 0.09072000000000001, 0.0908, 0.09088000000000002, 0.09064, 0.09056000000000002, 0.09064, 0.09064, 0.09072, 0.09096, 0.09112000000000002, 0.09128, 0.09136, 0.09152, 0.09176000000000001, 0.09168000000000001, 0.09168000000000001, 0.09168000000000001, 0.0916, 0.09144000000000002, 0.0916, 0.09192, 0.09216, 0.09216, 0.09208, 0.09216, 0.09208, 0.09248, 0.09256, 0.09264000000000001, 0.09280000000000001, 0.09312000000000001, 0.0932, 0.09328000000000002, 0.09344000000000001, 0.09359999999999999, 0.09344000000000001, 0.09359999999999999, 0.09384, 0.09368000000000003, 0.09384, 0.09400000000000003, 0.094, 0.094, 0.094, 0.09432, 0.09440000000000001, 0.09448000000000001, 0.09480000000000001, 0.09487999999999999, 0.09487999999999999, 0.09519999999999999, 0.09519999999999999, 0.09528, 0.09512000000000001, 0.09528, 0.09552, 0.09536000000000001, 0.09536000000000001, 0.09552, 0.09544000000000001, 0.09536000000000001, 0.0956, 0.09568000000000002, 0.09592, 0.09616, 0.09632000000000002, 0.09648, 0.0964, 0.09664000000000002, 0.09632000000000002, 0.09656, 0.09688000000000001, 0.09712, 0.09720000000000001, 0.09720000000000001, 0.09736, 0.09744, 0.09776, 0.09792, 0.098, 0.09808, 0.098, 0.09792, 0.09792, 0.098, 0.09816000000000001, 0.09832, 0.09824000000000002, 0.0984, 0.09864, 0.09856000000000002, 0.09832, 0.098324, 0.09848400000000002, 0.098644, 0.098484, 0.098644, 0.09872399999999999, 0.099044, 0.099284, 0.09944400000000002]","[0.0, 0.0, 0.0, 0.0, 0.0, 0.000848528137423857, 0.0011876919823329444, 0.0014393876248925712, 0.0014393876248925712, 0.0014393876248925712, 0.0016442850937072179, 0.0023126978679826357, 0.002427394672886794, 0.002427394672886794, 0.0031353156271151797, 0.0031353156271151797, 0.003597958604882632, 0.0038409182575556704, 0.003880879344916036, 0.003916683311587153, 0.00402035636556294, 0.00402035636556294, 0.00402035636556294, 0.004561417609937167, 0.004569463863518345, 0.004569463863518345, 0.004569463863518345, 0.004733726150223112, 0.004727513908504346, 0.004719737107863841, 0.0049979587670102585, 0.0049979587670102585, 0.004940296611767849, 0.005289342384185661, 0.005142857142857143, 0.005098379094158761, 0.005422402509920471, 0.005717856027482714, 0.005738377783994073, 0.006120024009556745, 0.006573788396164803, 0.006573788396164803, 0.006573788396164803, 0.00650977287293058, 0.006528930906014414, 0.006528930906014414, 0.006455372703004365, 0.0063786634131905336, 0.0063786634131905336, 0.0063786634131905336, 0.006478094958065549, 0.006478094958065549, 0.006478094958065549, 0.006464471189130789, 0.006464471189130789, 0.006500737791722928, 0.006500737791722928, 0.006639400022069857, 0.006537927025894245, 0.006537927025894245, 0.006883876458946719, 0.006985582820848864, 0.007180586071243113, 0.007532135236736645, 0.007417134052383064, 0.0074969381505153865, 0.0077655439905642, 0.007743753242821874, 0.007908042922059974, 0.007700940838359841, 0.007554536412524813, 0.007520421177957891, 0.007808002174640045, 0.007894094925567943, 0.008007751346829711, 0.008253533566087353, 0.008157730776911643, 0.008243736026430576, 0.00860906024879295, 0.008907689867497084, 0.008907689867497084, 0.008754613943865397, 0.009408289874751253, 0.009913997525659137, 0.009829900242398708, 0.009791708278967883, 0.009791708278967883, 0.009814940714262609, 0.009468228289325068, 0.009499215864523573, 0.00958238179245257, 0.010066229661190763, 0.010099019956492443, 0.01023200261683999, 0.010286428546628706, 0.010377448076065164, 0.010466974301124855, 0.010859022393702795, 0.011006194916073958, 0.01117577555177597, 0.011123719830036303, 0.01119154199585106, 0.011191541995851062, 0.011255039687506524, 0.011225626658567932, 0.011225626658567932, 0.011204663752023903, 0.011454328118796896, 0.011435712054965429, 0.01162748327657102, 0.012039119908168758, 0.012076288117376032, 0.012386233305981447, 0.012418813903731315, 0.012504301300768794, 0.012553558727894409, 0.012597959018371645, 0.012753294892389374, 0.012730230772071813, 0.012730230772071813, 0.012730230772071813, 0.012817653642455752, 0.012899928808536354, 0.012899928808536354, 0.013201669653216333, 0.012954488624033143, 0.012842277120224944, 0.012894801990234165, 0.013049419410026467, 0.013049419410026467, 0.013033645628424417, 0.01306967201312306, 0.013212795282742917, 0.013279353315948633, 0.013203339095293514, 0.013203339095293514, 0.013520596533150632, 0.013821013282797515, 0.013918479860697901, 0.014065502740639554, 0.014495601021675224, 0.014495601021675224, 0.014281656566579183, 0.014281656566579183, 0.014281656566579183, 0.014355543620952193, 0.01446719018457747, 0.01494479637785374, 0.014754812428354294, 0.014708931064534381, 0.014708931064534381, 0.014558818072682595, 0.014608691849410077, 0.014503708181717121, 0.01442497833620557, 0.014598630072715725, 0.01462477629342251, 0.01462477629342251, 0.01462477629342251, 0.014596616885079773, 0.014261064447777855, 0.014289370960576942, 0.014188238877640157, 0.01410566538375157, 0.01402365348769204, 0.014097329317198736, 0.014240442552169249, 0.014084294335847129, 0.014320186978599155, 0.014355543620952194, 0.01438162092422698, 0.014495601021675226, 0.01439846930640014, 0.014452963822874053, 0.014200661094125303, 0.014355031827742849, 0.014302219037189827, 0.014291427429028343, 0.014279084175743176, 0.014045116807006234, 0.013956433671118368, 0.014047209033564392, 0.013926922979375932, 0.014155059670863782, 0.014161805488491839, 0.014134283115307738, 0.014013171646413124, 0.014032033323209913, 0.013956433671118368, 0.013956433671118368, 0.014424978336205568, 0.014296053401451144, 0.014200661094125305, 0.015134822666382886, 0.015321533466174398, 0.01506427047347329, 0.014935452959386294, 0.015603296355028867, 0.01578818985113589, 0.01621609178110007, 0.01657635394784033, 0.016618848409230395, 0.017100375935717237, 0.017300277218493774, 0.017357513223561792, 0.017118840319295902, 0.016960169425414815, 0.016840185175190144, 0.016586987769492873, 0.01649860847564585, 0.01649860847564585, 0.016221980552978865, 0.016154812260861264, 0.01580679264991956, 0.015631522312171596, 0.015897631706564063, 0.0164142297649177, 0.0164142297649177, 0.01644329774760302, 0.016471422376408203, 0.01659451593700984, 0.01659805742260466, 0.01705003441255729, 0.016970995665474404, 0.016855883730215113, 0.017058650328217885, 0.016916795180638485, 0.017142857142857144, 0.017142857142857144, 0.01714671385188332, 0.017106819263268156, 0.017151854781596643, 0.016938062438888145, 0.01688767211275003, 0.01696579993242107, 0.016953670362948262, 0.017272651498710857, 0.017252222571989655, 0.017252222571989655, 0.0171124015180303, 0.017014231737949647, 0.016920269211926908, 0.01694846931864049, 0.01694846931864049, 0.01705692749325634, 0.01716041957529011, 0.017450805489859143, 0.01725562907267879, 0.017524746351770044, 0.017524746351770044, 0.017761274085573285, 0.017691229234757393, 0.01781702923082984, 0.018111897093527517, 0.018111897093527517, 0.017810842833762233, 0.01794235668091865, 0.018030178782773493, 0.01815201118895869, 0.018024065545140203, 0.018024065545140203, 0.01806112071917612, 0.017833515797909445, 0.017743064180986673, 0.017920641387938713, 0.018129736538040904, 0.018129736538040904, 0.017939080585272424, 0.018005713378972638, 0.01787343257006708, 0.017835575547260615, 0.017606306847727224, 0.017849987137707593, 0.01770160836691147, 0.018182745801939793, 0.01816495841684517, 0.018134598795379722, 0.01834526018972125, 0.01856026037818765, 0.018899562677156184, 0.01886337559334252, 0.018631770102243563, 0.018631770102243563, 0.018551153767958715, 0.018463422195889725, 0.018841941925136167, 0.018835312038610795, 0.019060590821088932, 0.019120626750892312, 0.0192809517929177, 0.01906483031925647, 0.01906483031925647, 0.018935292607257195, 0.01882789940270468, 0.018850908060193745, 0.018911998135294632, 0.018759095752977746, 0.019137525910085235, 0.019026254685222174, 0.01888400683874358, 0.018946153559334347, 0.01885870123430821, 0.018990695895944543, 0.019466391760243222, 0.019701610832308994, 0.01985354540897223, 0.01974184409226416, 0.019553756359203773, 0.019508240017270355, 0.0193528355777121, 0.01938583535071156, 0.019206121473134972, 0.018934904600892446, 0.01903899328499599, 0.018935292607257192, 0.018935292607257192, 0.018935292607257192, 0.019028185324268154, 0.018816579749502505, 0.018816579749502505, 0.018638078205214008, 0.019075617517487327, 0.019051337732236946, 0.01915441015984122, 0.018800955251458553, 0.018927530968708743, 0.018819703092498453, 0.018566988480216432, 0.018383666219594755, 0.018704184842228355, 0.018591900804119092, 0.018591900804119092, 0.018513095199818724, 0.018664863858521518, 0.018700649339375514, 0.018700649339375514, 0.018566988480216432, 0.018592295968700455, 0.018592295968700455, 0.018592295968700455, 0.01850475945396156, 0.01853530552811062, 0.018621909413486085, 0.01860770084164739, 0.018967469466409686, 0.018967469466409686, 0.019223327665381252, 0.01904940943966505, 0.019037063742036675, 0.019330044289781075, 0.019302278600819994, 0.019235553816104305, 0.019080238735510662, 0.01912792594664691, 0.01882633847587372, 0.01882633847587372, 0.01886649118929957, 0.01886688060261869, 0.019210711297904314, 0.019466391760243226, 0.019536841179302915, 0.019927419321536008, 0.019927419321536008, 0.01975374932120224, 0.019906762259932414, 0.019968301410597994, 0.020037719532961646, 0.01978533779940931, 0.01982540114631341, 0.01977010730514994, 0.01977010730514994, 0.01967660996187699, 0.019523674796283114, 0.01985761561616056, 0.019955051531696258, 0.02004908262952982, 0.01996425376946077, 0.019718384667044894, 0.019718384667044894, 0.019718384667044894, 0.019736261044078236, 0.019776052308232785, 0.019776052308232785, 0.019776052308232785, 0.019591293359811756, 0.019553756359203773, 0.019701610832308997, 0.01958679271804324, 0.019803153737705106, 0.0199038095010242, 0.0199038095010242, 0.01977939558722456, 0.01991967543379548, 0.01987425778359986, 0.01987425778359986, 0.019620896815302165, 0.0195717831041924, 0.0195717831041924, 0.019838367279756935, 0.019970140976273674, 0.01975114566555674, 0.01967660996187699, 0.01967660996187699, 0.01954624030866503, 0.019446378394268205, 0.01953420861264794, 0.019669140856702825, 0.01957628719671233, 0.01957628719671233, 0.01958491714539116, 0.019630255698169348, 0.0195623962473613, 0.0195623962473613, 0.0195623962473613, 0.019347899743636154, 0.01965830561345094, 0.019478465346245786, 0.019478465346245786, 0.019853175348758988, 0.019545864430270937, 0.019686688758796242, 0.019816505180051815, 0.019816505180051815, 0.019771593723505117, 0.01985502558085299, 0.019881280293845487, 0.019832811403410897, 0.019844662059226352, 0.019801298658709953, 0.019656810628421707, 0.019713913039955788, 0.019970140976273674, 0.01994915987183011, 0.020102147311434476, 0.020211130495802736, 0.0203762166282564, 0.02067971499428602, 0.02082874779466777, 0.02084672929859693, 0.020855185818165325, 0.02096621188522921, 0.020932895701478563, 0.02072230386687302, 0.020860821593384583, 0.02074533633354342, 0.02066443262008914, 0.020616023092809764, 0.020501309067212946, 0.02049306502907055, 0.020839679577622092, 0.021054680995843535, 0.021178541315324293, 0.02111739779887471, 0.02118409106583793, 0.02109477157390196, 0.021143822371789734, 0.021030939307678707, 0.02101975746961969, 0.020855185818165325, 0.02076905075798495, 0.02076905075798495, 0.02095394366466706, 0.02095394366466706, 0.020911826553314715, 0.020921661462879736, 0.020921661462879736, 0.020995626366712955, 0.020966211885229208, 0.021419655287913977, 0.021726162165669746, 0.021754886854240735, 0.021743739422685156, 0.02167097183811015, 0.021575836824880686, 0.02178559718938086, 0.02178559718938086, 0.02176400323319894, 0.02176400323319894, 0.021807169762746024, 0.02175049612382791, 0.021886534859663492, 0.021869408323230036, 0.021869408323230036, 0.021610881612780925, 0.02160408124708413, 0.02160408124708413, 0.021829057586209278, 0.021829057586209278, 0.021651638953847238, 0.021651638953847238, 0.021844870504238258, 0.02171432330823813, 0.021653335511544407, 0.02196059550882081, 0.02226097527980666, 0.02226097527980666, 0.02199235488685529, 0.02199001628754582, 0.022087026388671643, 0.02252965392815542, 0.022319973666870576, 0.022337083653029752, 0.022384396898058163, 0.0222315826091199, 0.022095340722257557, 0.022299226672781315, 0.022268894751859322, 0.02235155110355194, 0.02220281283889912, 0.022284395565379058, 0.0223978497510227, 0.022775174454404766, 0.02313618951569429, 0.02327138910809598, 0.02338099699345952, 0.02338099699345952, 0.023528844651028766, 0.02348039564385227, 0.02400734581458818, 0.02433440497127724, 0.024571461793997475, 0.024597461292597177, 0.024220921973048214, 0.023886158574131826, 0.024213337528843772, 0.024294821821675062, 0.024294821821675062, 0.024294821821675062, 0.02434527151004809, 0.024383868873181093, 0.024450065731725843, 0.02473833676952533, 0.024901438365143913, 0.024901438365143913, 0.024901438365143913, 0.025566432073709303, 0.025549471818495224, 0.025523866382310512, 0.025523866382310512, 0.025749975232799663, 0.025925985703418832, 0.026108126813585954, 0.026397773561033358, 0.026258526312069243, 0.026258526312069243, 0.026453378319031315, 0.026256008058798155, 0.026276426930709168, 0.02621260017936537, 0.02615170810357698, 0.026084196482208322, 0.025836566398523355, 0.025838556856143557, 0.025838556856143557, 0.02566423700842263, 0.02581153040873044, 0.025855611635798224, 0.02577022486894359, 0.02555407232213484, 0.025823766936206468, 0.025703997942033874, 0.025703997942033874, 0.025628428093244664, 0.02565822460334928, 0.025158566520923943, 0.02540412950522744, 0.025549471818495224, 0.025549471818495224, 0.025402683451372067, 0.025487283744115637, 0.025592856146086657, 0.025731708383364884, 0.025385324379994655, 0.025377508923920676, 0.02535057057684163, 0.025646768503924184, 0.025646768503924184, 0.025646768503924184, 0.025965628772495, 0.026010013770210325, 0.026010013770210325, 0.026053759178800644, 0.026053759178800644, 0.025955723681622415, 0.02595345913007217, 0.02595345913007217, 0.025965628772495, 0.026033730083121324, 0.026083351481161234, 0.02630744443409624, 0.026147493734035552, 0.025977227075471548, 0.025845664381999135, 0.02585362249121711, 0.025720285014448997, 0.025720285014448997, 0.025520699881644696, 0.025375192770957726, 0.025369111863340697, 0.025369111863340697, 0.025559821787248794, 0.025680263206738104, 0.02552962265003267, 0.025377508923920673, 0.025302125424960017, 0.025600031887735242, 0.025703997942033874, 0.025652497193156414, 0.025642471147114744, 0.02585561163579822, 0.02588060498299285, 0.025948929434092462, 0.026195497354176214, 0.0262111987283205, 0.026084196482208322, 0.026095460548235007, 0.026156483568191294, 0.026156483568191294, 0.02611375429281102, 0.02586356668428879, 0.025635593877836878, 0.025976944251644787, 0.02631191241042501, 0.02631191241042501, 0.02616743575281214, 0.026051785163479325, 0.025878333857984485, 0.02580697580112788, 0.02588628192376678, 0.025908126532193782, 0.025908126532193782, 0.026063063237196857, 0.026063063237196857, 0.026233612960848373, 0.026290962209047256, 0.026290962209047256, 0.026278384071090732, 0.02623725346502097, 0.02597722707547155, 0.02611150344665925, 0.025923718554124703, 0.02620362959747433, 0.02620362959747433, 0.0261831539547933, 0.026049528962798413, 0.026049528962798413, 0.026235853330890534, 0.026100246304256537, 0.02599843009389103, 0.02606165374488671, 0.026089829123117487, 0.026089829123117487, 0.026449212017119347, 0.026446711920928304, 0.02647142471667538, 0.026328660568797242, 0.026403339306432665, 0.026403339306432665, 0.026403339306432665, 0.026168558794625183, 0.026298785569850547, 0.026026956198902548, 0.026202508058799034, 0.02627502888404012, 0.026138219729205832, 0.02601227339828141, 0.025884011296866773, 0.026038245026914403, 0.026129223611324776, 0.026233612960848376, 0.02624285325452961, 0.025964779912765815, 0.025829456369163686, 0.02598260014325128, 0.025874074961282013, 0.02596336508487704, 0.02596336508487704, 0.025832869427478294, 0.02580669111146272, 0.025920600900064185, 0.026004363841007728, 0.02594439894726208, 0.025849927959478027, 0.025849927959478027, 0.025817222538294795, 0.025914647973527185, 0.025836566398523355, 0.025762526178580405, 0.025300673541086866, 0.02531838083612902, 0.02542581044400933, 0.025209036280748248, 0.025209036280748248, 0.025238163521920202, 0.025238163521920202, 0.025235834579794968, 0.0253934267567215, 0.0253473824273507, 0.0253473824273507, 0.025466232143602177, 0.02539805552576409, 0.02534854180083287, 0.02534854180083287, 0.025189210518208233, 0.025254169184997746, 0.025289345986169023, 0.02497832529802343, 0.0248056609733853, 0.0248719167917947, 0.025197375956675344, 0.025461904316617233, 0.02566423700842263, 0.025577062428061976, 0.025659656256147963, 0.025452669159578112, 0.02562154705456694, 0.025583668259900747, 0.02562957475341361, 0.025730280739602814, 0.025779631257159246, 0.025791028340435417, 0.02584651715375965, 0.02581153040873044, 0.025842253013549855, 0.025941850200722667, 0.025896780983475965, 0.025896780983475965, 0.025610074548258286, 0.025610074548258286, 0.025610074548258286, 0.025610074548258286, 0.025615811443683904, 0.025680263206738108, 0.025520699881644696, 0.025617245466796824, 0.02556413303750361, 0.02562842809324466, 0.025633014426154184, 0.025805837023623084, 0.025863850747910762, 0.025863850747910762, 0.025863566684288786, 0.026029214356180632, 0.026051785163479325, 0.02599164700987058, 0.026196619192996203, 0.02604247707582552, 0.026091237093346577, 0.025933069267494217, 0.025933069267494217, 0.026139625092950355, 0.02619100951837933, 0.026318892104962414, 0.026318892104962414, 0.02638997954542904, 0.0260255447511063, 0.025896780983475965, 0.025993908234548387, 0.026146369787433673, 0.026325311789536822, 0.026223809091459348, 0.026345398080120173, 0.026345398080120173, 0.02624285325452961, 0.02616743575281214, 0.02607067317888051, 0.026021309948359078, 0.026296550561405792, 0.026244812898583072, 0.02627642693070916, 0.02625600805879815, 0.026089829123117483, 0.026615355396032995, 0.026692535072027693, 0.02681747830906446, 0.02670244198876322, 0.02670244198876322, 0.026586355254421122, 0.02675851190151787, 0.026705468369162266, 0.026613146973568057, 0.02674065925034118, 0.026784857129142418, 0.02673433930283641, 0.02669556257553846, 0.02669556257553846, 0.02647336744113732, 0.026812272547914948, 0.026812272547914948, 0.026778273252159986, 0.026895443814132974, 0.02676592411775747, 0.026861276277669797, 0.02676263005287296, 0.026712345231280275, 0.026712345231280275, 0.026712345231280275, 0.026712345231280275, 0.026712345231280275, 0.026884514926945265, 0.027217761307871097, 0.026975907618405254, 0.026975090550433404, 0.027055317482551054, 0.027047984571641474, 0.026880962081908075, 0.027062919884097158, 0.027220190585486432, 0.027423481670618987, 0.027423481670618987, 0.027569903732815877, 0.027695133293834596, 0.027695133293834596, 0.027668858203505873, 0.027552576826785517, 0.027552576826785517, 0.02737065313545193, 0.027441693289814408, 0.02737494758172225, 0.027534438547434537, 0.027477812942110814, 0.027257681935369996, 0.027312881015882508, 0.027401772622535625, 0.02727519617767418, 0.027289199478241665, 0.026899541002077507, 0.02682980371428272, 0.02686455824680388, 0.02686455824680388, 0.026975907618405254, 0.02700312907038436, 0.027029507685384983, 0.027050972293816283, 0.027542175450959366, 0.02756324082719518, 0.02741678318111007, 0.02741678318111007, 0.02737494758172225, 0.027213712029948794, 0.027149653284515216, 0.027247167986146858, 0.02722450876601854, 0.027077032966809977, 0.02676400262917888, 0.026871394395056872, 0.026910463786870894, 0.027041193066301265, 0.026465873289570327, 0.026465873289570327, 0.026239213527287975, 0.026162100645859495, 0.026431150453313876, 0.026633843745375193, 0.026723069602491253, 0.02686264381353893, 0.026837196240308274, 0.026783759928702456, 0.02659188152924321, 0.026564238658583914, 0.02653573639683755, 0.026562025986166717, 0.026332287932405385, 0.026216804083002386, 0.026268596911016573, 0.02644782310396785, 0.026545425064156247, 0.026537951261219418, 0.02674203295433263, 0.0264367091718454, 0.0264367091718454, 0.026134846547887607, 0.026012273398281414, 0.026279502371581526, 0.02626524047372986, 0.02619100951837933, 0.026174453973604236, 0.02604614429532827, 0.02604614429532827, 0.02606306323719686, 0.02582945636916369, 0.0253111252461144, 0.02525998691162587, 0.02508486819269533, 0.02505468305241842, 0.02505468305241842, 0.024898192705495713, 0.02443804327649154, 0.02443804327649154, 0.02433561260408964, 0.024351306380746385, 0.024351306380746385, 0.024343158951851383, 0.02476416106936368, 0.02459387678895306, 0.02459387678895306, 0.024569966733923806, 0.024557105459956565, 0.02443954640682655, 0.02443954640682655, 0.02443954640682655, 0.024664276405608275, 0.02469285610975658, 0.02459985067152288, 0.024623731708766364, 0.024623731708766364, 0.024604927331321098, 0.02444555800390838, 0.02427394672886794, 0.024312959507225774, 0.02432866789679725, 0.024522376287291377, 0.024627311867029225, 0.024627311867029225, 0.02451758219594041, 0.024581028025196797, 0.024611794086641985, 0.02448969795898776, 0.02436126064899277, 0.02452806805374161, 0.024552318149832865, 0.0245989546816236, 0.0245989546816236, 0.024980678247683467, 0.025088382546021384, 0.02513665507921507, 0.025364477812363447, 0.025454689636485377, 0.025454689636485377, 0.025340135141304832, 0.025383298381705523, 0.02506728903555063, 0.02521486442071625, 0.02521486442071625, 0.025608066331226375, 0.02561581144368391, 0.02533462581736945, 0.024914416775539946, 0.02497832529802344, 0.02497832529802344, 0.025012127670637, 0.025074615182104243, 0.025109750931395853, 0.025109750931395853, 0.025109750931395853, 0.0248485699502291, 0.0248485699502291, 0.02487930046919999, 0.02448969795898776, 0.024577441124838405, 0.024750213357150882, 0.02459746129259718, 0.024322627409094456, 0.02407457800507517, 0.024123356452422046, 0.024123356452422046, 0.024123356452422046, 0.02414679595934088, 0.02410873328087072, 0.024069999957606645, 0.024061146595916915, 0.024021113162195885, 0.024323533577880616, 0.02446238261628058, 0.024527169441587154, 0.02457355472528822, 0.024529565667511008, 0.024719025144241284, 0.02482016954669188, 0.024634768858966264, 0.024613286606039037, 0.02474783849559557, 0.02474783849559557, 0.024843543077690457, 0.025294865172236693, 0.025386771422638725, 0.025216903951475866, 0.02499243967315569, 0.02511413944374762, 0.02511413944374762, 0.02511413944374762, 0.025172871695294422, 0.024937996580908176, 0.02490763345004163, 0.02490615856959635, 0.02484502167519313, 0.024753478419760548, 0.024835261304879255, 0.024943888049388137, 0.02504969754186217, 0.02490999307711748, 0.02485300458163346, 0.025078130972248, 0.025067289035550628, 0.025067289035550628, 0.025143668818067365, 0.02507315012404419, 0.025089846714622735, 0.025089846714622735, 0.025105946933516997, 0.025354337873026617, 0.025585104084611583, 0.025684554240449887, 0.025611508892587762, 0.025611508892587762, 0.025611508892587762, 0.025520699881644696, 0.02545613273609232, 0.025360132620524924, 0.025493048272109037, 0.025421475735515994, 0.025421475735515994, 0.025703140441810383, 0.026051785163479325, 0.025834291402028, 0.025834291402028, 0.025920317458373403, 0.02592060090006418, 0.026228011198498664, 0.026363239712965194, 0.02632866056879724, 0.026347628944943188, 0.026146369787433673, 0.026168558794625183, 0.026585249861607124, 0.026668302670903875, 0.026408903878836633, 0.026481414352757842, 0.026302975698811053, 0.025984013923792387, 0.026250411075498473, 0.026178944647505233, 0.026178944647505233, 0.026230532139598892, 0.026512192035563795, 0.026502214000697667, 0.0264825240797144, 0.026600721180955578, 0.026607625115476093, 0.026420029507623066, 0.026403339306432665, 0.026443655926809938, 0.026279502371581526, 0.026367698234849427, 0.02667491369073503, 0.026617287615382602, 0.026300741046438914, 0.026156483568191294, 0.026274190020331545, 0.026274190020331545, 0.02626719844760218, 0.0259237185541247, 0.026050375060953083, 0.026418917155581326, 0.026418917155581326, 0.026418917155581326, 0.026541273211235915, 0.026855805437824534, 0.02723206393431186, 0.02723206393431186, 0.02745534407665194, 0.027093308157897136, 0.02710008660276847, 0.02710008660276847, 0.027301042814799403, 0.027206961894158707, 0.027323638566080395, 0.027163721304380235, 0.027163721304380235, 0.027163721304380235, 0.027163721304380235, 0.026948931295307125, 0.026948931295307125, 0.026920563417095814, 0.026504708861572784, 0.026474477505395146, 0.02658220979435345, 0.026546808870832102, 0.026546808870832102, 0.02676263005287296, 0.026607625115476097, 0.026914831659612996, 0.026914831659612996, 0.026914831659612996, 0.026924656782531933, 0.026877682115806927, 0.026773608693057793, 0.026773608693057793, 0.026913739757883928, 0.02690090659271922, 0.026777998888822818, 0.026736537714887314, 0.026721969865063984, 0.026721969865063984, 0.02648585298160634, 0.02683965996317345, 0.026877682115806923, 0.02672334452977664, 0.0266208756506649, 0.02671097000049506, 0.026844860413349984, 0.02721344205666436, 0.027192916244447765, 0.027219110933313015, 0.027159393459008335, 0.027159393459008335, 0.027152900397563424, 0.027152900397563424, 0.027040377971032998, 0.026888613780193436, 0.026888613780193436, 0.02710523708715754, 0.026833089532842674, 0.026795552478966755, 0.027073776754547973, 0.02719966986594372, 0.02719966986594372, 0.027159393459008335, 0.02700993014671849, 0.027320142826889333, 0.027320142826889333, 0.02747781294211082, 0.02747781294211082, 0.027375215962245705, 0.02735776575195379, 0.02710523708715754, 0.027147488326712287, 0.027160475485002628, 0.027160475485002628, 0.02724716798614686, 0.027256873314031146, 0.027256873314031146, 0.02731476389300505, 0.027294314276726846, 0.027294314276726846, 0.02740418558824732, 0.027408206725693815, 0.027274118702909692, 0.027274118702909692, 0.02713801460561723, 0.026996598425183354, 0.027256873314031142, 0.02730615539487351, 0.02730615539487351, 0.027193186421511955, 0.02701863302634397, 0.02711309646646801, 0.026969370381518185, 0.026969370381518185, 0.026833089532842674, 0.026833089532842674, 0.02690500294877273, 0.02704662640700315, 0.027143428565413664, 0.027143428565413664, 0.02715831138990457, 0.02719966986594372, 0.027159393459008332, 0.027546443157189, 0.027557909342817332, 0.02738165630565135, 0.02738165630565135, 0.027445708931917032, 0.027500530607125918, 0.027683458554722176, 0.027683458554722176, 0.027536573082772246, 0.02744035461185751, 0.02744035461185751, 0.02744035461185751, 0.027741783118830785, 0.0275058732132701, 0.027487704115677258, 0.027381387988253358, 0.027381387988253358, 0.0276178292013677, 0.027635646900187386, 0.02781715811714572, 0.02781715811714572, 0.02781715811714572, 0.02781715811714572, 0.02781715811714572, 0.027600532381733184, 0.027600532381733184, 0.027600532381733184, 0.027600532381733184, 0.027616499061397397, 0.027616499061397397, 0.027583757421159788, 0.027583757421159788, 0.02764202656559503, 0.027810554449264585, 0.027810554449264585, 0.027817950451946287, 0.027817950451946287, 0.027823232107322817, 0.02789101237726181, 0.027984368814736267, 0.027928655462058444, 0.027411423210934878, 0.027248246526620938, 0.02712041177220356, 0.02726226366991859, 0.027563240827195176, 0.027547243278500628, 0.027578429903066765, 0.027269808378123813, 0.027269808378123813, 0.027459625277999757, 0.02751441922531025, 0.027515220277853046, 0.027515220277853046, 0.027434195851907456, 0.0273773629117196, 0.0273773629117196, 0.027695133293834592, 0.027467115774678485, 0.027616499061397393, 0.02738997284125886, 0.02743633818608497, 0.02743633818608497, 0.02743633818608497, 0.02741142321093488, 0.027632456515142192, 0.02764867048506739, 0.027864658326874733, 0.02787915613749411, 0.02787915613749411, 0.02787915613749411, 0.02787915613749411, 0.027880210229641014, 0.027787561451638233, 0.027787561451638233, 0.027787561451638233, 0.02781187530827911, 0.027928655462058444, 0.027928655462058444, 0.027928655462058444, 0.027965722458986486, 0.02797596636181762, 0.02806432843686527, 0.028177976636851315, 0.028290648920209136, 0.028290648920209136, 0.028402356901338667, 0.028545817092341, 0.028545817092341, 0.028654992085648378, 0.028654992085648378, 0.02860957453549494, 0.02860957453549494, 0.02860957453549494, 0.028408823004302655, 0.028408823004302655, 0.028408823004302655, 0.02852856785177744, 0.02852856785177744, 0.02847985324429054, 0.028096510059988238, 0.028096510059988238, 0.028122908085467857, 0.028044163422017356, 0.027619691289708058, 0.027619691289708058, 0.027321218486587244, 0.02745240036343426, 0.027314763893005044, 0.027364478688210944, 0.027493850889511527, 0.02736984785176146, 0.027329015753239563, 0.02740177262253562, 0.027455611671294046, 0.027170482182707324, 0.027170482182707324, 0.02738809513460257, 0.0276816007558841, 0.0276816007558841, 0.027943645913494814, 0.027943645913494814, 0.027712105952571172, 0.027712105952571172, 0.027712105952571172, 0.027712105952571172, 0.027668858203505873, 0.02762501085049191, 0.02762501085049191, 0.02806406664641983, 0.028071657578128042, 0.028059092163882002, 0.02793391618569419, 0.02793391618569419, 0.027807648338585716, 0.027798135306718184, 0.02769513329383459, 0.027566439222876996, 0.027566439222876996, 0.027408206725693808, 0.027435267039907237, 0.027192105697148534, 0.027192105697148534, 0.027482090643225248, 0.027482090643225248, 0.027482090643225248, 0.02752910148499998, 0.02752910148499998, 0.027965722458986483, 0.028189707196718705, 0.028189707196718705, 0.027973865354239884, 0.02755391005254378, 0.027311536024178497, 0.027274118702909682, 0.02719750888952733, 0.02719750888952733, 0.02719750888952733, 0.027534438547434537, 0.027534438547434537, 0.027958102764745706, 0.027958102764745706, 0.02796992553965558, 0.02805464056342296, 0.028272984148353726, 0.028151891225845497, 0.028026343292826248, 0.02820612178450715, 0.02820612178450715, 0.028080031397156698, 0.028240483316671183, 0.028404684867975205, 0.028404684867975205, 0.028044163422017352, 0.028018215649167687, 0.028018215649167687, 0.0278065914957631, 0.02769513329383459, 0.027425624841727555, 0.027310728997361946, 0.027354811538113623, 0.027354811538113623, 0.02721452193373296, 0.02721452193373296, 0.027039019424316618, 0.02700448942267918, 0.027339766954801514, 0.02735776575195378, 0.027041193066301258, 0.027166155414412245, 0.02731691559365772, 0.02731691559365772, 0.027224508766018538, 0.027239347290570794, 0.027280582913156978, 0.02715939345900833, 0.02690090659271921, 0.02690090659271921, 0.026980537202863506, 0.02720912211980776, 0.02722019058548643, 0.02722019058548643, 0.02724069584654697, 0.02724069584654697, 0.02729431427672684, 0.02729431427672684, 0.027201560579481164, 0.027201560579481164, 0.02712718344452024, 0.027322294103937186, 0.027322294103937186, 0.0273010428147994, 0.0273010428147994, 0.027310728997361946, 0.02742214210361802, 0.02758881761045328, 0.02758881761045328, 0.02775052123062607, 0.0277272134796654, 0.02748850594673478, 0.02748850594673478, 0.027080560088260312, 0.027186431189406352, 0.02729135319444005, 0.027152900397563424, 0.027008570068458956, 0.027057761344567877, 0.026915923517046747, 0.026854984715721446, 0.02681336858162132, 0.027050972293816283, 0.027321487394894657, 0.027338423285827987, 0.027338423285827987, 0.02722019058548643, 0.027073776754547967, 0.027116347957101675, 0.027454273672001282, 0.027347021626435566, 0.027347021626435566, 0.027347021626435566, 0.02759973380528241, 0.027477812942110814, 0.027354811538113623, 0.027354811538113623, 0.027354811538113623, 0.027418926875798916, 0.027418926875798916, 0.027535772651411182, 0.027633785887007583, 0.027633785887007583, 0.027633785887007583, 0.027642026565595026, 0.027642026565595026, 0.027642026565595026, 0.027642026565595026, 0.027755815717115013, 0.02766354707434847, 0.02766354707434847, 0.027722708587520288, 0.027970713546967844, 0.027970713546967844, 0.02782455236451638, 0.02782455236451638, 0.02782455236451638, 0.028068255000543052, 0.028068255000543052, 0.027990931476068442, 0.027990931476068442, 0.02788653394579907, 0.027833000527563444, 0.027833000527563444, 0.027778834991219265, 0.02785621976492569, 0.027824552364516385, 0.027900230413795097, 0.027900230413795097, 0.027896280199689562, 0.027996967765842654, 0.028065113793549777, 0.02800667558906305, 0.02800667558906305, 0.02796677328837321, 0.027951006699405374, 0.027985681470118588, 0.02799198135909931, 0.02799198135909931, 0.028138317255287027, 0.028138317255287027, 0.028138317255287027, 0.028138317255287027, 0.028138317255287027, 0.02825738841435988, 0.02825738841435988, 0.028207424120436878, 0.02833113236749442, 0.02833113236749442, 0.02834124419373609, 0.028514915538420685, 0.02865191520471117, 0.028615993815361652, 0.028615993815361652, 0.028571542856914288, 0.028571542856914288, 0.028351611551215575, 0.028382949753940196, 0.028382949753940196, 0.028083955765322154, 0.028061186790327184, 0.02819700374877025, 0.02801716674921041, 0.027939438879439924, 0.027939438879439924, 0.027939438879439924, 0.027939438879439924, 0.02791286734223674, 0.02791286734223674, 0.028252187923220737, 0.028252187923220737, 0.0280140198137013, 0.028011659380059756, 0.028011659380059756, 0.028005363917708075, 0.028053854913544486, 0.028345650783980016, 0.02833216964396998, 0.028428212488760575, 0.028428212488760575, 0.028514915538420685, 0.028268566230615483, 0.028268566230615483, 0.028363270298765206, 0.02815528369596016, 0.028335281245565686, 0.028335281245565686, 0.028122908085467864, 0.028316606507165238, 0.02864165654769149, 0.02864858154411482, 0.02864858154411482, 0.02852650754391539, 0.02852650754391539, 0.02852650754391539, 0.02852650754391539, 0.02852650754391539, 0.028589280137413575, 0.028589280137413575, 0.028726692415641197, 0.028726692415641197, 0.0288868588158162, 0.029016532936818443, 0.029223669467451502, 0.029747920524134188, 0.029747920524134188, 0.029698237424508025, 0.029698237424508025, 0.029697495256162526, 0.0296715076689227, 0.0296715076689227, 0.029817978414619157, 0.029938712908410825, 0.029938712908410825, 0.029938712908410825, 0.029938712908410825, 0.029929140806039773, 0.029846546308251683, 0.030080952004040495, 0.03026309128092421, 0.030490440121052866, 0.03049814982678692, 0.030441003496559555, 0.030262120189559535, 0.030262120189559535, 0.030106098100835702, 0.02995073505963159, 0.029852453493671785, 0.029787163376877906, 0.029787163376877906, 0.029787163376877906, 0.029920302301212103, 0.030052362466134314, 0.030224223289761935, 0.030190172748963278, 0.02986598638681038, 0.029604081351277584, 0.02944107917276714, 0.029443824063973147, 0.029620208214897435, 0.029620208214897435, 0.029620208214897435, 0.029795055061577733, 0.029795055061577733, 0.029795055061577733, 0.029846546308251683, 0.02979702765617499, 0.02979702765617499, 0.02979702765617499, 0.02967274568917905, 0.029819703115181263, 0.030185305250423167, 0.030185305250423167, 0.03032614551902065, 0.03041202769582174, 0.030503930827327275, 0.03057105473736721, 0.03054148065854579, 0.03065553184423753, 0.03080209375337717, 0.030698640533617202, 0.030698640533617202, 0.030657449073161147, 0.030657449073161147, 0.03062412014562831, 0.03062412014562831, 0.03045958178388173, 0.03045958178388173, 0.03052102654277031, 0.03052102654277031, 0.03053378189374343, 0.03050971073247978, 0.030555910614304852, 0.030518137798592457, 0.03076199616675201, 0.03068260159791419, 0.030607562090811107, 0.03059507763530278, 0.030503930827327278, 0.03046440545948665, 0.03046440545948665, 0.03046440545948665, 0.0303503622679519, 0.030136587025591015, 0.030065072283774266, 0.03009071997429488, 0.030213282658122266, 0.03033462358024411, 0.03004062555396391, 0.029667545656931624, 0.029667545656931624, 0.029667545656931624, 0.029667545656931624, 0.029667545656931624, 0.029636822105107624, 0.029479733612730475, 0.02947499805265611, 0.02947499805265611, 0.02947499805265611, 0.029419860014373047, 0.029419860014373047, 0.029156971372072182, 0.029200531166541532, 0.029393876913398138, 0.02936111547678011, 0.02927767136942975, 0.029243774847767835, 0.029259598111263472, 0.02923950361118621, 0.029077489715641985, 0.029280933407671444, 0.02926863613536664, 0.02926863613536664, 0.028950880286923147, 0.028950880286923147, 0.028950880286923147, 0.028931333201501905, 0.028949611396355567, 0.028805356644703628, 0.028805356644703628, 0.02894047374194423, 0.028871594683907514, 0.028871594683907514, 0.02885301243424354, 0.02876324184845396, 0.02876324184845396, 0.028773457156460954, 0.028854285572828993, 0.028854285572828993, 0.02888355227178151, 0.02878494504466684, 0.02878494504466684, 0.02878494504466684, 0.02878494504466684, 0.028813262252522766, 0.028813262252522766, 0.028687791615164493, 0.028612655969564468, 0.028640373957198314, 0.028894996389107416, 0.02904588909758811, 0.02904588909758811, 0.029343844746212037, 0.029343844746212037, 0.02939112735753664, 0.02939112735753664, 0.029387877550765308, 0.029387877550765308, 0.029387877550765308, 0.029387877550765308, 0.029772607599357268, 0.02981674642456716, 0.029822905865889635, 0.03003671223074611, 0.029783463429855682, 0.029750637105165754, 0.029840637953458492, 0.02988074255285842, 0.029993876926153185, 0.02989966896274326, 0.02989966896274326, 0.02989966896274326, 0.02989966896274326, 0.029790123003630393, 0.029790123003630393, 0.029642771084212427, 0.029642771084212427, 0.029642771084212427, 0.029616983544677775, 0.029514603787526843, 0.029274910899322396, 0.029234477828029543, 0.029227440279746057, 0.029227440279746057, 0.029227440279746057, 0.029030708582746072, 0.029011721768967793, 0.029169063847067245, 0.029179137081420455, 0.0291834171531487, 0.029145125962104515, 0.029020583827936434, 0.029274659934587013, 0.029673736068195015, 0.029449812029475306, 0.029449812029475306, 0.029498917309775614, 0.029498917309775614, 0.029498917309775614, 0.029498917309775614, 0.029497671993925625, 0.029669774353777642, 0.02978839659042714, 0.02978839659042714, 0.029830788094975746, 0.030305546067493645, 0.030202824573951653, 0.029659867752605384, 0.029527545078576155, 0.0297575509196354, 0.0297575509196354, 0.0297575509196354, 0.0297575509196354, 0.029772607599357265, 0.029772607599357265, 0.02991023304516911, 0.030448725719792995, 0.03046151134578499, 0.030473809430796306, 0.030473809430796306, 0.030473809430796306, 0.030473809430796306, 0.030352056716782396, 0.030262120189559535, 0.030368512156710027, 0.030368512156710027, 0.030368512156710027, 0.030368512156710027, 0.030368512156710027, 0.03038592585056309, 0.03036972176362503, 0.030256050162381923, 0.030256050162381923, 0.030256050162381923, 0.03019674262741136, 0.030281293477886266, 0.030281293477886266, 0.030281293477886266, 0.030310636645863295, 0.03029099684387951, 0.03029099684387951, 0.03029099684387951, 0.03029099684387951, 0.03034358352641444, 0.03034358352641444, 0.030833324140465627, 0.030833324140465627, 0.03102715071727749, 0.03102715071727749, 0.03102715071727749, 0.031052003780360295, 0.031029044984547317, 0.031099288002874186, 0.031192463768006003, 0.031192463768006003, 0.03121224249605678, 0.03121224249605678, 0.03109172735960615, 0.03109172735960615, 0.03109172735960615, 0.030993982299399828, 0.030962676675939618, 0.030962676675939618, 0.030822838074044633, 0.030822838074044633, 0.030887841872008538, 0.030887841872008538, 0.03084190099755294, 0.0309818906947334, 0.03099587859370852, 0.030856190461492784, 0.030618121884843003, 0.030413235572020015, 0.030424587264317682, 0.03060396132822664, 0.03060396132822664, 0.03060396132822664, 0.030479836091476364, 0.030479836091476364, 0.030785870069211414, 0.030785870069211414, 0.03091328226520379, 0.03091328226520379, 0.03091328226520379, 0.030658647280355087, 0.030792551444948434, 0.03073332300382018, 0.030719933035641297, 0.030719933035641297, 0.030719933035641297, 0.03074837974825433, 0.030588353125638776, 0.030711322116158544, 0.030668231252605118, 0.030668231252605118, 0.030668231252605118, 0.030454757344263294, 0.030454757344263294, 0.030454757344263294, 0.030454757344263294, 0.03045548105892619, 0.03047597916593409, 0.030231757866082967, 0.030231757866082967, 0.030231757866082967, 0.030231757866082967, 0.030231757866082967, 0.030231757866082967, 0.030253378964596834, 0.030253378964596834, 0.030253378964596834, 0.03017727216138067, 0.03022227857804536, 0.03022227857804536, 0.030383266071027603, 0.030559517038602768, 0.03057706223125233, 0.03057706223125233, 0.03052198939673975, 0.03052198939673975, 0.030562642262095343, 0.030666314697773145, 0.030590274564952565, 0.03072567230794975, 0.03083237100906799, 0.03083237100906799, 0.031023598654401588, 0.031251997487181125, 0.031254818404037925, 0.031288649568761116, 0.031293110671683055, 0.031441140343862355, 0.031441140343862355, 0.031518857329334425, 0.03147500466032288, 0.031475938331963216, 0.031452354637529094, 0.031452354637529094, 0.031472203479208996, 0.03150370240632238, 0.031910589375405064, 0.03225978731410083, 0.03222765956156802, 0.032265252681673594, 0.032399773241836884, 0.032382308094869035, 0.032458450677876845, 0.0331624572586015, 0.032889276212709796, 0.03259961186697705, 0.032751382584930516, 0.032584057701988724, 0.03239047479032775, 0.03251815191676232, 0.03248017291599694, 0.03197590929919279, 0.03202550004389041, 0.03206126787822316, 0.03205851792314441, 0.03232803799825048, 0.032280505268786654, 0.032282553574742544, 0.03218134838184176, 0.03219390232542143, 0.032250448501864724, 0.03249215917976621, 0.03274330590567564, 0.032737022666412784, 0.03320939134445839, 0.033677970756649134, 0.03388132951635633, 0.033792741643067406, 0.033907340725896525, 0.033621203222407865, 0.03343604312103687, 0.03382164504380867, 0.03388675016484605, 0.033804262501425854, 0.03367513465270111, 0.03437645136082643, 0.034685384794857714, 0.034991800788884524, 0.03455550991240213, 0.03490161097971828, 0.034682842903036866, 0.03490245298671421, 0.03521595185858423, 0.035345894314587074, 0.03487233860812893, 0.03492349656384506, 0.03542064427443869, 0.035651373159575006, 0.03580949594730425, 0.035585573779615944, 0.0354272810824929, 0.0356152913731144, 0.03586116084488701, 0.03591336514333302, 0.035952826235022384, 0.03658383718060672, 0.03659688845923871, 0.036646440927504284, 0.03664002495320423, 0.036600903300997634, 0.036467172825399435, 0.0364109200933019, 0.03650442522797051, 0.036502815099716375, 0.03656073504374297, 0.03730216385910378, 0.03704285438818788, 0.03688085615899404, 0.037224876474898194, 0.037304724217980645, 0.03742093706218813, 0.037343108535605886, 0.037796987246313155, 0.03768329895866554, 0.037487826595538225, 0.03733523804664971, 0.03708190603383328, 0.036906943099904554, 0.03683141959506524, 0.03683141959506524, 0.036709138049354016, 0.03677232766133595, 0.03751290390230639, 0.03738184651645223, 0.037528568709554525, 0.03781175716085986, 0.037874659020489775, 0.03824144562206437, 0.03839311162706357, 0.03839846935724902, 0.03854360901522284, 0.03835865120737406, 0.03854303716997033, 0.03840841744477693, 0.03853598371413823, 0.0386760485920405, 0.03856666637268563, 0.0387898577108049, 0.038775460365166686, 0.03867775820276864, 0.03859637288658094, 0.03867623855251993, 0.03883547715316867, 0.03872331997910409, 0.03858571164119101, 0.03861312032489074, 0.038995572747140814, 0.0394883397928026, 0.03954467378155744, 0.03958032906608524, 0.03961242847637492, 0.039508428447197784, 0.03939054066495598, 0.039456325635480315, 0.0390354940524437, 0.039098494151283615, 0.03917827386265432, 0.03890805488191202, 0.03799454310979997, 0.03772519322788994, 0.03734251830647456, 0.03700316588772217, 0.0366073261319454, 0.03591827458244051, 0.03554425812581106, 0.035466247248300053, 0.03544904938134189, 0.03563591401026412, 0.03541234651522383, 0.035056199777744636, 0.03554487821539046, 0.03504530013032404, 0.034848869275715656, 0.03503625084779175, 0.03526011934645898, 0.03509705168151157, 0.03516965668044555, 0.035287779233968614, 0.03516669017634704, 0.03458131995450605, 0.034367739025345935, 0.034152736406935724, 0.03390349232507965, 0.03391133601325789, 0.03349519514735186, 0.033700964922902345, 0.033762081375050185, 0.03389417287826981, 0.03392121387893435, 0.033602107805606365, 0.033279014899078085, 0.0339017586684869, 0.033815179781770635, 0.033790141298603533, 0.033845062582664696, 0.033947151243528824, 0.033356678736446925, 0.032941069459610096, 0.033073019029944965, 0.032955295879882676, 0.03320373620481863, 0.03340030453240124, 0.033352229310797205, 0.03331312813475266, 0.033275835689225396, 0.03332402112100923, 0.03333746706341202, 0.03320740905771678, 0.03307692851520528, 0.03282649900209728, 0.03267768532756485, 0.0326008378507582, 0.03241800860066289, 0.0324005986339255, 0.03219153799319546, 0.03274811625677646, 0.03303474386219479, 0.03237174277996545, 0.03197003597120279, 0.032089816809342225, 0.03229089111467183, 0.03170104124987901, 0.031700624084502485, 0.03117739526500256, 0.031008969341012237, 0.031319028837863715, 0.030963018362595872, 0.030760811538881945, 0.030590860579924984, 0.02999834444411483, 0.03015097683461736, 0.030237016373704493, 0.030166519081083715, 0.030170025941422766, 0.03036581214027999, 0.030018077818514087, 0.03023468369206438, 0.029757708930902703, 0.029636187476854467, 0.0294130266850508, 0.02942081895112884, 0.029357872357985263, 0.029714224175760452, 0.029724162094916958, 0.029832915939770083, 0.030095124291526845, 0.029794226532901934, 0.03008164563453324, 0.02994912584326144, 0.029977764821171534, 0.02986752136775098, 0.029888816009487226, 0.029843158994575462, 0.02982010717346158, 0.02962195435132255, 0.029495290803649266, 0.029515808562565943, 0.02957504077317044, 0.0298151299764097, 0.030015728122000936, 0.029720800384750813, 0.029583237393731567, 0.029221165379266605, 0.029144682295788527, 0.02901492255051261, 0.028914629021112682, 0.028531204828741323, 0.02875814305265093, 0.028540885388780607, 0.028468510638232972, 0.028034898368473043, 0.02766945298648726, 0.02742043807983009, 0.027594366772060938, 0.02716221745629133, 0.02724383502627293, 0.027453642113681797, 0.027838659362513153, 0.027875740605151904, 0.02774174074552347, 0.02761459418939374, 0.027498724571536494, 0.027590532537707317, 0.027170695198154588, 0.02745906905685967, 0.027296231032350037, 0.027095058364120614, 0.027326252309933078, 0.0271255189736867, 0.027369629824582836, 0.026987975856227656, 0.02681869862462323, 0.026783646853546863, 0.026772745508087455, 0.027024140077693055, 0.026722131468205942, 0.02652576383327681, 0.026585854455760075, 0.026750929489859396, 0.026731441092038854, 0.02640966087921431, 0.02628030037414152, 0.02612305229532894, 0.0266038662220209, 0.026602798379731667, 0.026950781746262847, 0.02685662279131728, 0.026598268779016748, 0.026390885563321424, 0.02645017155918284, 0.02619113699599271, 0.02619113699599271, 0.025997465810563714, 0.025998633873057772, 0.025566715926479626, 0.025242856010995223, 0.025244369426767287, 0.0254219346074148, 0.025411297182351723, 0.025411297182351723, 0.024910579344232582, 0.024918600216197833, 0.02480188570842706, 0.02465424217336355, 0.02450482967806594, 0.023982459236292032, 0.02369311585198348, 0.0236062146781006, 0.023621190417392062, 0.023621190417392062, 0.02367433778139857, 0.02367433778139857, 0.02367471017860234, 0.023581261671946584, 0.023682405076429262, 0.02370601198180819, 0.02370601198180819, 0.023634042897343447, 0.023806378497009114, 0.023671523924284215, 0.023671523924284215, 0.02367777188910844, 0.023337778429850967, 0.023328962117277925, 0.023137498144962947, 0.02304021293835842, 0.02316187190630503, 0.02282921472363778, 0.022687991609336135, 0.022977926941537025, 0.023007196389701345, 0.023153073230135147, 0.022934059512312394, 0.022934059512312394, 0.023201213550245223, 0.023060526924613346, 0.02298555677829371, 0.022816424087995606, 0.022439312805513326, 0.0224820105862443, 0.02267520771454938, 0.02280487201795052, 0.02273285099334694, 0.022627420244888195, 0.022932778074277918, 0.023064179843140638, 0.02301141118875501, 0.02320260682046969, 0.02307458324296963, 0.02288099077346762, 0.022747841880145066, 0.022869771154365785, 0.02248187986910747, 0.022488353811314362, 0.02211796241122789, 0.022098156170197756, 0.021980013555918648, 0.022216464201862844, 0.022355451693226048, 0.022242684098785548, 0.021757881424477724, 0.0216849580142926, 0.021681298628174507, 0.02190232901603231, 0.021973594914564798, 0.02195499701383608, 0.022133768088509434, 0.022133768088509434, 0.022183104804682104, 0.022319271804374603, 0.02191708344964666, 0.022097757204508055, 0.02177786219151579, 0.021889310036580664, 0.02213270587586965, 0.022216331922296096, 0.022486916286623932, 0.02222307717629747, 0.022062619971345197, 0.0221650804608676, 0.022016839937110105, 0.022016839937110105, 0.022043386161599305, 0.022300654698909628, 0.02249262228249203, 0.0225720509859934, 0.0225720509859934, 0.022532045569610862, 0.02239962135248482, 0.022155885936532824, 0.02208600665117889, 0.022042630681180928, 0.02189387427140854, 0.021592107779634363, 0.021608162101107883, 0.021725215670238288, 0.021519988240646208, 0.021644037120120238, 0.021095607822192636, 0.020905853491404783, 0.02063689622288889, 0.020675735951662208, 0.020503316207633435, 0.020140486587965047, 0.02035399414245323, 0.02035081746339865, 0.0203369497843362, 0.020496578509893906, 0.020495431447131857, 0.02027979028189273, 0.020157405485785297, 0.020288627959765927, 0.02033073515239266, 0.020442021945602382, 0.020403313456397214, 0.02030865543836631, 0.020358950696668713, 0.020421069951380693, 0.020421069951380693, 0.020324856000192747, 0.020444226169592947, 0.020065688452211752, 0.019691813693273958, 0.01988532060365645, 0.01963861294407898, 0.019471801065507353, 0.019345165931000923, 0.01938022598381332, 0.01925609195945584, 0.01928369555572048, 0.01928369555572048, 0.019008638637660048, 0.019367635954059523, 0.01950944554071494, 0.01950944554071494, 0.019574561167442776, 0.019168546089457932, 0.019168546089457932, 0.019216167087924167, 0.019205866875748646, 0.019399373438230366, 0.019531927185811343, 0.01947225383430882, 0.01991411805627312, 0.01968375316791769, 0.01948583200634736, 0.019422839910890503, 0.019422839910890503, 0.019434638128446664, 0.019445673565298853, 0.019699274201899722, 0.019825821546659784, 0.019911756756822246, 0.019623493208760896, 0.019852929049304892, 0.019852929049304892, 0.01989182213260267, 0.019781896898375506, 0.019781896898375506, 0.01974516877101631, 0.01992901730171973, 0.019804069258202283, 0.01983091011321383, 0.020141021598230995, 0.020096177319508857, 0.020113864037787754, 0.01989118192484665, 0.020241497484330608, 0.020065200253784884, 0.020065200253784884, 0.019879506830822888, 0.01971957030620149, 0.01974384698779724, 0.01974384698779724, 0.01974384698779724, 0.01974384698779724, 0.01955733131496382, 0.019700261678568656, 0.019714403312278635, 0.01983920011554117, 0.019590986682239173, 0.019590986682239173, 0.019422681460139327, 0.019666967644416607, 0.01978065185364479, 0.01989838840772008, 0.01989838840772008, 0.019761254194684552, 0.01959768582756437, 0.01975002309479402, 0.019789390684744904, 0.019939501969094147, 0.020012275416527173, 0.019915094880055974, 0.01998354588461337, 0.01997984453781113, 0.020048831814917702, 0.020118215525199205, 0.02018236207126186, 0.02020925793101884, 0.02020925793101884, 0.019976387694128322, 0.01958706111863914, 0.019608779374847063, 0.019543151209149266, 0.019543151209149266, 0.019599435227181643, 0.019599435227181643, 0.019391386263609128, 0.019391386263609128, 0.019425404783952563, 0.019425404783952563, 0.019479011834300407, 0.019418545312170406, 0.01945928832308148, 0.01945928832308148, 0.019304929686587327, 0.01937533420383254, 0.019806306561088963, 0.019806306561088963, 0.01988493799798411, 0.019650642197534134, 0.019650642197534134, 0.019874737939486506, 0.019762933352462545, 0.01936137497225663, 0.01936137497225663, 0.019167791436976445, 0.019354847096333463, 0.019159663837534986, 0.019059601040859526, 0.019059601040859526, 0.01925539161176547, 0.01925539161176547, 0.019201185762704253, 0.01933342627235458, 0.019473674118498242, 0.019310155517821392, 0.019435607549452255, 0.019548482481945694, 0.019548482481945694, 0.019548482481945694, 0.019548482481945694, 0.01941967401311127, 0.019403172052896007, 0.019403172052896007, 0.01953690343729953, 0.01953690343729953, 0.019672165771018907, 0.019672165771018907, 0.019672165771018907, 0.01953890895790512, 0.019592380443135802, 0.020029541040316255, 0.0199694415524913, 0.020092093683123903, 0.020092093683123903, 0.01999400277430146, 0.01999400277430146, 0.02011504422271131, 0.020135049753388434, 0.02003423559605822, 0.020289749699223543, 0.020188058300866448, 0.02004577170540723, 0.02004577170540723, 0.020085461896402475, 0.020085461896402475, 0.020197227128332947, 0.020126826042141152, 0.020509585215559203, 0.020399819527012805, 0.020399819527012805, 0.020397082224311035, 0.020389444648180672, 0.020295445955450478, 0.020295445955450478, 0.020295445955450478, 0.020295445955450478, 0.02014443722272745]","[0.0, 0.0014020393310154625, 0.001750102037841549, 0.0018586806819760678, 0.0022584083251850863, 0.002321153829895989, 0.00252465394678566, 0.002786556649196939, 0.0028238055087099053, 0.0030409450732914447, 0.0030334193005684567, 0.003232488142567075, 0.003192849153074056, 0.003192849153074056, 0.0029976861825380574, 0.0031099576741000635, 0.0029626243192721648, 0.00302803229702669, 0.0030280322970266905, 0.0030623453730226884, 0.0029758209294380657, 0.003129843185743807, 0.0034295236772854073, 0.0032334981373245957, 0.003113105936428854, 0.0032284450038458368, 0.0033796509903134273, 0.0030761757334159478, 0.003019393100256664, 0.0032162850924503518, 0.0030063877572493497, 0.0030063877572493497, 0.0029593159717083545, 0.002913725436338734, 0.0033319725113401715, 0.0033319725113401715, 0.003281612346368281, 0.003067672121478754, 0.003155817433482074, 0.0030505937862946603, 0.0029537938247588768, 0.0030920569733642704, 0.003155817433482075, 0.003172329344407317, 0.0031558174334820745, 0.003113105936428854, 0.0032324881425670744, 0.0033719127981558703, 0.0033719127981558703, 0.0035076592578794983, 0.00368914568950148, 0.00381190401832181, 0.003728762994531532, 0.0037904283318347426, 0.003982820249880371, 0.00452042981521511, 0.004444671196029727, 0.004502334995106791, 0.004517539514526256, 0.004471040603889955, 0.0042185208743524, 0.004105546273528242, 0.004085614384393024, 0.004174949590310362, 0.004242448272747563, 0.004543486030144965, 0.004915614438310073, 0.004915614438310073, 0.00506222504922288, 0.005126959555693246, 0.00506222504922288, 0.005435484320271595, 0.005612813329283966, 0.005493446930996374, 0.005121224343407561, 0.004929544417414789, 0.0051263226267441835, 0.005612813329283966, 0.005375074750310788, 0.005436085025840128, 0.005375074750310788, 0.005252171562549055, 0.0050570621462485916, 0.0049743833583589395, 0.004921589257173595, 0.004704491991486348, 0.004653548130629104, 0.004723195044519274, 0.004899645968051662, 0.0050860353028700876, 0.004889639192064321, 0.004685017369775916, 0.004764494533868761, 0.004673153897202485, 0.00495596939589635, 0.00482239672819249, 0.00482239672819249, 0.004695460247811231, 0.004791829781311229, 0.004908302004912552, 0.004685017369775916, 0.004673153897202485, 0.004685017369775916, 0.004764494533868761, 0.004865538961693258, 0.005031168160698317, 0.005167559720930931, 0.0047542032959889124, 0.0047542032959889124, 0.004589250972631145, 0.004673153897202485, 0.004517539514526256, 0.0047294129592133855, 0.0047294129592133855, 0.004499433070863893, 0.0047507679293317786, 0.004628924148817974, 0.004645120327520361, 0.00441222790685622, 0.004563564664708893, 0.004505959772278017, 0.004648633769008627, 0.004795235730835942, 0.005189628589596676, 0.005189628589596676, 0.005174505793221381, 0.005370212628329476, 0.005111012519999519, 0.00516755972093093, 0.005375682206350508, 0.005433681805110019, 0.00600625524272956, 0.005839205984602037, 0.00566204693641832, 0.00565685424949238, 0.00560815732406185, 0.005776235621854745, 0.005783015243462743, 0.005598833697790121, 0.005714285714285714, 0.005813987356332299, 0.00576491853492187, 0.005813987356332299, 0.005771145679064045, 0.005780191367497961, 0.005304753355554366, 0.005237229365663817, 0.004685017369775916, 0.0042677719656772205, 0.004257813945187922, 0.004120630029101702, 0.00435861801726283, 0.004577852629113081, 0.004634564021940941, 0.0048108720411083866, 0.004797958749641905, 0.004673153897202485, 0.004908302004912552, 0.005189628589596676, 0.005062870041905528, 0.005180182015555604, 0.0053145929250680785, 0.005436085025840128, 0.005783015243462743, 0.005827450872677468, 0.005728553615932407, 0.005843677902534621, 0.005865986355112612, 0.005714285714285714, 0.005841442371503107, 0.00563603565985735, 0.005671266640365488, 0.005622694538880004, 0.005564317806619355, 0.005385392184380989, 0.005385392184380989, 0.005073178772440693, 0.005200313962264437, 0.005190257749881415, 0.005289342384185661, 0.005299826720309459, 0.0053610842643812195, 0.005382359697973311, 0.005402342651336454, 0.005528995923164291, 0.005645876226711576, 0.005671266640365488, 0.005624436479709387, 0.005345835686183543, 0.00560116605935673, 0.0053537703670270675, 0.005121224343407561, 0.00506222504922288, 0.004929544417414789, 0.00479727813984351, 0.0046591581967176015, 0.004582842892745924, 0.004363858992465551, 0.004797958749641905, 0.004997305396360102, 0.004929544417414789, 0.00479727813984351, 0.005060289577904104, 0.005184592558726288, 0.005237229365663817, 0.005174505793221381, 0.005242837679995015, 0.005373251970147489, 0.005433681805110019, 0.005493446930996373, 0.005493446930996373, 0.005784708907357149, 0.00600625524272956, 0.005832491678834481, 0.00559241468784427, 0.005584819073312282, 0.005592414687844271, 0.005784708907357149, 0.0057262731406764605, 0.005836409295910265, 0.005783015243462743, 0.005783015243462743, 0.005611067780080104, 0.005433681805110019, 0.005375074750310787, 0.004908302004912552, 0.0047542032959889124, 0.004810872041108386, 0.004841318761137174, 0.00497438335835894, 0.0047972781398435095, 0.004865538961693258, 0.004862853785461323, 0.005046720495044484, 0.004987494565492411, 0.004859495228678697, 0.004426266681379905, 0.004343608957481118, 0.004426266681379905, 0.004648633769008627, 0.0044329011093073075, 0.00479727813984351, 0.004932193286180591, 0.004995344771660421, 0.004859495228678697, 0.004929544417414789, 0.004987494565492411, 0.005180182015555603, 0.00497438335835894, 0.00497438335835894, 0.005526042241708152, 0.005517171709623454, 0.005222244415449538, 0.0050860353028700876, 0.0050860353028700876, 0.004908302004912552, 0.004499433070863893, 0.00427617987059879, 0.004206117993046388, 0.0044329011093073075, 0.004554253450324863, 0.0047148917359397195, 0.004889639192064321, 0.004889639192064321, 0.004625395735965271, 0.004343608957481118, 0.004444671196029727, 0.004458607817858551, 0.0045742848219861715, 0.004602749843566232, 0.004614794310758849, 0.0043847602498859155, 0.004685017369775916, 0.004742512896284898, 0.004408526062168208, 0.0041905627696683665, 0.004246294903579268, 0.004180420836153573, 0.004257813945187922, 0.004133289444577171, 0.004206117993046388, 0.004211548748043035, 0.004120630029101702, 0.004047876742497106, 0.004120630029101702, 0.004127755727624732, 0.004120630029101702, 0.004257813945187922, 0.00432250871978913, 0.0041905627696683665, 0.00448198206882916, 0.004685017369775916, 0.004614794310758849, 0.004602749843566232, 0.004444671196029727, 0.004517539514526256, 0.004810872041108386, 0.004841318761137174, 0.004915614438310073, 0.004797958749641905, 0.004810872041108386, 0.004625395735965271, 0.0043974018303019405, 0.004614794310758849, 0.004773395659533052, 0.004625395735965271, 0.004685017369775916, 0.004554253450324863, 0.004695460247811232, 0.004695460247811231, 0.004704491991486348, 0.004571428571428572, 0.004217746762799072, 0.004217746762799072, 0.004215423575201826, 0.004211548748043035, 0.0043974018303019405, 0.004505959772278017, 0.004295227536677974, 0.004351870346207948, 0.00427617987059879, 0.004642307659791978, 0.004648633769008626, 0.004577852629113081, 0.004511029567083554, 0.004582842892745925, 0.0044380543631880225, 0.004444671196029727, 0.00451464736345227, 0.004443936478908247, 0.004517539514526256, 0.004505959772278017, 0.004563564664708893, 0.004841318761137174, 0.004899645968051661, 0.005126959555693246, 0.004810872041108386, 0.005126959555693245, 0.005113567387702193, 0.005091168824543142, 0.005026622999142685, 0.005237852808242738, 0.005190257749881415, 0.0053610842643812195, 0.005217865698633838, 0.005111651356639725, 0.00511101251999952, 0.005082824218957048, 0.004932193286180591, 0.004426266681379905, 0.004343608957481118, 0.0043847602498859155, 0.0042677719656772205, 0.0044262666813799055, 0.004505959772278017, 0.0044262666813799055, 0.004418144406874904, 0.004343608957481118, 0.004133289444577171, 0.004127755727624732, 0.004133289444577172, 0.003979539507766892, 0.0042830467889013735, 0.0042154235752018265, 0.003978718899549534, 0.003976256058769098, 0.003978718899549534, 0.003895785268356414, 0.003635651136134141, 0.00381190401832181, 0.003895785268356414, 0.003976256058769098, 0.004053519508792731, 0.003895785268356414, 0.004060762972443399, 0.0042944672521270716, 0.004139604634577105, 0.004441731598356292, 0.00435861801726283, 0.0043974018303019405, 0.004505959772278017, 0.004648633769008627, 0.004642307659791978, 0.004773395659533052, 0.004712120714991612, 0.004648633769008627, 0.004642307659791978, 0.0044914431115722474, 0.0044914431115722474, 0.00463456402194094, 0.0047542032959889124, 0.005264590997157039, 0.005495824017620384, 0.005447485845857364, 0.005436085025840128, 0.005447485845857364, 0.005387210856865224, 0.005255279172762706, 0.005287490049201811, 0.00534155828368082, 0.005421047417431507, 0.005557271390360781, 0.005598833697790121, 0.005423456236664992, 0.005843677902534621, 0.005954384424737037, 0.005810054620558877, 0.005580724845028499, 0.005863202440402588, 0.00582801117755571, 0.005728553615932407, 0.0057852733518047395, 0.00631163486696415, 0.0065132831308685754, 0.006361106308606056, 0.0063631592718057396, 0.0063328105763490496, 0.0063328105763490496, 0.006272713828600043, 0.006414778854730851, 0.006278437346203598, 0.005993193418115152, 0.006066838601136913, 0.006188336626596976, 0.005903164146351981, 0.005958221896108377, 0.006047971493292067, 0.005921389798253206, 0.005791478609974824, 0.005753579187722001, 0.005638931726879495, 0.0052253698238419796, 0.005317049972321425, 0.005301674745025463, 0.005202197337938762, 0.00495596939589635, 0.005264590997157039, 0.005375682206350508, 0.005457666392239415, 0.0055549205986353085, 0.005542562584220407, 0.005760385474629847, 0.005631398854745106, 0.005613395058396714, 0.005795987352277014, 0.005829691769077417, 0.005897076411585799, 0.005897076411585799, 0.005716570971611337, 0.0058726623660232775, 0.005795987352277014, 0.005861531456915347, 0.006047431568147636, 0.005832491678834481, 0.0060474315681476355, 0.005827450872677468, 0.00576491853492187, 0.005827450872677468, 0.005938459911664722, 0.005947251122860657, 0.005938459911664722, 0.006041489206870662, 0.006041489206870662, 0.005938459911664722, 0.006041489206870662, 0.00597190702116064, 0.006167723755692258, 0.005897076411585799, 0.005852053538053535, 0.006006798869036754, 0.006209406951865657, 0.0061337473980314135, 0.0062204403020220695, 0.006247154454270376, 0.006047431568147636, 0.006194665249310927, 0.006247154454270376, 0.006230406020772119, 0.006404590190652645, 0.0065672036107696655, 0.006404590190652645, 0.006404590190652645, 0.006479606941971788, 0.00616984106566046, 0.00606306987643476, 0.005958221896108377, 0.005454674086300217, 0.005613395058396715, 0.0055994168792611885, 0.0055549205986353085, 0.005411401417943641, 0.005495824017620384, 0.005613395058396715, 0.005705135531130827, 0.0055189469566398345, 0.0055189469566398345, 0.005175136792040045, 0.005436085025840128, 0.005530767374885879, 0.005375682206350508, 0.005375682206350508, 0.005589494519148564, 0.005495824017620384, 0.005399319685036671, 0.005280074210981261, 0.005341558283680821, 0.005299210568854688, 0.005442688411332872, 0.005863202440402588, 0.005771711449927525, 0.005693677123237098, 0.005421649722573907, 0.005561382884844087, 0.006027962054509986, 0.00620782915817944, 0.0063328105763490496, 0.006167723755692259, 0.00629557667845335, 0.006154474065296576, 0.006207303137828695, 0.006240879058960479, 0.006047971493292067, 0.0060127755144987, 0.005899290860184911, 0.005938459911664723, 0.005938459911664723, 0.006084574004507345, 0.0062929828104851225, 0.0060609152673132645, 0.006309565139127891, 0.006332810576349048, 0.006015490208534928, 0.005984469696725049, 0.006152351466831895, 0.00612735585680466, 0.0062810372209873575, 0.006281037220987357, 0.006188336626596976, 0.006272713828600043, 0.006222539674441619, 0.006259686371487613, 0.006347231438885422, 0.005928003415130252, 0.005969172506148844, 0.005969172506148844, 0.0060775935087123804, 0.006101187572589321, 0.0063816062209434135, 0.0060127755144986994, 0.0059762796426662415, 0.005883772217736176, 0.005619790104294513, 0.005714857114288571, 0.005874330183266925, 0.00595219047314276, 0.005762085790151099, 0.0058414423715031066, 0.005657431450070333, 0.005693677123237098, 0.005613395058396715, 0.005554920598635309, 0.005622694538880004, 0.005680471380267734, 0.0054714099216392345, 0.005693677123237098, 0.005174505793221381, 0.005026622999142686, 0.005005140214961872, 0.004642307659791978, 0.0045970709396842896, 0.004499433070863893, 0.004571428571428571, 0.004698936049788292, 0.004592096137797586, 0.0046626610603029365, 0.0046626610603029365, 0.00493947035085127, 0.005047367469022534, 0.004827810590945012, 0.00489497868499247, 0.00489497868499247, 0.005133960558906561, 0.005227244171899096, 0.005137139679007439, 0.005227244171899096, 0.005262729950378629, 0.005267691280681835, 0.005450482098130478, 0.005598833697790121, 0.005798803535987367, 0.0058252091142284145, 0.005854842753949024, 0.005993193418115152, 0.005938459911664723, 0.005656854249492381, 0.005768882040742383, 0.005768882040742382, 0.005647611017419811, 0.005596500364203563, 0.0057620857901511, 0.005445687303186039, 0.005421047417431507, 0.005450482098130478, 0.005360475154083919, 0.005267691280681835, 0.005390240614068264, 0.005478566772208861, 0.005564317806619355, 0.005693677123237098, 0.005561382884844086, 0.005502355710724901, 0.005442688411332872, 0.005333605435235673, 0.00522536982384198, 0.00522536982384198, 0.0053145929250680785, 0.005436085025840128, 0.0058167948254013845, 0.005682195608985624, 0.005345835686183543, 0.005345835686183543, 0.005406571964578226, 0.005237229365663817, 0.0051390462070667695, 0.004984219997110063, 0.004932193286180591, 0.004878273364665839, 0.004471040603889955, 0.004279233194708356, 0.004485623292980655, 0.004539891215095133, 0.004698936049788292, 0.005133960558906561, 0.005047367469022534, 0.0050654491913555, 0.005237229365663817, 0.00511101251999952, 0.0051466652567760925, 0.004934840733116367, 0.005237229365663817, 0.005154906519471502, 0.005217865698633838, 0.005197173486126662, 0.005026622999142686, 0.005091168824543142, 0.005197173486126662, 0.005111651356639725, 0.005358038020448477, 0.005436085025840128, 0.005321347075119001, 0.005214735792708496, 0.005262729950378629, 0.005151738363238695, 0.0053145929250680785, 0.005622694538880004, 0.005596500364203563, 0.005445687303186039, 0.005450482098130478, 0.005418637527373576, 0.0052272441718990955, 0.00488161900209681, 0.0051084563745433164, 0.005137139679007439, 0.0051371396790074395, 0.005100780252439176, 0.005324414310992529, 0.0053145929250680785, 0.00526272995037863, 0.005436085025840128, 0.005436085025840128, 0.005375682206350508, 0.005399319685036671, 0.005459460988569686, 0.00525962674240176, 0.0053507199591861145, 0.0053145929250680785, 0.0053145929250680785, 0.005459460988569686, 0.005436085025840128, 0.005411401417943641, 0.0054714099216392345, 0.005471409921639234, 0.0051517383632386955, 0.005190257749881414, 0.005205334783093363, 0.005200313962264437, 0.005252793231671496, 0.005151738363238695, 0.005276981202566948, 0.005008401105408099, 0.005289342384185661, 0.005252793231671496, 0.005324414310992529, 0.005171981028107319, 0.005171981028107319, 0.005008401105408099, 0.005008401105408099, 0.004837945254518109, 0.0051084563745433164, 0.005044131769306037, 0.004942774565784207, 0.005073178772440693, 0.005267691280681835, 0.005267691280681835, 0.005046720495044484, 0.005205334783093363, 0.005450482098130478, 0.005390240614068264, 0.005329318216532132, 0.005237229365663817, 0.005421047417431507, 0.005358038020448477, 0.005622694538880004, 0.005445687303186039, 0.005993193418115152, 0.0060474315681476355, 0.005880996722408507, 0.006019831172627583, 0.006180416735173136, 0.00612735585680466, 0.006259686371487613, 0.006019831172627583, 0.006285194783726894, 0.006205198610513475, 0.006257599461487461, 0.006259686371487613, 0.006336934171496305, 0.006176188640452053, 0.006154474065296576, 0.006099046429314896, 0.006092618484691127, 0.0057422174483808775, 0.0060452713853431745, 0.00612735585680466, 0.0059653420792481785, 0.005910350657783275, 0.005714285714285714, 0.005798803535987367, 0.0056273385161646535, 0.005445687303186039, 0.005418637527373577, 0.005200313962264437, 0.005200313962264437, 0.0049480567201804024, 0.00488161900209681, 0.004846037725054672, 0.005008401105408099, 0.005073178772440693, 0.005062870041905529, 0.005100780252439176, 0.0050879609804690435, 0.005091168824543142, 0.0050879609804690435, 0.0050879609804690435, 0.0050879609804690435, 0.005622694538880004, 0.0054714099216392345, 0.0053507199591861145, 0.005436085025840128, 0.005737666453056558, 0.0057422174483808775, 0.0061459792730280014, 0.0062929828104851225, 0.006188336626596975, 0.00629557667845335, 0.006116688446456988, 0.006047431568147636, 0.0060127755144987, 0.005993738229117424, 0.005883772217736176, 0.0060609152673132645, 0.005711999542674194, 0.005478566772208861, 0.005421047417431507, 0.005771145679064045, 0.0057422174483808775, 0.0057422174483808775, 0.005711999542674194, 0.005798803535987367, 0.005854842753949024, 0.00593626007461511, 0.005863202440402587, 0.005827450872677468, 0.005753579187722, 0.005498200076537107, 0.005409590878189196, 0.005348888879468143, 0.00519277362872518, 0.0051466652567760925, 0.005299210568854688, 0.005421649722573907, 0.0055402055513329475, 0.005498200076537107, 0.005598833697790121, 0.0054624506722659545, 0.005557271390360781, 0.00560116605935673, 0.005700554931812538, 0.005598833697790121, 0.005598833697790121, 0.005576042045928204, 0.005533718534252219, 0.005466633482560639, 0.005707996539049048, 0.005691956372543519, 0.005576042045928204, 0.005507101167157375, 0.005375682206350508, 0.005362911180182888, 0.00576491853492187, 0.005584819073312282, 0.005707996539049048, 0.005656854249492381, 0.0062120357174683125, 0.006268027063223811, 0.006375463168448618, 0.006167194314620362, 0.006375463168448618, 0.00627063125423036, 0.006159247237334465, 0.006052289160444389, 0.005836409295910265, 0.005430676283664787, 0.005549627676424678, 0.005666082402852819, 0.005598833697790121, 0.005827450872677468, 0.005714285714285714, 0.005650501151694965, 0.005714285714285714, 0.005938459911664723, 0.00576491853492187, 0.005813987356332299, 0.00592524863854433, 0.006124690746045377, 0.0061337473980314135, 0.006239309223931503, 0.006363159271805739, 0.0063508315380341965, 0.006644807701337571, 0.006693768042907141, 0.0064452482100998965, 0.006477590885002648, 0.006426983930972567, 0.006365211572865975, 0.006131085065600758, 0.00629920629920945, 0.006385698306148112, 0.006324555320336759, 0.00634311453789196, 0.006272713828600042, 0.006154474065296576, 0.006414269805898185, 0.006408667600068151, 0.0064020404910449915, 0.006305941480792831, 0.006519797167246909, 0.006962992553932716, 0.006772814806870424, 0.0064755742003693995, 0.006375463168448618, 0.006569689210802183, 0.0064755742003694, 0.006319907000090738, 0.006422409745475254, 0.006527805519311921, 0.006477086772710744, 0.006821335077893327, 0.0070101966550773125, 0.006675694567547536, 0.006675694567547536, 0.006375463168448618, 0.00647305246103145, 0.006422409745475254, 0.006477590885002649, 0.0065756508174833455, 0.00662709343128183, 0.006523302031008153, 0.006523302031008153, 0.00632455532033676, 0.0061656057186257884, 0.005993193418115152, 0.006034458871974439, 0.006247154454270376, 0.00631163486696415, 0.006371364509607475, 0.006565214453186319, 0.006186753459395884, 0.006194665249310926, 0.006565214453186319, 0.006565214453186319, 0.006565214453186319, 0.006717142249498666, 0.006663945022680343, 0.006809357307321706, 0.006817025504917367, 0.006761234037828133, 0.006755919551000578, 0.006809357307321706, 0.006809357307321706, 0.006809357307321706, 0.0069088526470000204, 0.006765579149229562, 0.007146741800803142, 0.00705615956134086, 0.006962992553932716, 0.00705615956134086, 0.007008333232222734, 0.006951728606055108, 0.0069045976991968985, 0.006712765785411846, 0.00640866760006815, 0.006311634866964149, 0.006071142850419852, 0.006177774515080951, 0.00634311453789196, 0.00643662986986456, 0.006503248795637392, 0.006553266828265806, 0.006559741159652007, 0.006495712871909111, 0.006408667600068151, 0.0063508315380341965, 0.006162957148668692, 0.0059980949356560585, 0.00598719722509998, 0.005714285714285714, 0.005938459911664722, 0.005728553615932407, 0.005483332816409214, 0.005760385474629847, 0.005757550499570285, 0.005827450872677468, 0.005932408396912261, 0.005827450872677468, 0.005827450872677468, 0.005888210289057556, 0.005780191367497961, 0.005783015243462744, 0.005780191367497961, 0.005839205984602037, 0.005832491678834481, 0.00560815732406185, 0.005598833697790121, 0.005592414687844271, 0.005877108826903354, 0.0059075876495177536, 0.005861531456915348, 0.006047431568147636, 0.005993193418115152, 0.005832491678834481, 0.00566204693641832, 0.005888210289057556, 0.0059980949356560585, 0.0062120357174683125, 0.006141727470877442, 0.006133747398031414, 0.006247154454270376, 0.006201513969201722, 0.006201513969201722, 0.006088329417996435, 0.005916976613516227, 0.005916976613516227, 0.00595219047314276, 0.005852053538053535, 0.005682195608985624, 0.005554920598635309, 0.005447485845857365, 0.005275124527014524, 0.0053975050925858135, 0.005421047417431508, 0.005370212628329476, 0.005486309491519294, 0.005490474125469401, 0.005493446930996373, 0.005549627676424678, 0.005714285714285714, 0.005549627676424678, 0.005598833697790121, 0.005604080146260784, 0.005604080146260784, 0.005650501151694965, 0.005707996539049048, 0.005813987356332299, 0.0059626045534836945, 0.00597190702116064, 0.006006798869036754, 0.0060609152673132645, 0.006144385192007016, 0.006091010438610765, 0.006249767342608418, 0.006167723755692258, 0.00595219047314276, 0.006156595931956861, 0.006156595931956861, 0.0060609152673132645, 0.006114552731152198, 0.006124690746045377, 0.006114552731152199, 0.006249767342608418, 0.006047431568147636, 0.005969172506148844, 0.005993193418115152, 0.005938459911664722, 0.005865986355112612, 0.0060818901465828894, 0.006361106308606056, 0.006281037220987356, 0.006220440302022069, 0.0062929828104851225, 0.006324555320336759, 0.006539799659915946, 0.0061459792730280014, 0.006303351878005794, 0.006676183683170241, 0.006661984750532422, 0.006732679970994963, 0.006732679970994963, 0.006563224692736563, 0.0062330259300678315, 0.006361106308606056, 0.0063882545283017135, 0.006303351878005795, 0.006324555320336759, 0.006435107788133619, 0.006565214453186319, 0.006539799659915946, 0.0065358040587120995, 0.006585574835833797, 0.006439165873221247, 0.006412233206448246, 0.006563224692736563, 0.006614763944451557, 0.006687911726787826, 0.006507264386508234, 0.0065358040587120995, 0.006462955664273688, 0.006285194783726893, 0.0063882545283017135, 0.0063631592718057396, 0.006485651352746905, 0.006485651352746905, 0.006821335077893327, 0.006828989825795344, 0.006759301980626855, 0.006923960173903077, 0.006809357307321706, 0.006634972278981815, 0.0063882545283017135, 0.006361106308606056, 0.006462955664273688, 0.006687911726787826, 0.0069027057693904, 0.006507264386508234, 0.006539799659915946, 0.006539799659915946, 0.006332810576349048, 0.006228833546253967, 0.006066838601136913, 0.006066838601136913, 0.006084574004507344, 0.006243494573537798, 0.00629557667845335, 0.00620782915817944, 0.006207829158179441, 0.0059762796426662415, 0.005802743897045076, 0.005598833697790121, 0.005638931726879495, 0.005973547129312905, 0.005897076411585799, 0.00591863194341671, 0.005897076411585799, 0.005973547129312905, 0.005939009743609946, 0.005897076411585799, 0.005973547129312905, 0.005993738229117424, 0.006167723755692258, 0.00595219047314276, 0.006251334551395357, 0.005993738229117424, 0.005897076411585799, 0.005874330183266925, 0.0061459792730280014, 0.005960961434574946, 0.005768882040742384, 0.006167723755692258, 0.006220440302022069, 0.006251334551395357, 0.006220440302022069, 0.006135344242957508, 0.006101187572589321, 0.006101187572589321, 0.006222539674441618, 0.00629557667845335, 0.006274795711773396, 0.00650575883038894, 0.0069045976991968985, 0.007012059582735783, 0.0072730983207759175, 0.006999008676161189, 0.007037624831241441, 0.006855237830614319, 0.006712765785411846, 0.006712765785411846, 0.006565214453186319, 0.006589540258343258, 0.0065358040587120995, 0.006710819774127176, 0.006710819774127176, 0.006180416735173135, 0.006045271385343174, 0.006015490208534928, 0.005905929224093359, 0.0060818901465828894, 0.0060609152673132645, 0.0060818901465828894, 0.006180416735173135, 0.0061273558568046595, 0.006019831172627582, 0.005883217223421142, 0.005883217223421142, 0.0061544740652965755, 0.005993193418115151, 0.0059653420792481785, 0.005854842753949024, 0.005910350657783274, 0.005910350657783274, 0.005993193418115152, 0.005883217223421142, 0.006099046429314896, 0.006527805519311921, 0.006627093431281829, 0.006596969000988257, 0.006713252200092054, 0.006646281759336553, 0.006713252200092054, 0.0067944755470296355, 0.006857619031085804, 0.006839978517689144, 0.006828989825795344, 0.006759301980626855, 0.006897026866109536, 0.006869037302955033, 0.006897026866109536, 0.006828989825795344, 0.006661984750532421, 0.006732679970994963, 0.006923960173903076, 0.007037624831241441, 0.006897026866109536, 0.007028339136695679, 0.007074645732819274, 0.007091702538739141, 0.007318302468496923, 0.007524219398118346, 0.007494215456345144, 0.00721404525766174, 0.007137140569598169, 0.006904597699196898, 0.006904597699196898, 0.006857142857142857, 0.006921601796446501, 0.007056622305844839, 0.007091702538739141, 0.007015318515758997, 0.00693479838001283, 0.006857619031085805, 0.006809357307321706, 0.006794475547029636, 0.006857142857142857, 0.006952198301579854, 0.006968617700309095, 0.007137140569598169, 0.007168639184329341, 0.0071375980639462305, 0.007045508049350975, 0.007030661710083387, 0.007045044574821687, 0.007045044574821687, 0.007058472980491356, 0.007045044574821687, 0.007045044574821687, 0.007104583171503893, 0.007070952364917952, 0.006883757872628844, 0.006773296909216971, 0.006763165543091881, 0.0066270934312818285, 0.006859047354570815, 0.007202720574440563, 0.007255567883089679, 0.007825025265656543, 0.0077089928932754515, 0.007783184385820078, 0.007776888838089432, 0.007656289931174503, 0.0075618807724220655, 0.007182745765700877, 0.007228514963077034, 0.00730177501484036, 0.0072117817436724565, 0.00716636132872726, 0.006809836822642698, 0.006730254566553352, 0.006695231321543684, 0.006664435000624661, 0.006646281759336553, 0.006664435000624661, 0.006646281759336553, 0.006632511144478588, 0.006695231321543684, 0.006344658688814634, 0.006499733118539937, 0.006483133533112154, 0.006375975315548971, 0.006303351878005795, 0.0063841640815699725, 0.00655725178869991, 0.006477590885002648, 0.006477590885002648, 0.006462955664273688, 0.006710819774127176, 0.00680168046462469, 0.007064022095326805, 0.007155873853852156, 0.007220831542368601, 0.007220831542368601, 0.007220831542368601, 0.007129816667649016, 0.007129816667649016, 0.007148569144683888, 0.007091702538739141, 0.007273547263606552, 0.007392881297407055, 0.007537660547584525, 0.007572668362106515, 0.007700940838359841, 0.007960719893608229, 0.007919595949289333, 0.007878257343823582, 0.008001632486497965, 0.008001632486497965, 0.007910107200181761, 0.007732676490988467, 0.007732676490988467, 0.007858337571506783, 0.008123134008647708, 0.008139197172463935, 0.00818600099223656, 0.008197162276529306, 0.007954564855528952, 0.007835033829029765, 0.007835033829029765, 0.007704332202980189, 0.007704332202980189, 0.007584732247436696, 0.007783184385820078, 0.008076774462264357, 0.008040712731125879, 0.00824957636512819, 0.008165232416053034, 0.008165232416053034, 0.008165232416053034, 0.008168031261808291, 0.008207910569588788, 0.008247597052648555, 0.00836552692998633, 0.008117102126915462, 0.008197162276529306, 0.008003672626376223, 0.007917946548886296, 0.007564039521152108, 0.00762380803664362, 0.007406560798180412, 0.007708992893275453, 0.007799947671200711, 0.00771280409052217, 0.00784378084594309, 0.007793246683991918, 0.0077550247042330765, 0.007676733999427047, 0.007634080407846736, 0.007634080407846736, 0.0076345081233642215, 0.007457525989063064, 0.007627661797025083, 0.007537660547584525, 0.007532893852691565, 0.007450517034517313, 0.0074894211105684646, 0.007177743377970544, 0.007144456963697273, 0.007235287676043161, 0.00732187106676752, 0.00722806322324201, 0.0070912420834233466, 0.007132106194912566, 0.0069045976991968985, 0.007164994267767621, 0.007182745765700878, 0.007182745765700878, 0.007182745765700878, 0.007362342129557215, 0.007357461851614264, 0.007321871066767521, 0.007324992164096944, 0.007439991222290192, 0.007527256594320051, 0.007788636411006559, 0.00754155832973639, 0.007866643606561382, 0.007576117146692504, 0.007656289931174503, 0.007692455885542693, 0.007719574906346456, 0.007868718745378915, 0.007811660567147458, 0.007719574906346455, 0.008001632486497965, 0.007969328960560774, 0.007928249671720919, 0.007969328960560773, 0.007389346992772218, 0.007366332679349823, 0.007450517034517312, 0.0074105275363733, 0.007177743377970544, 0.007312946305933702, 0.007389346992772218, 0.007494215456345143, 0.007277137809185529, 0.007268158119426103, 0.0070912420834233466, 0.007413611309817991, 0.00754155832973639, 0.007232127865945662, 0.007280278083946508, 0.007280278083946508, 0.007410527536373301, 0.0074894211105684646, 0.007177743377970544, 0.0072172129846157455, 0.007268158119426103, 0.007126151893997667, 0.007157242656846252, 0.007373421657465109, 0.007469775834682602, 0.007469775834682602, 0.007469775834682602, 0.007556697259344704, 0.007591617288906528, 0.0075051003066078275, 0.007556697259344703, 0.007548482750641661, 0.007433405020855627, 0.0074175742775698114, 0.007329003050503234, 0.007442185327508284, 0.007274893925869508, 0.0072194747957542325, 0.007148569144683888, 0.007184563952229354, 0.007157242656846252, 0.007309373350398118, 0.007353910524340095, 0.007274893925869508, 0.007274893925869508, 0.007274893925869508, 0.0072081586428441044, 0.0072194747957542325, 0.0072194747957542325, 0.007174103086939916, 0.007104583171503894, 0.00713714056959817, 0.007286106432023589, 0.007082487744646031, 0.007082487744646031, 0.007128442598320548, 0.0072081586428441044, 0.007082487744646032, 0.007309373350398117, 0.007229870013227296, 0.007319640896734133, 0.007408324055150561, 0.007329003050503234, 0.007164994267767621, 0.007080182172221046, 0.006940446377457818, 0.0068457047459986, 0.006838546211419083, 0.006838546211419083, 0.006790629798569827, 0.006595483921841164, 0.006602905977441962, 0.006861427232979257, 0.006861427232979257, 0.006804080408408004, 0.006899393643869092, 0.00693338566175962, 0.007157242656846252, 0.007157242656846252, 0.007157242656846252, 0.007505100306607827, 0.007452269891154791, 0.007505100306607827, 0.007845445838711988, 0.007794922470847969, 0.007794922470847969, 0.0077617586898320705, 0.008073539546959966, 0.008144009943460512, 0.008347161316328823, 0.008616642653159343, 0.008228968244400201, 0.008241656263105352, 0.008201941034577966, 0.00837332986697792, 0.008476040662132435, 0.008604128102728554, 0.008604128102728554, 0.008461774793331552, 0.008149220571218288, 0.008149220571218288, 0.007917946548886296, 0.008028113865964904, 0.008176022684580536, 0.00801468040790251, 0.00801468040790251, 0.007905152027091482, 0.007850022747919724, 0.007751234266428878, 0.007917946548886296, 0.007973834762291387, 0.007946350721930059, 0.007751234266428877, 0.007780247097487276, 0.007666518779999279, 0.007581287381925772, 0.007509884642718474, 0.007681836515111341, 0.007580856663669485, 0.007518575635839327, 0.007506840417993744, 0.00743120832320405, 0.00743120832320405, 0.007480696246107752, 0.007333902266118604, 0.007434722727904271, 0.007634508123364221, 0.007749549032303856, 0.007598496091802828, 0.007304010639954697, 0.007329003050503234, 0.007399503568566238, 0.00730177501484036, 0.007487240847615635, 0.00734635825370889, 0.007284313590846836, 0.007284313590846836, 0.007791570536712828, 0.007852102279267739, 0.00801671722727207, 0.008, 0.007959079015533783, 0.007855428384374771, 0.007729720009713898, 0.0078104064541860965, 0.007761758689832071, 0.00785210227926774, 0.00785210227926774, 0.007729720009713899, 0.007874940880892441, 0.007874940880892441, 0.00777814835527934, 0.007932778806435782, 0.007959489266765494, 0.007985292603228994, 0.008201941034577966, 0.007959489266765494, 0.008398250546685183, 0.00812192799067526, 0.008081624407334486, 0.008359669947590817, 0.008359669947590817, 0.008294970199599568, 0.008538603814561303, 0.008538603814561303, 0.008034212558090023, 0.008115090503349362, 0.008375279465334215, 0.00839202731459923, 0.008474114245447601, 0.007917946548886296, 0.0077089928932754515, 0.007749549032303856, 0.007749549032303856, 0.007791570536712828, 0.007659701065195904, 0.007659701065195904, 0.007886956423909863, 0.007886956423909863, 0.0076345081233642215, 0.0076511703786587655, 0.007505100306607827, 0.00777814835527934, 0.007820016180368459, 0.007736053943209348, 0.007768486838188119, 0.00753072617578769, 0.00753072617578769, 0.007641348315685698, 0.007641348315685698, 0.007461465632686053, 0.0072569178817771625, 0.007153591933498892, 0.0069045976991968985, 0.007012059582735784, 0.007012059582735784, 0.006977982867416571, 0.0069896716807073015, 0.007036232758271391, 0.00729819659021239, 0.0071959172097652655, 0.007604939318680744, 0.007604939318680744, 0.0076584220679868885, 0.00782711143841633, 0.007960719893608229, 0.0079922411354605, 0.007836700680198296, 0.007951280220370626, 0.007960719893608229, 0.008042336953489911, 0.007783184385820078, 0.007783184385820078, 0.007825025265656543, 0.0077089928932754515, 0.007570512073910489, 0.007692455885542692, 0.007582579389896398, 0.007442185327508284, 0.007070952364917952, 0.007104583171503894, 0.006918298717376776, 0.006918298717376776, 0.006918298717376776, 0.006857142857142857, 0.006857142857142857, 0.006931030491454311, 0.007076953108939076, 0.006889921654718816, 0.006889921654718816, 0.007058472980491356, 0.006931030491454311, 0.006869037302955033, 0.006821335077893327, 0.006886129210972161, 0.006782450342837846, 0.006703517200480869, 0.006848089261291229, 0.006848089261291229, 0.006788225099390856, 0.00687093850346278, 0.007061710494068758, 0.006921601796446501, 0.006921601796446501, 0.007259167321675513, 0.007241152236646163, 0.007362342129557215, 0.007253317326913112, 0.007615665916184794, 0.007649889955190899, 0.007433405020855627, 0.007483751105711954, 0.007439991222290191, 0.00760708584821026, 0.007469775834682602, 0.00738183097689378, 0.007284313590846836, 0.007433405020855626, 0.007677159338596802, 0.007752919134238459, 0.007582579389896398, 0.0076584220679868885, 0.0076584220679868885, 0.007752919134238459, 0.00794100697876124, 0.007959079015533783, 0.008040712731125879, 0.008081220356417685, 0.008081220356417685, 0.008081220356417687, 0.007863737492244944, 0.0077936656644865075, 0.007905152027091482, 0.007847110478204246, 0.007847110478204246, 0.007910107200181763, 0.007774789189346262, 0.007475019623208151, 0.0075618807724220655, 0.0075618807724220655, 0.0075618807724220655, 0.007463215917869099, 0.007475019623208152, 0.0073178562713518275, 0.007309373350398118, 0.007319640896734133, 0.007364115974211206, 0.007373421657465109, 0.007319640896734133, 0.007309373350398118, 0.007375192837326704, 0.007362342129557215, 0.007362342129557215, 0.007392881297407055, 0.007392881297407055, 0.00737829137900296, 0.00737829137900296, 0.007463215917869099, 0.007610519036176179, 0.007422415031373494, 0.007450955287335817, 0.007623808036643619, 0.007835033829029765, 0.007835033829029765, 0.007970967728614402, 0.0078053879873234405, 0.007835033829029765, 0.00794100697876124, 0.008133177203809802, 0.008, 0.008, 0.007835033829029765, 0.007793246683991918, 0.007794922470847969, 0.007811660567147457, 0.007872037829675155, 0.007908042922059974, 0.008161632489763258, 0.008165232416053034, 0.007965640499760743, 0.007835033829029765, 0.007995508943482343, 0.007959079015533783, 0.007959079015533783, 0.008047207653615517, 0.008047207653615517, 0.008084856087722506, 0.008081220356417685, 0.007883229422162531, 0.007883229422162531, 0.007885300196167136, 0.007677159338596802, 0.007761337986902694, 0.007845029623648235, 0.007459714936830731, 0.0072838653116014595, 0.0072838653116014595, 0.007372978796017971, 0.007284313590846836, 0.007284313590846836, 0.007148569144683888, 0.00705615956134086, 0.0070524565122475485, 0.006998542122237652, 0.007119275358676125, 0.006963461489687966, 0.006963461489687966, 0.006773296909216971, 0.006773296909216971, 0.007036232758271391, 0.007058472980491357, 0.0072081586428441044, 0.007253317326913112, 0.00722806322324201, 0.007150396021571541, 0.007182745765700878, 0.007333902266118604, 0.007070952364917952, 0.00702462142200197, 0.006895606409526434, 0.007274893925869508, 0.007284313590846836, 0.007268158119426104, 0.00722806322324201, 0.007186836038542827, 0.007190015753154665, 0.0070027399885286895, 0.0070027399885286895, 0.007182745765700878, 0.007177743377970544, 0.007073260945855401, 0.007111473913647564, 0.007157242656846252, 0.007102744511232031, 0.007164994267767621, 0.007202720574440563, 0.007164994267767621, 0.00717182696673702, 0.0073450246939749655, 0.007410527536373301, 0.007410527536373301, 0.007237543838646267, 0.007280278083946508, 0.007186836038542827, 0.007186836038542827, 0.007144456963697273, 0.007144456963697273, 0.0072730983207759175, 0.0072730983207759175, 0.007232127865945662, 0.007002739988528689, 0.0070861751002229975, 0.007080182172221046, 0.0070269452241833695, 0.007080182172221046, 0.0072730983207759175, 0.00732187106676752, 0.00732187106676752, 0.00732187106676752, 0.0073178562713518275, 0.0073178562713518275, 0.007406560798180412, 0.007406560798180412, 0.007410527536373301, 0.007410527536373301, 0.007406560798180412, 0.007277137809185529, 0.007415813220024202, 0.007501183580078601, 0.007712804090522169, 0.007872037829675155, 0.00795456485552895, 0.00795456485552895, 0.007984065763910576, 0.008017939070532745, 0.007836700680198294, 0.00782711143841633, 0.007591617288906527, 0.007763441273569554, 0.00782711143841633, 0.007763441273569554, 0.007763441273569554, 0.007774789189346262, 0.00782711143841633, 0.007794922470847969, 0.007700940838359841, 0.008040712731125879, 0.008201542911089899, 0.008149220571218288, 0.008149220571218288, 0.00813598707682637, 0.008081624407334486, 0.007959489266765494, 0.007850022747919724, 0.008010197582214964, 0.007985292603228994, 0.007928249671720919, 0.008155228697102297, 0.008318555604607014, 0.008171628369185767, 0.007985292603228994, 0.007861661038591925, 0.007877013833857062, 0.008066661044581163, 0.008251159473253515, 0.00822698397385837, 0.008251159473253515, 0.00827447513595335, 0.008318555604607014, 0.00806058690322794, 0.00806058690322794, 0.007975882012514417, 0.007975882012514417, 0.007979156520304023, 0.008040712731125879, 0.008040712731125879, 0.007959079015533783, 0.007833366623174305, 0.007952512117538196, 0.007985292603228994, 0.007969328960560773, 0.007969328960560773, 0.008074752792071175, 0.008074752792071175, 0.00813157112614726, 0.00813157112614726, 0.00813157112614726, 0.008234918187269404, 0.008375279465334215, 0.008475655413823615, 0.008455984476652483, 0.008550832397718807, 0.008491436262253776, 0.008626868327664282, 0.00856799931401129, 0.008796659848476348, 0.008796659848476348, 0.008851057817560334, 0.008851057817560334, 0.00892014459478302, 0.008802226063529008, 0.008802226063529008, 0.008951205596602788, 0.009546791319066104, 0.0094436243474805, 0.009772932215135468, 0.010533212778092514, 0.01095862347977284, 0.01095862347977284, 0.011320921574947972, 0.011231442744476286, 0.01113215603372427, 0.011302446908632174, 0.010969345040258552, 0.010642694150238002, 0.010630414586727758, 0.010527010933008167, 0.010991648035240768, 0.011532102486324948, 0.011788891346673505, 0.01171191613664633, 0.01155473222254388, 0.011965665165678957, 0.012088382008847863, 0.012692662189997327, 0.012878331746442493, 0.01316420626284062, 0.013715238062171608, 0.014301933649770893, 0.014288228350210362, 0.01479746255136953, 0.015003455384323565, 0.015183449636269844, 0.01485362595737595, 0.015473796151783141, 0.01589126316244115, 0.01616749068662298, 0.015893728708043873, 0.016187674827674622, 0.015724360406836318, 0.015094586135838401, 0.01521009331909276, 0.015548948386253243, 0.015187750165908077, 0.015525410376120135, 0.015803693704127448, 0.01613595301157749, 0.01637997782261587, 0.016521303501472125, 0.016633185417798273, 0.016996710365988654, 0.016776270899878865, 0.01677724406353281, 0.016666917004922642, 0.016695300573050183, 0.016581277861196467, 0.016721683344614293, 0.016949191781345102, 0.017246164909382976, 0.0173513041326017, 0.017332475122657787, 0.01722361928354461, 0.017416670409790308, 0.01801514102421763, 0.017691229234757393, 0.017895113915279117, 0.01736409619688551, 0.017567316592038123, 0.017520413749657387, 0.01735582005541422, 0.017389464321472214, 0.017124561665774043, 0.017134474140796753, 0.016979026678192587, 0.017017446030111426, 0.01688259579615429, 0.017277376974009707, 0.01756136761909679, 0.017598515707355572, 0.01812807046476569, 0.018233675953452454, 0.01805008903816583, 0.017199905078048472, 0.01698767860803223, 0.017125515037689304, 0.01734904573038823, 0.017315134349782574, 0.01751966824772102, 0.01772276294855326, 0.017654276235171896, 0.017598701250782278, 0.01785657141942828, 0.017970315659385595, 0.017760308877622918, 0.01792956741684255, 0.017475627342685245, 0.017575678928448777, 0.017672762393362417, 0.01738796205683104, 0.016825442347946803, 0.016854721375717287, 0.017028187915144388, 0.016904244123525758, 0.016921234094040127, 0.01700151253775465, 0.01705214092728774, 0.016820784033754314, 0.01670761771755382, 0.016328265213976626, 0.016266354407619605, 0.01689806171712952, 0.017355820055414216, 0.017761044278914204, 0.017691229234757393, 0.01755337051185699, 0.01768679895127598, 0.01791134630703712, 0.01787484836527663, 0.01770967681978484, 0.018075397644312007, 0.018044118268334217, 0.018135814156029523, 0.018321393762150168, 0.01814967251067903, 0.01758013721476018, 0.017128565471224984, 0.016900380384561087, 0.016828353139501057, 0.017041414140803204, 0.01677704943531794, 0.016937628680134726, 0.0168740834974096, 0.016398307528398118, 0.01642715521846155, 0.016227967795614775, 0.016426161313898145, 0.016507067132174705, 0.016065376638305505, 0.015918158031067567, 0.015746771616002138, 0.016435700316626587, 0.01649915273025638, 0.016081628509271195, 0.015887153069479163, 0.015976308991115306, 0.015984686549370703, 0.01603180512326058, 0.015753198573817396, 0.015317910018894184, 0.014840650186537775, 0.015526882547139109, 0.015605127362504927, 0.01622716291674335, 0.016125224250932362, 0.01589948016092838, 0.01583094360770084, 0.015472107886418696, 0.015758379695014486, 0.015785500968177303, 0.016077567081660898, 0.015986933440041793, 0.015943778775204236, 0.01625591258212073, 0.01637997782261587, 0.01613028587623231, 0.016411245522258106, 0.016408061731841405, 0.016633185417798277, 0.01669041029808337, 0.01682447197218555, 0.01699152249607709, 0.01687892055741935, 0.017032214375430232, 0.016998247208558456, 0.016451586363556283, 0.0164142297649177, 0.016808355550931527, 0.016694322632657646, 0.017166650155199775, 0.016798250637783566, 0.016703122034945617, 0.016954392604025325, 0.017029913657551923, 0.01703278950634179, 0.017108727931338774, 0.017278699875504382, 0.01711922180188226, 0.016854721375717287, 0.017078163644531217, 0.017195348208163742, 0.017411982737676458, 0.01743016386167663, 0.0171283748350448, 0.01705137495204132, 0.016972294350210998, 0.01664339054939203, 0.016985179614317072, 0.01690810697957205, 0.016835336985892842, 0.016586200312799993, 0.016483312526210703, 0.01644999844922764, 0.016033434454544145, 0.015973242932977586, 0.015934764971403798, 0.015903587068100487, 0.016014075441463924, 0.015987954649596396, 0.01605073588496738, 0.01569005924729647, 0.01564838128161165, 0.015766458844325062, 0.01586247014760543, 0.0158226910170302, 0.015397004744496274, 0.015452679577421158, 0.015749881761784882, 0.01577308479916445, 0.015784052918392417, 0.015906050703414467, 0.01580204068454193, 0.016308255077520383, 0.0161424273014833, 0.016040764397277942, 0.016, 0.01625932699362782, 0.015980396153552946, 0.01610759739618392, 0.015913234127862358, 0.015941935457228804, 0.016187674827674622, 0.017128565471224984, 0.017409169528540682, 0.017100137247330824, 0.017096317779938846, 0.0168293232914749, 0.016964596989625432, 0.01673105385997266, 0.016911968953304966, 0.017016870380625822, 0.016909651874908966, 0.017063435068195694, 0.017103955861801357, 0.017242567165273844, 0.017161133115150596, 0.017150664888640584, 0.01706649659779209, 0.01695131082764723, 0.017114071069486318, 0.017013799921096463, 0.017058076069231064, 0.016820784033754317, 0.01691061736282377, 0.01701360799897709, 0.016875824998729843, 0.016723440716185027, 0.016710939836049966, 0.016696865158539465, 0.016785610941931116, 0.01709116014500013, 0.01670605413908261, 0.016522291682723064, 0.016963634573969804, 0.017245596894422007, 0.016882015548493962, 0.016633185417798277, 0.016820784033754317, 0.01655151512887036, 0.016422185094112966, 0.01624224775838917, 0.016382369816858807, 0.01624224775838917, 0.01596751804924802, 0.016005101227612478, 0.01616163257059567, 0.016060294555969072, 0.01623279623076036, 0.01605073588496738, 0.016111651253749536, 0.016170721842204794, 0.01601305589772525, 0.01623923191106108, 0.016388149028228556, 0.016788917627472023, 0.016955355544271345, 0.016896515762072347, 0.01705194943670186, 0.016878146720973066, 0.016917374235395046, 0.01714761838642704, 0.01754220566496234, 0.01770949243905594, 0.01754220566496234, 0.017708939285350913, 0.017444957168541428, 0.017557648487430296, 0.017805112771794696, 0.017779419425336725, 0.017631882069311898, 0.0179439490113645, 0.01796668118081526, 0.01833368707141728, 0.018062205438598093, 0.018219343835493045, 0.01839254507363552, 0.018300172855211294, 0.018268563385314823, 0.018303562717767962, 0.018154709289541243, 0.01838704068919527, 0.018261412422741825, 0.018294462193209602, 0.018595413083744662, 0.018321393762150168, 0.018474737301714117, 0.0182499650544815, 0.018161003298725723, 0.018093453546089256, 0.018110770276274835, 0.017923009951296844, 0.018178255680670705, 0.01836785124024238, 0.01828374989448504, 0.01862611727918514, 0.018556037578433736, 0.018484808986443602, 0.018496817155877362, 0.01810283549782256, 0.018084788963013493, 0.01763114128061887, 0.017538296289397494, 0.017565085963295462, 0.017511465631734786, 0.01735582005541422, 0.017382890955165764, 0.017840289189566042, 0.018131672593018226, 0.01793393772847948, 0.01793248107627666, 0.018049184503031983, 0.01814157475782843, 0.0182499650544815, 0.0182544375371009, 0.01817538142091985, 0.018093453546089256, 0.018268563385314823, 0.018424650745727605, 0.018602435653561553, 0.018883099019266637, 0.01921292082247289, 0.019499701724563348, 0.019465678849226516, 0.019426722601108202, 0.0190339760664439, 0.019512424090244427, 0.019223964636009155, 0.01946031020999891, 0.019736054234185056, 0.019629881428525217, 0.019642685713537656, 0.019938845278009664, 0.019724800508548645, 0.019697135397238424, 0.019610742578744844, 0.019242809417694556, 0.0191593106262587, 0.019211561145119183, 0.01917634597356752, 0.019072364878032728, 0.01889623653276072, 0.018748605390311906, 0.018503171267076773, 0.01837993582187725, 0.01802238970315105, 0.017777950112543392, 0.017933937728479475, 0.018178255680670705, 0.017824358476591542, 0.01746011197570284, 0.017585894161781704, 0.017538296289397494, 0.017571962825792126, 0.017972495993737153, 0.01816028409379509, 0.018106262306005556, 0.018019671790256656, 0.017847608883465114, 0.01789237666876994, 0.017746330462886102, 0.017874848365276634, 0.01776325030011371, 0.017501020378415492, 0.01760816137303312, 0.017743570264022, 0.017781623166881578, 0.01757344936115217, 0.017725157953874374, 0.017863153274211112, 0.01788416241555982, 0.017957046254996438, 0.01806003593460389, 0.01854177852905185, 0.01839254507363552, 0.018410467297775172, 0.018272316520365123, 0.018664120331671193, 0.01860875370049575, 0.01831854196140721, 0.018418978677174368, 0.018515696595271896, 0.018294462193209602, 0.018463422195889728, 0.018336358439350123, 0.018467842984219784, 0.018250143974830466, 0.01833938551927217, 0.01785858279908674, 0.01782710616689412, 0.017414232977770845, 0.017052140927287743, 0.017291545651572277, 0.017123036160299927, 0.016804469764965295, 0.016867115694057914, 0.016808938341348785, 0.016948228490895202, 0.017046586826956873, 0.017369172785867096, 0.017611869837801816, 0.017180149912629058, 0.01724711155941357, 0.017341515598854277, 0.017312682622627747, 0.017274919888174797, 0.017166650155199775, 0.017231958918337325, 0.017332286729260685, 0.017098800530792702, 0.017038923028148925, 0.017058076069231064, 0.016937628680134726, 0.0170145675879254, 0.016912741242227133, 0.01649855899706371, 0.016478755649474933, 0.016723440716185024, 0.016576550932456562, 0.016954392604025325, 0.017159801150077588, 0.016839991274417248, 0.016835336985892842, 0.016998247208558456, 0.017197816662564574, 0.01723044292133276, 0.017177298735154334, 0.017309853275177214, 0.017186420838106165, 0.017167410987099948, 0.017167410987099948, 0.017487768320066644, 0.017337749306654777, 0.017506430305485363, 0.017594062078103604, 0.017656310660000545, 0.017494302279453672, 0.017661488138469707, 0.017764904636239788, 0.018031084271335433, 0.01788562300296195, 0.017838275747186248, 0.018247102090301285, 0.01831087554611483, 0.018330124641904515, 0.018383488598773208, 0.0182544375371009, 0.01863400446627025, 0.018888113095979986, 0.018796439089598316, 0.018744250819264827, 0.01891437203260407, 0.019025224930955993, 0.019090162013830205, 0.01893162778559321, 0.019328143802681698, 0.01966976339046138, 0.01984034232752725, 0.01972480050854864, 0.019743498025570707, 0.020010772608976476, 0.019848240553288963, 0.01984692440060337, 0.01984692440060337, 0.019598583872206646, 0.019778363771287753, 0.0201454304333995, 0.020274685130547827, 0.0201099021197346, 0.02025212510895021, 0.020083255285365042, 0.01997157163243263, 0.020001795837741518, 0.020034419362279343, 0.019949978261969644, 0.01997238910422617, 0.019650663383931125, 0.019904916836945445, 0.019734730599547962, 0.01993687998844025, 0.019785131502505326, 0.019726124809500725, 0.019709564652105084, 0.019940155363446076, 0.01986484948087851, 0.01999199839935968, 0.01984840506623818, 0.020130026308568836, 0.020250835205754165, 0.02000750879453175, 0.019852352968032453, 0.0197611864470714, 0.0197699421406563, 0.020002285583688394, 0.02012223868748004, 0.02016033689384851, 0.020396078054371138, 0.020444688946580945, 0.0202555107140184, 0.020242448831450155, 0.02021533061408432, 0.02018688198017794, 0.020069430505530707, 0.0202837021134844, 0.020206444718536345, 0.019960614280351688, 0.019995264745556584, 0.0201099021197346, 0.0201099021197346, 0.020223243850498732, 0.020223243850498732, 0.020365476990761217, 0.020235349953858027, 0.020055270567883657, 0.020012241151814242, 0.019877830949711444, 0.020025127072898045, 0.020251480167622113, 0.020203050891044218, 0.02018186698752226, 0.02015920309406488, 0.0201656810913381, 0.020229539928389023, 0.02035376914400247, 0.020497645459607187, 0.020533934084329575, 0.020348153403657435, 0.020433825498173266, 0.020352004364009288, 0.020281126241721712, 0.020178630846941593, 0.02013764876938675, 0.020119479848836924, 0.019953251486861966, 0.01996323150807248, 0.020062921430502853, 0.02000555025027621, 0.019827995051318277, 0.019947522990822388, 0.019976149043603095, 0.020044847676331863, 0.02022324385049873, 0.020099507558187405, 0.020166814526921827, 0.02012467264279327, 0.020125970631936017, 0.020093658254305417, 0.020077238610030055, 0.02015855517984301, 0.020125970631936017, 0.020239222377576162, 0.02017474679303969, 0.020254865880492388, 0.02007479890361067, 0.020075937470168673, 0.02010584238372478, 0.020148185718696907, 0.020069430505530707, 0.020139756600276164, 0.020265377733806926, 0.02029432774879499, 0.02056155675834227, 0.020581905665324737, 0.02078269649177863, 0.02081141327370584, 0.02103172685953005, 0.020987074350559642, 0.020867210486056536]"
25,"[1.0, 2.0, 3.0, 4.0, 5.0, 6.0, 7.0, 8.0, 9.0, 10.0, 11.0, 12.0, 13.0, 14.0, 15.0, 16.0, 17.0, 18.0, 19.0, 20.0, 21.0, 22.0, 23.0, 24.0, 25.0, 26.0, 27.0, 28.0, 29.0, 30.0, 31.0, 32.0, 33.0, 34.0, 35.0, 36.0, 37.0, 38.0, 39.0, 40.0, 41.0, 42.0, 43.0, 44.0, 45.0, 46.0, 47.0, 48.0, 49.0, 50.0, 51.0, 52.0, 53.0, 54.0, 55.0, 56.0, 57.0, 58.0, 59.0, 60.0, 61.0, 62.0, 63.0, 64.0, 65.0, 66.0, 67.0, 68.0, 69.0, 70.0, 71.0, 72.0, 73.0, 74.0, 75.0, 76.0, 77.0, 78.0, 79.0, 80.0, 81.0, 82.0, 83.0, 84.0, 85.0, 86.0, 87.0, 88.0, 89.0, 90.0, 91.0, 92.0, 93.0, 94.0, 95.0, 96.0, 97.0, 98.0, 99.0, 100.0, 101.0, 102.0, 103.0, 104.0, 105.0, 106.0, 107.0, 108.0, 109.0, 110.0, 111.0, 112.0, 113.0, 114.0, 115.0, 116.0, 117.0, 118.0, 119.0, 120.0, 121.0, 122.0, 123.0, 124.0, 125.0, 126.0, 127.0, 128.0, 129.0, 130.0, 131.0, 132.0, 133.0, 134.0, 135.0, 136.0, 137.0, 138.0, 139.0, 140.0, 141.0, 142.0, 143.0, 144.0, 145.0, 146.0, 147.0, 148.0, 149.0, 150.0, 151.0, 152.0, 153.0, 154.0, 155.0, 156.0, 157.0, 158.0, 159.0, 160.0, 161.0, 162.0, 163.0, 164.0, 165.0, 166.0, 167.0, 168.0, 169.0, 170.0, 171.0, 172.0, 173.0, 174.0, 175.0, 176.0, 177.0, 178.0, 179.0, 180.0, 181.0, 182.0, 183.0, 184.0, 185.0, 186.0, 187.0, 188.0, 189.0, 190.0, 191.0, 192.0, 193.0, 194.0, 195.0, 196.0, 197.0, 198.0, 199.0, 200.0, 201.0, 202.0, 203.0, 204.0, 205.0, 206.0, 207.0, 208.0, 209.0, 210.0, 211.0, 212.0, 213.0, 214.0, 215.0, 216.0, 217.0, 218.0, 219.0, 220.0, 221.0, 222.0, 223.0, 224.0, 225.0, 226.0, 227.0, 228.0, 229.0, 230.0, 231.0, 232.0, 233.0, 234.0, 235.0, 236.0, 237.0, 238.0, 239.0, 240.0, 241.0, 242.0, 243.0, 244.0, 245.0, 246.0, 247.0, 248.0, 249.0, 250.0, 251.0, 252.0, 253.0, 254.0, 255.0, 256.0, 257.0, 258.0, 259.0, 260.0, 261.0, 262.0, 263.0, 264.0, 265.0, 266.0, 267.0, 268.0, 269.0, 270.0, 271.0, 272.0, 273.0, 274.0, 275.0, 276.0, 277.0, 278.0, 279.0, 280.0, 281.0, 282.0, 283.0, 284.0, 285.0, 286.0, 287.0, 288.0, 289.0, 290.0, 291.0, 292.0, 293.0, 294.0, 295.0, 296.0, 297.0, 298.0, 299.0, 300.0, 301.0, 302.0, 303.0, 304.0, 305.0, 306.0, 307.0, 308.0, 309.0, 310.0, 311.0, 312.0, 313.0, 314.0, 315.0, 316.0, 317.0, 318.0, 319.0, 320.0, 321.0, 322.0, 323.0, 324.0, 325.0, 326.0, 327.0, 328.0, 329.0, 330.0, 331.0, 332.0, 333.0, 334.0, 335.0, 336.0, 337.0, 338.0, 339.0, 340.0, 341.0, 342.0, 343.0, 344.0, 345.0, 346.0, 347.0, 348.0, 349.0, 350.0, 351.0, 352.0, 353.0, 354.0, 355.0, 356.0, 357.0, 358.0, 359.0, 360.0, 361.0, 362.0, 363.0, 364.0, 365.0, 366.0, 367.0, 368.0, 369.0, 370.0, 371.0, 372.0, 373.0, 374.0, 375.0, 376.0, 377.0, 378.0, 379.0, 380.0, 381.0, 382.0, 383.0, 384.0, 385.0, 386.0, 387.0, 388.0, 389.0, 390.0, 391.0, 392.0, 393.0, 394.0, 395.0, 396.0, 397.0, 398.0, 399.0, 400.0, 401.0, 402.0, 403.0, 404.0, 405.0, 406.0, 407.0, 408.0, 409.0, 410.0, 411.0, 412.0, 413.0, 414.0, 415.0, 416.0, 417.0, 418.0, 419.0, 420.0, 421.0, 422.0, 423.0, 424.0, 425.0, 426.0, 427.0, 428.0, 429.0, 430.0, 431.0, 432.0, 433.0, 434.0, 435.0, 436.0, 437.0, 438.0, 439.0, 440.0, 441.0, 442.0, 443.0, 444.0, 445.0, 446.0, 447.0, 448.0, 449.0, 450.0, 451.0, 452.0, 453.0, 454.0, 455.0, 456.0, 457.0, 458.0, 459.0, 460.0, 461.0, 462.0, 463.0, 464.0, 465.0, 466.0, 467.0, 468.0, 469.0, 470.0, 471.0, 472.0, 473.0, 474.0, 475.0, 476.0, 477.0, 478.0, 479.0, 480.0, 481.0, 482.0, 483.0, 484.0, 485.0, 486.0, 487.0, 488.0, 489.0, 490.0, 491.0, 492.0, 493.0, 494.0, 495.0, 496.0, 497.0, 498.0, 499.0, 500.0, 501.0, 502.0, 503.0, 504.0, 505.0, 506.0, 507.0, 508.0, 509.0, 510.0, 511.0, 512.0, 513.0, 514.0, 515.0, 516.0, 517.0, 518.0, 519.0, 520.0, 521.0, 522.0, 523.0, 524.0, 525.0, 526.0, 527.0, 528.0, 529.0, 530.0, 531.0, 532.0, 533.0, 534.0, 535.0, 536.0, 537.0, 538.0, 539.0, 540.0, 541.0, 542.0, 543.0, 544.0, 545.0, 546.0, 547.0, 548.0, 549.0, 550.0, 551.0, 552.0, 553.0, 554.0, 555.0, 556.0, 557.0, 558.0, 559.0, 560.0, 561.0, 562.0, 563.0, 564.0, 565.0, 566.0, 567.0, 568.0, 569.0, 570.0, 571.0, 572.0, 573.0, 574.0, 575.0, 576.0, 577.0, 578.0, 579.0, 580.0, 581.0, 582.0, 583.0, 584.0, 585.0, 586.0, 587.0, 588.0, 589.0, 590.0, 591.0, 592.0, 593.0, 594.0, 595.0, 596.0, 597.0, 598.0, 599.0, 600.0, 601.0, 602.0, 603.0, 604.0, 605.0, 606.0, 607.0, 608.0, 609.0, 610.0, 611.0, 612.0, 613.0, 614.0, 615.0, 616.0, 617.0, 618.0, 619.0, 620.0, 621.0, 622.0, 623.0, 624.0, 625.0, 626.0, 627.0, 628.0, 629.0, 630.0, 631.0, 632.0, 633.0, 634.0, 635.0, 636.0, 637.0, 638.0, 639.0, 640.0, 641.0, 642.0, 643.0, 644.0, 645.0, 646.0, 647.0, 648.0, 649.0, 650.0, 651.0, 652.0, 653.0, 654.0, 655.0, 656.0, 657.0, 658.0, 659.0, 660.0, 661.0, 662.0, 663.0, 664.0, 665.0, 666.0, 667.0, 668.0, 669.0, 670.0, 671.0, 672.0, 673.0, 674.0, 675.0, 676.0, 677.0, 678.0, 679.0, 680.0, 681.0, 682.0, 683.0, 684.0, 685.0, 686.0, 687.0, 688.0, 689.0, 690.0, 691.0, 692.0, 693.0, 694.0, 695.0, 696.0, 697.0, 698.0, 699.0, 700.0, 701.0, 702.0, 703.0, 704.0, 705.0, 706.0, 707.0, 708.0, 709.0, 710.0, 711.0, 712.0, 713.0, 714.0, 715.0, 716.0, 717.0, 718.0, 719.0, 720.0, 721.0, 722.0, 723.0, 724.0, 725.0, 726.0, 727.0, 728.0, 729.0, 730.0, 731.0, 732.0, 733.0, 734.0, 735.0, 736.0, 737.0, 738.0, 739.0, 740.0, 741.0, 742.0, 743.0, 744.0, 745.0, 746.0, 747.0, 748.0, 749.0, 750.0, 751.0, 752.0, 753.0, 754.0, 755.0, 756.0, 757.0, 758.0, 759.0, 760.0, 761.0, 762.0, 763.0, 764.0, 765.0, 766.0, 767.0, 768.0, 769.0, 770.0, 771.0, 772.0, 773.0, 774.0, 775.0, 776.0, 777.0, 778.0, 779.0, 780.0, 781.0, 782.0, 783.0, 784.0, 785.0, 786.0, 787.0, 788.0, 789.0, 790.0, 791.0, 792.0, 793.0, 794.0, 795.0, 796.0, 797.0, 798.0, 799.0, 800.0, 801.0, 802.0, 803.0, 804.0, 805.0, 806.0, 807.0, 808.0, 809.0, 810.0, 811.0, 812.0, 813.0, 814.0, 815.0, 816.0, 817.0, 818.0, 819.0, 820.0, 821.0, 822.0, 823.0, 824.0, 825.0, 826.0, 827.0, 828.0, 829.0, 830.0, 831.0, 832.0, 833.0, 834.0, 835.0, 836.0, 837.0, 838.0, 839.0, 840.0, 841.0, 842.0, 843.0, 844.0, 845.0, 846.0, 847.0, 848.0, 849.0, 850.0, 851.0, 852.0, 853.0, 854.0, 855.0, 856.0, 857.0, 858.0, 859.0, 860.0, 861.0, 862.0, 863.0, 864.0, 865.0, 866.0, 867.0, 868.0, 869.0, 870.0, 871.0, 872.0, 873.0, 874.0, 875.0, 876.0, 877.0, 878.0, 879.0, 880.0, 881.0, 882.0, 883.0, 884.0, 885.0, 886.0, 887.0, 888.0, 889.0, 890.0, 891.0, 892.0, 893.0, 894.0, 895.0, 896.0, 897.0, 898.0, 899.0, 900.0, 901.0, 902.0, 903.0, 904.0, 905.0, 906.0, 907.0, 908.0, 909.0, 910.0, 911.0, 912.0, 913.0, 914.0, 915.0, 916.0, 917.0, 918.0, 919.0, 920.0, 921.0, 922.0, 923.0, 924.0, 925.0, 926.0, 927.0, 928.0, 929.0, 930.0, 931.0, 932.0, 933.0, 934.0, 935.0, 936.0, 937.0, 938.0, 939.0, 940.0, 941.0, 942.0, 943.0, 944.0, 945.0, 946.0, 947.0, 948.0, 949.0, 950.0, 951.0, 952.0, 953.0, 954.0, 955.0, 956.0, 957.0, 958.0, 959.0, 960.0, 961.0, 962.0, 963.0, 964.0, 965.0, 966.0, 967.0, 968.0, 969.0, 970.0, 971.0, 972.0, 973.0, 974.0, 975.0, 976.0, 977.0, 978.0, 979.0, 980.0, 981.0, 982.0, 983.0, 984.0, 985.0, 986.0, 987.0, 988.0, 989.0, 990.0, 991.0, 992.0, 993.0, 994.0, 995.0, 996.0, 997.0, 998.0, 999.0, 1000.0, 1001.0, 1002.0, 1003.0, 1004.0, 1005.0, 1006.0, 1007.0, 1008.0, 1009.0, 1010.0, 1011.0, 1012.0, 1013.0, 1014.0, 1015.0, 1016.0, 1017.0, 1018.0, 1019.0, 1020.0, 1021.0, 1022.0, 1023.0, 1024.0, 1025.0, 1026.0, 1027.0, 1028.0, 1029.0, 1030.0, 1031.0, 1032.0, 1033.0, 1034.0, 1035.0, 1036.0, 1037.0, 1038.0, 1039.0, 1040.0, 1041.0, 1042.0, 1043.0, 1044.0, 1045.0, 1046.0, 1047.0, 1048.0, 1049.0, 1050.0, 1051.0, 1052.0, 1053.0, 1054.0, 1055.0, 1056.0, 1057.0, 1058.0, 1059.0, 1060.0, 1061.0, 1062.0, 1063.0, 1064.0, 1065.0, 1066.0, 1067.0, 1068.0, 1069.0, 1070.0, 1071.0, 1072.0, 1073.0, 1074.0, 1075.0, 1076.0, 1077.0, 1078.0, 1079.0, 1080.0, 1081.0, 1082.0, 1083.0, 1084.0, 1085.0, 1086.0, 1087.0, 1088.0, 1089.0, 1090.0, 1091.0, 1092.0, 1093.0, 1094.0, 1095.0, 1096.0, 1097.0, 1098.0, 1099.0, 1100.0, 1101.0, 1102.0, 1103.0, 1104.0, 1105.0, 1106.0, 1107.0, 1108.0, 1109.0, 1110.0, 1111.0, 1112.0, 1113.0, 1114.0, 1115.0, 1116.0, 1117.0, 1118.0, 1119.0, 1120.0, 1121.0, 1122.0, 1123.0, 1124.0, 1125.0, 1126.0, 1127.0, 1128.0, 1129.0, 1130.0, 1131.0, 1132.0, 1133.0, 1134.0, 1135.0, 1136.0, 1137.0, 1138.0, 1139.0, 1140.0, 1141.0, 1142.0, 1143.0, 1144.0, 1145.0, 1146.0, 1147.0, 1148.0, 1149.0, 1150.0, 1151.0, 1152.0, 1153.0, 1154.0, 1155.0, 1156.0, 1157.0, 1158.0, 1159.0, 1160.0, 1161.0, 1162.0, 1163.0, 1164.0, 1165.0, 1166.0, 1167.0, 1168.0, 1169.0, 1170.0, 1171.0, 1172.0, 1173.0, 1174.0, 1175.0, 1176.0, 1177.0, 1178.0, 1179.0, 1180.0, 1181.0, 1182.0, 1183.0, 1184.0, 1185.0, 1186.0, 1187.0, 1188.0, 1189.0, 1190.0, 1191.0, 1192.0, 1193.0, 1194.0, 1195.0, 1196.0, 1197.0, 1198.0, 1199.0, 1200.0, 1201.0, 1202.0, 1203.0, 1204.0, 1205.0, 1206.0, 1207.0, 1208.0, 1209.0, 1210.0, 1211.0, 1212.0, 1213.0, 1214.0, 1215.0, 1216.0, 1217.0, 1218.0, 1219.0, 1220.0, 1221.0, 1222.0, 1223.0, 1224.0, 1225.0, 1226.0, 1227.0, 1228.0, 1229.0, 1230.0, 1231.0, 1232.0, 1233.0, 1234.0, 1235.0, 1236.0, 1237.0, 1238.0, 1239.0, 1240.0, 1241.0, 1242.0, 1243.0, 1244.0, 1245.0, 1246.0, 1247.0, 1248.0, 1249.0, 1250.0, 1251.0, 1252.0, 1253.0, 1254.0, 1255.0, 1256.0, 1257.0, 1258.0, 1259.0, 1260.0, 1261.0, 1262.0, 1263.0, 1264.0, 1265.0, 1266.0, 1267.0, 1268.0, 1269.0, 1270.0, 1271.0, 1272.0, 1273.0, 1274.0, 1275.0, 1276.0, 1277.0, 1278.0, 1279.0, 1280.0, 1281.0, 1282.0, 1283.0, 1284.0, 1285.0, 1286.0, 1287.0, 1288.0, 1289.0, 1290.0, 1291.0, 1292.0, 1293.0, 1294.0, 1295.0, 1296.0, 1297.0, 1298.0, 1299.0, 1300.0, 1301.0, 1302.0, 1303.0, 1304.0, 1305.0, 1306.0, 1307.0, 1308.0, 1309.0, 1310.0, 1311.0, 1312.0, 1313.0, 1314.0, 1315.0, 1316.0, 1317.0, 1318.0, 1319.0, 1320.0, 1321.0, 1322.0, 1323.0, 1324.0, 1325.0, 1326.0, 1327.0, 1328.0, 1329.0, 1330.0, 1331.0, 1332.0, 1333.0, 1334.0, 1335.0, 1336.0, 1337.0, 1338.0, 1339.0, 1340.0, 1341.0, 1342.0, 1343.0, 1344.0, 1345.0, 1346.0, 1347.0, 1348.0, 1349.0, 1350.0, 1351.0, 1352.0, 1353.0, 1354.0, 1355.0, 1356.0, 1357.0, 1358.0, 1359.0, 1360.0, 1361.0, 1362.0, 1363.0, 1364.0, 1365.0, 1366.0, 1367.0, 1368.0, 1369.0, 1370.0, 1371.0, 1372.0, 1373.0, 1374.0, 1375.0, 1376.0, 1377.0, 1378.0, 1379.0, 1380.0, 1381.0, 1382.0, 1383.0, 1384.0, 1385.0, 1386.0, 1387.0, 1388.0, 1389.0, 1390.0, 1391.0, 1392.0, 1393.0, 1394.0, 1395.0, 1396.0, 1397.0, 1398.0, 1399.0, 1400.0, 1401.0, 1402.0, 1403.0, 1404.0, 1405.0, 1406.0, 1407.0, 1408.0, 1409.0, 1410.0, 1411.0, 1412.0, 1413.0, 1414.0, 1415.0, 1416.0, 1417.0, 1418.0, 1419.0, 1420.0, 1421.0, 1422.0, 1423.0, 1424.0, 1425.0, 1426.0, 1427.0, 1428.0, 1429.0, 1430.0, 1431.0, 1432.0, 1433.0, 1434.0, 1435.0, 1436.0, 1437.0, 1438.0, 1439.0, 1440.0, 1441.0, 1442.0, 1443.0, 1444.0, 1445.0, 1446.0, 1447.0, 1448.0, 1449.0, 1450.0, 1451.0, 1452.0, 1453.0, 1454.0, 1455.0, 1456.0, 1457.0, 1458.0, 1459.0, 1460.0, 1461.0, 1462.0, 1463.0, 1464.0, 1465.0, 1466.0, 1467.0, 1468.0, 1469.0, 1470.0, 1471.0, 1472.0, 1473.0, 1474.0, 1475.0, 1476.0, 1477.0, 1478.0, 1479.0, 1480.0, 1481.0, 1482.0, 1483.0, 1484.0, 1485.0, 1486.0, 1487.0, 1488.0, 1489.0, 1490.0, 1491.0, 1492.0, 1493.0, 1494.0, 1495.0, 1496.0, 1497.0, 1498.0, 1499.0, 1500.0, 1501.0, 1502.0, 1503.0, 1504.0, 1505.0, 1506.0, 1507.0, 1508.0, 1509.0, 1510.0, 1511.0, 1512.0, 1513.0, 1514.0, 1515.0, 1516.0, 1517.0, 1518.0, 1519.0, 1520.0, 1521.0, 1522.0, 1523.0, 1524.0, 1525.0, 1526.0, 1527.0, 1528.0, 1529.0, 1530.0, 1531.0, 1532.0, 1533.0, 1534.0, 1535.0, 1536.0, 1537.0, 1538.0, 1539.0, 1540.0, 1541.0, 1542.0, 1543.0, 1544.0, 1545.0, 1546.0, 1547.0, 1548.0, 1549.0, 1550.0, 1551.0, 1552.0, 1553.0, 1554.0, 1555.0, 1556.0, 1557.0, 1558.0, 1559.0, 1560.0, 1561.0, 1562.0, 1563.0, 1564.0, 1565.0, 1566.0, 1567.0, 1568.0, 1569.0, 1570.0, 1571.0, 1572.0, 1573.0, 1574.0, 1575.0, 1576.0, 1577.0, 1578.0, 1579.0, 1580.0, 1581.0, 1582.0, 1583.0, 1584.0, 1585.0, 1586.0, 1587.0, 1588.0, 1589.0, 1590.0, 1591.0, 1592.0, 1593.0, 1594.0, 1595.0, 1596.0, 1597.0, 1598.0, 1599.0, 1600.0, 1601.0, 1602.0, 1603.0, 1604.0, 1605.0, 1606.0, 1607.0, 1608.0, 1609.0, 1610.0, 1611.0, 1612.0, 1613.0, 1614.0, 1615.0, 1616.0, 1617.0, 1618.0, 1619.0, 1620.0, 1621.0, 1622.0, 1623.0, 1624.0, 1625.0, 1626.0, 1627.0, 1628.0, 1629.0, 1630.0, 1631.0, 1632.0, 1633.0, 1634.0, 1635.0, 1636.0, 1637.0, 1638.0, 1639.0, 1640.0, 1641.0, 1642.0, 1643.0, 1644.0, 1645.0, 1646.0, 1647.0, 1648.0, 1649.0, 1650.0, 1651.0, 1652.0, 1653.0, 1654.0, 1655.0, 1656.0, 1657.0, 1658.0, 1659.0, 1660.0, 1661.0, 1662.0, 1663.0, 1664.0, 1665.0, 1666.0, 1667.0, 1668.0, 1669.0, 1670.0, 1671.0, 1672.0, 1673.0, 1674.0, 1675.0, 1676.0, 1677.0, 1678.0, 1679.0, 1680.0, 1681.0, 1682.0, 1683.0, 1684.0, 1685.0, 1686.0, 1687.0, 1688.0, 1689.0, 1690.0, 1691.0, 1692.0, 1693.0, 1694.0, 1695.0, 1696.0, 1697.0, 1698.0, 1699.0, 1700.0, 1701.0, 1702.0, 1703.0, 1704.0, 1705.0, 1706.0, 1707.0, 1708.0, 1709.0, 1710.0, 1711.0, 1712.0, 1713.0, 1714.0, 1715.0, 1716.0, 1717.0, 1718.0, 1719.0, 1720.0, 1721.0, 1722.0, 1723.0, 1724.0, 1725.0, 1726.0, 1727.0, 1728.0, 1729.0, 1730.0, 1731.0, 1732.0, 1733.0, 1734.0, 1735.0, 1736.0, 1737.0, 1738.0, 1739.0, 1740.0, 1741.0, 1742.0, 1743.0, 1744.0, 1745.0, 1746.0, 1747.0, 1748.0, 1749.0, 1750.0, 1751.0, 1752.0, 1753.0, 1754.0, 1755.0, 1756.0, 1757.0, 1758.0, 1759.0, 1760.0, 1761.0, 1762.0, 1763.0, 1764.0, 1765.0, 1766.0, 1767.0, 1768.0, 1769.0, 1770.0, 1771.0, 1772.0, 1773.0, 1774.0, 1775.0, 1776.0, 1777.0, 1778.0, 1779.0, 1780.0, 1781.0, 1782.0, 1783.0, 1784.0, 1785.0, 1786.0, 1787.0, 1788.0, 1789.0, 1790.0, 1791.0, 1792.0, 1793.0, 1794.0, 1795.0, 1796.0, 1797.0, 1798.0, 1799.0, 1800.0, 1801.0, 1802.0, 1803.0, 1804.0, 1805.0, 1806.0, 1807.0, 1808.0, 1809.0, 1810.0, 1811.0, 1812.0, 1813.0, 1814.0, 1815.0, 1816.0, 1817.0, 1818.0, 1819.0, 1820.0, 1821.0, 1822.0, 1823.0, 1824.0, 1825.0, 1826.0, 1827.0, 1828.0, 1829.0, 1830.0, 1831.0, 1832.0, 1833.0, 1834.0, 1835.0, 1836.0, 1837.0, 1838.0, 1839.0, 1840.0, 1841.0, 1842.0, 1843.0, 1844.0, 1845.0, 1846.0, 1847.0, 1848.0, 1849.0, 1850.0, 1851.0, 1852.0, 1853.0, 1854.0, 1855.0, 1856.0, 1857.0, 1858.0, 1859.0, 1860.0, 1861.0, 1862.0, 1863.0, 1864.0, 1865.0, 1866.0, 1867.0, 1868.0, 1869.0, 1870.0, 1871.0, 1872.0, 1873.0, 1874.0, 1875.0, 1876.0, 1877.0, 1878.0, 1879.0, 1880.0, 1881.0, 1882.0, 1883.0, 1884.0, 1885.0, 1886.0, 1887.0, 1888.0, 1889.0, 1890.0, 1891.0, 1892.0, 1893.0, 1894.0, 1895.0, 1896.0, 1897.0, 1898.0, 1899.0, 1900.0, 1901.0, 1902.0, 1903.0, 1904.0, 1905.0, 1906.0, 1907.0, 1908.0, 1909.0, 1910.0, 1911.0, 1912.0, 1913.0, 1914.0, 1915.0, 1916.0, 1917.0, 1918.0, 1919.0, 1920.0, 1921.0, 1922.0, 1923.0, 1924.0, 1925.0, 1926.0, 1927.0, 1928.0, 1929.0, 1930.0, 1931.0, 1932.0, 1933.0, 1934.0, 1935.0, 1936.0, 1937.0, 1938.0, 1939.0, 1940.0, 1941.0, 1942.0, 1943.0, 1944.0, 1945.0, 1946.0, 1947.0, 1948.0, 1949.0, 1950.0, 1951.0, 1952.0, 1953.0, 1954.0, 1955.0, 1956.0, 1957.0, 1958.0, 1959.0, 1960.0, 1961.0, 1962.0, 1963.0, 1964.0, 1965.0, 1966.0, 1967.0, 1968.0, 1969.0, 1970.0, 1971.0, 1972.0, 1973.0, 1974.0, 1975.0, 1976.0, 1977.0, 1978.0, 1979.0, 1980.0, 1981.0, 1982.0, 1983.0, 1984.0, 1985.0, 1986.0, 1987.0, 1988.0, 1989.0, 1990.0, 1991.0, 1992.0, 1993.0, 1994.0, 1995.0, 1996.0, 1997.0, 1998.0, 1999.0, 2000.0, 2001.0, 2002.0, 2003.0, 2004.0, 2005.0, 2006.0, 2007.0, 2008.0, 2009.0, 2010.0, 2011.0, 2012.0, 2013.0, 2014.0, 2015.0, 2016.0, 2017.0, 2018.0, 2019.0, 2020.0, 2021.0, 2022.0, 2023.0, 2024.0, 2025.0, 2026.0, 2027.0, 2028.0, 2029.0, 2030.0, 2031.0, 2032.0, 2033.0, 2034.0, 2035.0, 2036.0, 2037.0, 2038.0, 2039.0, 2040.0, 2041.0, 2042.0, 2043.0, 2044.0, 2045.0, 2046.0, 2047.0, 2048.0, 2049.0, 2050.0, 2051.0, 2052.0, 2053.0, 2054.0, 2055.0, 2056.0, 2057.0, 2058.0, 2059.0, 2060.0, 2061.0, 2062.0, 2063.0, 2064.0, 2065.0, 2066.0, 2067.0, 2068.0, 2069.0, 2070.0, 2071.0, 2072.0, 2073.0, 2074.0, 2075.0, 2076.0, 2077.0, 2078.0, 2079.0, 2080.0, 2081.0, 2082.0, 2083.0, 2084.0, 2085.0, 2086.0, 2087.0, 2088.0, 2089.0, 2090.0, 2091.0, 2092.0, 2093.0, 2094.0, 2095.0, 2096.0, 2097.0, 2098.0, 2099.0, 2100.0, 2101.0, 2102.0, 2103.0, 2104.0, 2105.0, 2106.0, 2107.0, 2108.0, 2109.0, 2110.0, 2111.0, 2112.0, 2113.0, 2114.0, 2115.0, 2116.0, 2117.0, 2118.0, 2119.0, 2120.0, 2121.0, 2122.0, 2123.0, 2124.0, 2125.0, 2126.0, 2127.0, 2128.0, 2129.0, 2130.0, 2131.0, 2132.0, 2133.0, 2134.0, 2135.0, 2136.0, 2137.0, 2138.0, 2139.0, 2140.0, 2141.0, 2142.0, 2143.0, 2144.0, 2145.0, 2146.0, 2147.0, 2148.0, 2149.0, 2150.0, 2151.0, 2152.0, 2153.0, 2154.0, 2155.0, 2156.0, 2157.0, 2158.0, 2159.0, 2160.0, 2161.0, 2162.0, 2163.0, 2164.0, 2165.0, 2166.0, 2167.0, 2168.0, 2169.0, 2170.0, 2171.0, 2172.0, 2173.0, 2174.0, 2175.0, 2176.0, 2177.0, 2178.0, 2179.0, 2180.0, 2181.0, 2182.0, 2183.0, 2184.0, 2185.0, 2186.0, 2187.0, 2188.0, 2189.0, 2190.0, 2191.0, 2192.0, 2193.0, 2194.0, 2195.0, 2196.0, 2197.0, 2198.0, 2199.0, 2200.0, 2201.0, 2202.0, 2203.0, 2204.0, 2205.0, 2206.0, 2207.0, 2208.0, 2209.0, 2210.0, 2211.0, 2212.0, 2213.0, 2214.0, 2215.0, 2216.0, 2217.0, 2218.0, 2219.0, 2220.0, 2221.0, 2222.0, 2223.0, 2224.0, 2225.0, 2226.0, 2227.0, 2228.0, 2229.0, 2230.0, 2231.0, 2232.0, 2233.0, 2234.0, 2235.0, 2236.0, 2237.0, 2238.0, 2239.0, 2240.0, 2241.0, 2242.0, 2243.0, 2244.0, 2245.0, 2246.0, 2247.0, 2248.0, 2249.0, 2250.0, 2251.0, 2252.0, 2253.0, 2254.0, 2255.0, 2256.0, 2257.0, 2258.0, 2259.0, 2260.0, 2261.0, 2262.0, 2263.0, 2264.0, 2265.0, 2266.0, 2267.0, 2268.0, 2269.0, 2270.0, 2271.0, 2272.0, 2273.0, 2274.0, 2275.0, 2276.0, 2277.0, 2278.0, 2279.0, 2280.0, 2281.0, 2282.0, 2283.0, 2284.0, 2285.0, 2286.0, 2287.0, 2288.0, 2289.0, 2290.0, 2291.0, 2292.0, 2293.0, 2294.0, 2295.0, 2296.0, 2297.0, 2298.0, 2299.0, 2300.0, 2301.0, 2302.0, 2303.0, 2304.0, 2305.0, 2306.0, 2307.0, 2308.0, 2309.0, 2310.0, 2311.0, 2312.0, 2313.0, 2314.0, 2315.0, 2316.0, 2317.0, 2318.0, 2319.0, 2320.0, 2321.0, 2322.0, 2323.0, 2324.0, 2325.0, 2326.0, 2327.0, 2328.0, 2329.0, 2330.0, 2331.0, 2332.0, 2333.0, 2334.0, 2335.0, 2336.0, 2337.0, 2338.0, 2339.0, 2340.0, 2341.0, 2342.0, 2343.0, 2344.0, 2345.0, 2346.0, 2347.0, 2348.0, 2349.0, 2350.0, 2351.0, 2352.0, 2353.0, 2354.0, 2355.0, 2356.0, 2357.0, 2358.0, 2359.0, 2360.0, 2361.0, 2362.0, 2363.0, 2364.0, 2365.0, 2366.0, 2367.0, 2368.0, 2369.0, 2370.0, 2371.0, 2372.0, 2373.0, 2374.0, 2375.0, 2376.0, 2377.0, 2378.0, 2379.0, 2380.0, 2381.0, 2382.0, 2383.0, 2384.0, 2385.0, 2386.0, 2387.0, 2388.0, 2389.0, 2390.0, 2391.0, 2392.0, 2393.0, 2394.0, 2395.0, 2396.0, 2397.0, 2398.0, 2399.0, 2400.0]","[0.0, 0.0, 0.0, 0.0, 0.0, 0.0, 0.0, 0.00012, 0.00012, 0.00012, 0.00036, 0.00036, 0.00048, 0.0006000000000000001, 0.0006000000000000001, 0.0006000000000000001, 0.00072, 0.00072, 0.00072, 0.00096, 0.00096, 0.0012, 0.0012, 0.00168, 0.0018, 0.00192, 0.00204, 0.0021600000000000005, 0.00228, 0.0024000000000000002, 0.0027600000000000003, 0.0027600000000000003, 0.0027600000000000003, 0.0031200000000000004, 0.0032400000000000007, 0.00336, 0.00336, 0.0037199999999999998, 0.00384, 0.00384, 0.004200000000000001, 0.00456, 0.00456, 0.00468, 0.00504, 0.00528, 0.0054, 0.005520000000000001, 0.00576, 0.005880000000000001, 0.00636, 0.0070799999999999995, 0.00732, 0.00732, 0.0074399999999999996, 0.007679999999999999, 0.007799999999999999, 0.00828, 0.0084, 0.00864, 0.00876, 0.00888, 0.00912, 0.00936, 0.009600000000000001, 0.009840000000000002, 0.00996, 0.0102, 0.010679999999999999, 0.010679999999999999, 0.01092, 0.011159999999999998, 0.011519999999999999, 0.01164, 0.01176, 0.01176, 0.012, 0.01272, 0.013080000000000001, 0.01368, 0.014159999999999999, 0.014639999999999997, 0.014759999999999997, 0.014879999999999997, 0.014999999999999998, 0.014999999999999998, 0.015239999999999998, 0.015599999999999998, 0.01584, 0.01596, 0.0162, 0.01644, 0.01656, 0.01692, 0.01752, 0.018, 0.01848, 0.0186, 0.01884, 0.01908, 0.01932, 0.01968, 0.02004, 0.02016, 0.02028, 0.0204, 0.02076, 0.021240000000000002, 0.0216, 0.022199999999999998, 0.022560000000000004, 0.02268, 0.0228, 0.0228, 0.023280000000000002, 0.023399999999999997, 0.023520000000000003, 0.02376, 0.024, 0.02436, 0.02436, 0.02496, 0.02532, 0.02532, 0.02568, 0.026160000000000003, 0.02628, 0.0264, 0.026760000000000003, 0.02724, 0.02724, 0.0276, 0.027960000000000002, 0.0288, 0.028919999999999998, 0.02916, 0.0294, 0.029759999999999998, 0.029879999999999997, 0.03, 0.03, 0.03024, 0.03024, 0.03048, 0.03072, 0.03072, 0.031200000000000002, 0.03144, 0.031799999999999995, 0.032279999999999996, 0.032400000000000005, 0.03252, 0.033, 0.033120000000000004, 0.0336, 0.0342, 0.03444, 0.03492, 0.03528, 0.03564, 0.03624, 0.03672, 0.03684, 0.0372, 0.03732, 0.03768, 0.03779999999999999, 0.038279999999999995, 0.038759999999999996, 0.039, 0.03996, 0.040679999999999994, 0.0408, 0.041159999999999995, 0.04152, 0.04152, 0.04176, 0.042, 0.04212, 0.04247999999999999, 0.04272, 0.042960000000000005, 0.04356, 0.0438, 0.04428000000000001, 0.044640000000000006, 0.04476, 0.04476, 0.045, 0.04524, 0.04548, 0.0456, 0.04596, 0.04608, 0.04608, 0.04632000000000001, 0.04692, 0.04716000000000001, 0.047400000000000005, 0.047880000000000006, 0.04812, 0.048240000000000005, 0.04848000000000001, 0.049080000000000006, 0.0492, 0.04932, 0.049800000000000004, 0.050280000000000005, 0.05064000000000001, 0.05088000000000001, 0.05112, 0.05172000000000001, 0.05172000000000001, 0.05232000000000001, 0.052919999999999995, 0.053040000000000004, 0.05388, 0.05436, 0.05448, 0.05472, 0.05484, 0.05507999999999999, 0.0552, 0.05532, 0.05556, 0.05567999999999999, 0.055920000000000004, 0.056159999999999995, 0.056280000000000004, 0.056639999999999996, 0.056999999999999995, 0.057359999999999994, 0.057839999999999996, 0.05808, 0.05832, 0.0588, 0.059160000000000004, 0.05928, 0.059519999999999997, 0.05976, 0.06, 0.06012000000000001, 0.060599999999999994, 0.06096, 0.061200000000000004, 0.06168, 0.062279999999999995, 0.062400000000000004, 0.06264, 0.06312000000000001, 0.06348000000000001, 0.06384000000000001, 0.06408, 0.0642, 0.0642, 0.06455999999999999, 0.06468, 0.06492, 0.06504, 0.06528, 0.06564, 0.06576, 0.066, 0.06624000000000001, 0.06684, 0.06768, 0.06768, 0.06816000000000001, 0.0684, 0.06863999999999999, 0.06888, 0.069, 0.06972, 0.06984, 0.07032, 0.07044, 0.0708, 0.07104, 0.07116, 0.07116, 0.07128, 0.0714, 0.07200000000000001, 0.07212, 0.07236000000000001, 0.0726, 0.07272, 0.07296, 0.07308, 0.07344, 0.0738, 0.0738, 0.07404000000000001, 0.07428, 0.07440000000000001, 0.07452, 0.07464, 0.07536000000000001, 0.07536000000000001, 0.07583999999999999, 0.07608000000000001, 0.07608000000000001, 0.07619999999999999, 0.07632, 0.07632, 0.07656, 0.07668, 0.07764, 0.07764, 0.07764, 0.07788, 0.07812000000000001, 0.07836, 0.07872, 0.07908, 0.07908, 0.07919999999999999, 0.07956, 0.07968000000000001, 0.08016, 0.08016, 0.08052, 0.08064, 0.08076, 0.08112, 0.08148, 0.08148, 0.08172, 0.08184000000000001, 0.08231999999999999, 0.08280000000000001, 0.08304, 0.08364, 0.08424, 0.08448, 0.08484, 0.08484, 0.08496000000000001, 0.08507999999999999, 0.08544, 0.08603999999999999, 0.0864, 0.08700000000000001, 0.08736000000000001, 0.08772, 0.0882, 0.08856000000000001, 0.0888, 0.08904, 0.08964, 0.08976, 0.08988, 0.09012, 0.09048000000000002, 0.09072, 0.09096, 0.09132000000000001, 0.09192, 0.09228000000000001, 0.09251999999999999, 0.09288, 0.09312, 0.09348, 0.09408, 0.09432, 0.09444000000000001, 0.09480000000000001, 0.09491999999999999, 0.09491999999999999, 0.09504, 0.09516, 0.09528, 0.09552000000000001, 0.09564, 0.09564, 0.09588, 0.09612, 0.09672, 0.09708000000000001, 0.09731999999999999, 0.09731999999999999, 0.09756000000000001, 0.09804000000000002, 0.09816000000000001, 0.0984, 0.09876000000000001, 0.09911999999999999, 0.09911999999999999, 0.09911999999999999, 0.09960000000000001, 0.09984000000000001, 0.09996000000000001, 0.10020000000000001, 0.10044, 0.1008, 0.10092000000000001, 0.10092000000000001, 0.10128, 0.10212, 0.10248000000000002, 0.10248000000000002, 0.10260000000000001, 0.10296, 0.10379999999999999, 0.10392, 0.10404, 0.10404, 0.10428000000000001, 0.10463999999999998, 0.10475999999999999, 0.10488, 0.10548, 0.10584000000000002, 0.10632000000000001, 0.10644000000000002, 0.10692, 0.1074, 0.10776, 0.10776, 0.10824, 0.10836, 0.10859999999999999, 0.10872, 0.10908, 0.10956000000000002, 0.11016, 0.11016, 0.11028, 0.11052, 0.11087999999999999, 0.11112, 0.11124, 0.11171999999999999, 0.11208, 0.1122, 0.11231999999999999, 0.1128, 0.11315999999999998, 0.11352000000000001, 0.11376, 0.11388, 0.11411999999999999, 0.11411999999999999, 0.11411999999999999, 0.11448, 0.11507999999999999, 0.1152, 0.11568000000000002, 0.11604, 0.11616, 0.1164, 0.11664000000000002, 0.11664000000000002, 0.11688000000000001, 0.11688000000000001, 0.11724, 0.11772, 0.11796, 0.1182, 0.1182, 0.11856, 0.1188, 0.1188, 0.11939999999999999, 0.11964000000000001, 0.11988, 0.12012, 0.12024000000000001, 0.12048000000000002, 0.12072, 0.12084, 0.12120000000000002, 0.12155999999999999, 0.12168, 0.12192, 0.12240000000000001, 0.12264000000000001, 0.12288, 0.12324, 0.12336, 0.12347999999999999, 0.12359999999999999, 0.12372, 0.1242, 0.1242, 0.12432, 0.12444, 0.12492, 0.12503999999999998, 0.12503999999999998, 0.12539999999999998, 0.12552, 0.12576, 0.126, 0.12648, 0.1266, 0.12672, 0.12708, 0.12708, 0.1272, 0.12756, 0.12756, 0.12792, 0.12804, 0.12875999999999999, 0.12924, 0.12924, 0.12972, 0.12996, 0.13008, 0.13032, 0.13056, 0.13068000000000002, 0.13092, 0.13128, 0.13140000000000002, 0.13176, 0.13176, 0.132, 0.13224, 0.13248000000000001, 0.13271999999999998, 0.13296, 0.13296, 0.1332, 0.13332, 0.13332, 0.13344, 0.13391999999999998, 0.13428, 0.1344, 0.13476, 0.135, 0.13512000000000002, 0.13512000000000002, 0.13512000000000002, 0.13524, 0.13536, 0.1356, 0.13620000000000002, 0.13632000000000002, 0.13632000000000002, 0.13644, 0.1368, 0.1368, 0.13716, 0.13751999999999998, 0.13776, 0.13812, 0.13824, 0.13872, 0.1392, 0.13932, 0.13956, 0.13968, 0.13968, 0.13992, 0.14004, 0.14016, 0.1404, 0.14064, 0.14100000000000001, 0.14112, 0.14135999999999999, 0.1416, 0.14184000000000002, 0.14196, 0.1422, 0.14232, 0.14244, 0.14256, 0.1428, 0.14328, 0.14328, 0.1434, 0.14352, 0.14364000000000002, 0.14412, 0.14448, 0.14508, 0.14508, 0.1452, 0.14532, 0.14556000000000002, 0.14556000000000002, 0.14568, 0.14592, 0.14592, 0.14615999999999998, 0.1464, 0.14652, 0.14688, 0.14724, 0.14724, 0.14772000000000002, 0.14772000000000002, 0.14784000000000003, 0.14795999999999998, 0.14808, 0.1488, 0.14892, 0.14892, 0.14904, 0.14928, 0.1494, 0.14952, 0.14976, 0.15, 0.15, 0.15024, 0.15059999999999998, 0.15059999999999998, 0.15072, 0.15084, 0.15084, 0.15108, 0.15132, 0.1518, 0.1518, 0.15192, 0.15216000000000002, 0.1524, 0.15276, 0.15276, 0.15347999999999998, 0.1536, 0.15372, 0.15384, 0.15408000000000002, 0.15444, 0.15468, 0.15492, 0.15504, 0.15516, 0.15528, 0.15552, 0.15612, 0.15612, 0.15624000000000002, 0.15636, 0.1566, 0.15672, 0.1572, 0.15744, 0.1578, 0.15816, 0.15839999999999999, 0.15864, 0.15876, 0.15912, 0.15912, 0.15924, 0.15936, 0.15960000000000002, 0.15984, 0.15984, 0.15996, 0.16008000000000003, 0.1602, 0.16044, 0.16056, 0.16068000000000002, 0.16080000000000003, 0.16104, 0.16152, 0.16164, 0.16188000000000002, 0.16236, 0.16296, 0.16296, 0.1632, 0.16391999999999998, 0.16404, 0.16428, 0.16440000000000002, 0.16463999999999998, 0.16488, 0.16488, 0.16512000000000002, 0.16572000000000003, 0.16596, 0.16596, 0.16632000000000002, 0.16656, 0.16668, 0.16716, 0.16716, 0.16727999999999998, 0.1674, 0.16752, 0.168, 0.16848, 0.1686, 0.16872, 0.16896, 0.16920000000000002, 0.16968000000000003, 0.17004000000000002, 0.17028000000000001, 0.17064000000000001, 0.17064000000000001, 0.17064000000000001, 0.17088, 0.171, 0.17135999999999998, 0.1716, 0.17172, 0.17184000000000002, 0.17184000000000002, 0.17184000000000002, 0.17184000000000002, 0.17208, 0.1722, 0.17232, 0.17232, 0.17268, 0.17292000000000002, 0.17315999999999998, 0.17315999999999998, 0.1734, 0.17364000000000002, 0.17364000000000002, 0.17376000000000003, 0.17412000000000002, 0.17436, 0.17436, 0.17472000000000001, 0.17495999999999998, 0.1752, 0.17532, 0.17556000000000002, 0.17568, 0.17592000000000002, 0.17615999999999998, 0.1764, 0.17652, 0.17652, 0.17652, 0.17664000000000002, 0.17688000000000004, 0.17712, 0.17748, 0.17784, 0.17808, 0.1782, 0.17832, 0.17856000000000002, 0.17856000000000002, 0.17892, 0.17916, 0.17951999999999999, 0.17976, 0.18012, 0.18036000000000002, 0.18047999999999997, 0.18059999999999998, 0.18059999999999998, 0.18072, 0.18096, 0.1812, 0.1812, 0.18132, 0.18132, 0.18144000000000002, 0.18156, 0.18167999999999998, 0.18204, 0.18204, 0.18252000000000002, 0.18252000000000002, 0.18276, 0.183, 0.183, 0.18312, 0.18347999999999998, 0.18359999999999999, 0.18372, 0.18408000000000002, 0.18408000000000002, 0.18420000000000003, 0.18468, 0.18468, 0.18504, 0.18516, 0.18539999999999998, 0.18576, 0.18636000000000003, 0.18684, 0.18684, 0.18719999999999998, 0.18744, 0.18744, 0.18780000000000002, 0.18780000000000002, 0.18804, 0.18804, 0.18816000000000002, 0.18900000000000003, 0.18900000000000003, 0.18900000000000003, 0.18900000000000003, 0.18911999999999998, 0.18911999999999998, 0.18948, 0.18984, 0.1902, 0.19044, 0.19104, 0.19128, 0.19140000000000001, 0.19140000000000001, 0.19152000000000002, 0.19152000000000002, 0.19200000000000003, 0.19235999999999998, 0.19247999999999998, 0.19308, 0.19332000000000002, 0.19332000000000002, 0.19332000000000002, 0.19344, 0.19356, 0.19380000000000003, 0.19404, 0.19416, 0.19451999999999997, 0.19451999999999997, 0.19463999999999998, 0.19476, 0.19476, 0.195, 0.195, 0.19512000000000002, 0.19512000000000002, 0.19536, 0.19536, 0.19560000000000002, 0.19584, 0.19607999999999998, 0.19668, 0.19668, 0.1968, 0.1968, 0.19692, 0.19740000000000002, 0.19740000000000002, 0.19752000000000003, 0.19775999999999996, 0.19787999999999997, 0.19799999999999998, 0.19835999999999998, 0.19848, 0.19884000000000002, 0.1992, 0.19968, 0.1998, 0.20015999999999998, 0.20015999999999998, 0.2004, 0.20052, 0.20088, 0.20112000000000002, 0.20136000000000004, 0.20148, 0.20159999999999997, 0.20159999999999997, 0.20159999999999997, 0.20159999999999997, 0.20183999999999996, 0.2022, 0.20244, 0.20256, 0.20256, 0.20316000000000004, 0.20328000000000002, 0.20328000000000002, 0.20363999999999996, 0.20375999999999997, 0.204, 0.20424, 0.2046, 0.20472, 0.20508000000000004, 0.20520000000000002, 0.20532, 0.20544, 0.20555999999999996, 0.20579999999999998, 0.20604, 0.20616, 0.20616, 0.20652, 0.20664000000000002, 0.20700000000000002, 0.20724000000000004, 0.20784, 0.20784, 0.20808, 0.2082, 0.2082, 0.2082, 0.20844000000000001, 0.20844000000000001, 0.20868000000000003, 0.20868000000000003, 0.20868000000000003, 0.20891999999999997, 0.20927999999999997, 0.20951999999999998, 0.20976, 0.20976, 0.20987999999999998, 0.21024, 0.21024, 0.21048000000000003, 0.2106, 0.21072000000000002, 0.21108000000000002, 0.21131999999999998, 0.21144, 0.21167999999999998, 0.2118, 0.21204, 0.21216000000000002, 0.21240000000000003, 0.21240000000000003, 0.21252000000000001, 0.21252000000000001, 0.21252000000000001, 0.21252000000000001, 0.21299999999999997, 0.21323999999999999, 0.21323999999999999, 0.21336, 0.21348, 0.21359999999999998, 0.21396, 0.21420000000000003, 0.21420000000000003, 0.21420000000000003, 0.21444, 0.2148, 0.21492, 0.21504, 0.21516000000000002, 0.21539999999999998, 0.21552, 0.21588000000000002, 0.21599999999999997, 0.21611999999999998, 0.21636, 0.21660000000000001, 0.21660000000000001, 0.21672, 0.21684, 0.21731999999999999, 0.21756, 0.21768, 0.21792, 0.21792, 0.21792, 0.21804, 0.21816000000000002, 0.21828, 0.21863999999999997, 0.21875999999999998, 0.21888, 0.21888, 0.21888, 0.21936, 0.21936, 0.21960000000000002, 0.21984, 0.21984, 0.22008, 0.2202, 0.22032, 0.22044, 0.22044, 0.22044, 0.22044, 0.22056, 0.22068, 0.22091999999999998, 0.22091999999999998, 0.22104, 0.22116, 0.22116, 0.2214, 0.22164, 0.22188, 0.22188, 0.22188, 0.222, 0.22224, 0.22235999999999997, 0.22247999999999998, 0.22296, 0.22296, 0.22308, 0.22308, 0.22344, 0.22391999999999995, 0.22427999999999998, 0.22427999999999998, 0.2244, 0.22463999999999998, 0.22488, 0.225, 0.22524, 0.22572000000000003, 0.22583999999999999, 0.22596, 0.22608, 0.2262, 0.22644000000000003, 0.22668, 0.22692, 0.22692, 0.22728, 0.2274, 0.22752, 0.22776, 0.22776, 0.22788, 0.22788, 0.22823999999999997, 0.22848, 0.22848, 0.22848, 0.22848, 0.2286, 0.22884000000000002, 0.22884000000000002, 0.22895999999999997, 0.2292, 0.22932, 0.22979999999999998, 0.22991999999999999, 0.22991999999999999, 0.22991999999999999, 0.23015999999999998, 0.23027999999999998, 0.2304, 0.231, 0.23124000000000003, 0.23160000000000003, 0.23195999999999997, 0.2322, 0.23232, 0.23244, 0.23292000000000002, 0.23304, 0.23304, 0.23304, 0.23328, 0.23351999999999998, 0.23351999999999998, 0.23375999999999997, 0.23387999999999998, 0.23412, 0.23412, 0.23472, 0.23496000000000003, 0.23544, 0.23544, 0.23544, 0.23555999999999996, 0.23567999999999997, 0.23592, 0.23604, 0.23616, 0.23639999999999997, 0.23639999999999997, 0.23675999999999997, 0.23712, 0.2376, 0.23796, 0.23807999999999999, 0.23867999999999998, 0.23879999999999998, 0.23915999999999996, 0.23927999999999996, 0.23927999999999996, 0.23939999999999997, 0.23976, 0.23976, 0.23987999999999998, 0.24012, 0.24048000000000003, 0.24096, 0.24108000000000002, 0.2412, 0.24144000000000002, 0.24144000000000002, 0.24168, 0.24192, 0.24216000000000001, 0.24228000000000002, 0.24228000000000002, 0.24228000000000002, 0.24228000000000002, 0.24287999999999996, 0.24336, 0.24336, 0.24359999999999998, 0.24372, 0.24396, 0.24408000000000002, 0.24420000000000003, 0.24444, 0.24456, 0.24468, 0.24480000000000002, 0.24516, 0.24552, 0.24552, 0.24564, 0.24588000000000002, 0.24588000000000002, 0.24636, 0.24648, 0.2466, 0.2466, 0.2466, 0.24672, 0.24684, 0.24696, 0.24720000000000003, 0.24744, 0.24756, 0.24756, 0.24768, 0.24768, 0.24780000000000002, 0.24780000000000002, 0.24804, 0.24816000000000002, 0.24828000000000003, 0.24852, 0.24864, 0.24864, 0.24864, 0.24864, 0.24900000000000003, 0.24924, 0.24960000000000002, 0.24972000000000003, 0.24996, 0.25032, 0.25055999999999995, 0.25079999999999997, 0.25092, 0.25116, 0.25116, 0.25116, 0.2514, 0.25164, 0.25176, 0.25188, 0.25199999999999995, 0.25236, 0.25236, 0.25236, 0.25236, 0.25248, 0.25272, 0.25296, 0.25296, 0.25296, 0.25296, 0.25296, 0.25296, 0.25296, 0.2532, 0.2532, 0.2532, 0.25332, 0.25332, 0.25332, 0.25344, 0.25368, 0.25392000000000003, 0.25428, 0.25464000000000003, 0.255, 0.25512, 0.25512, 0.25536000000000003, 0.25572, 0.25596, 0.25632, 0.25644, 0.25644, 0.25644, 0.25644, 0.25644, 0.2568, 0.25704, 0.2574, 0.25752, 0.25764000000000004, 0.25799999999999995, 0.25836, 0.2586, 0.2586, 0.25884, 0.25920000000000004, 0.25944, 0.25944, 0.25968, 0.26004, 0.26028, 0.26052, 0.26064, 0.26076, 0.261, 0.26112, 0.26112, 0.26136000000000004, 0.26172000000000006, 0.2618400000000001, 0.26196, 0.26208000000000004, 0.2622, 0.26244, 0.26280000000000003, 0.26304, 0.26328, 0.2634, 0.26352, 0.26376, 0.26388, 0.26424, 0.26448, 0.26472, 0.26496000000000003, 0.26508000000000004, 0.2652, 0.2652, 0.26532, 0.26556, 0.26568, 0.26616, 0.26616, 0.2664, 0.26664, 0.26664, 0.26676, 0.26676, 0.26676, 0.26712, 0.26736, 0.26748, 0.26771999999999996, 0.26771999999999996, 0.26783999999999997, 0.26783999999999997, 0.26796, 0.2682, 0.26856, 0.26904000000000006, 0.26904000000000006, 0.26928, 0.26964, 0.26964, 0.26976, 0.26976, 0.26976, 0.26976, 0.26976, 0.27, 0.27, 0.27024000000000004, 0.27024000000000004, 0.27036, 0.27036, 0.27048, 0.27048, 0.27048, 0.27084, 0.27108000000000004, 0.27143999999999996, 0.27143999999999996, 0.27155999999999997, 0.27155999999999997, 0.27155999999999997, 0.2718, 0.27192, 0.27228, 0.27252000000000004, 0.27276, 0.27288, 0.27288, 0.273, 0.273, 0.273, 0.273, 0.27324000000000004, 0.27324000000000004, 0.27324000000000004, 0.27336000000000005, 0.2736, 0.27384000000000003, 0.27396, 0.27408, 0.27408, 0.2742, 0.27432, 0.27432, 0.27444, 0.27455999999999997, 0.27468, 0.27492, 0.27492, 0.27515999999999996, 0.27515999999999996, 0.27515999999999996, 0.2754, 0.2754, 0.27564, 0.276, 0.276, 0.276, 0.27612000000000003, 0.27624000000000004, 0.27624000000000004, 0.27648000000000006, 0.27648000000000006, 0.27648000000000006, 0.27648000000000006, 0.2766, 0.27672, 0.27684000000000003, 0.27696000000000004, 0.27696000000000004, 0.27708, 0.2772, 0.27756000000000003, 0.2778, 0.27804, 0.27804, 0.27828, 0.27864, 0.27876, 0.27887999999999996, 0.27899999999999997, 0.27912, 0.27924, 0.27936, 0.2796, 0.2796, 0.27972, 0.27996000000000004, 0.2802, 0.28056000000000003, 0.28068000000000004, 0.28104, 0.28116, 0.28116, 0.28128000000000003, 0.28164, 0.28176, 0.28188, 0.28212000000000004, 0.28212000000000004, 0.28224000000000005, 0.28235999999999994, 0.28247999999999995, 0.28271999999999997, 0.28271999999999997, 0.28284, 0.28284, 0.28308, 0.2832, 0.2832, 0.28332, 0.28356000000000003, 0.28368000000000004, 0.28380000000000005, 0.28380000000000005, 0.28392, 0.28392, 0.28428000000000003, 0.28464, 0.28488, 0.28524, 0.28524, 0.28524, 0.28548, 0.28548, 0.2856, 0.2856, 0.28584000000000004, 0.28584000000000004, 0.28584000000000004, 0.28584000000000004, 0.28608000000000006, 0.2862, 0.2862, 0.2862, 0.28644, 0.28668, 0.2868, 0.28704, 0.28740000000000004, 0.28740000000000004, 0.28740000000000004, 0.28740000000000004, 0.28752, 0.28764, 0.28764, 0.28788, 0.28800000000000003, 0.28836, 0.28848, 0.28872, 0.28884, 0.28908, 0.28944000000000003, 0.28956000000000004, 0.28968000000000005, 0.28968000000000005, 0.29004, 0.29004, 0.29004, 0.29028, 0.2904, 0.29052, 0.29064, 0.29076, 0.29100000000000004, 0.29124, 0.29136, 0.29148, 0.2916, 0.29172, 0.29184, 0.29184, 0.29184, 0.29184, 0.29184, 0.29184, 0.29196, 0.29208, 0.29256, 0.29268, 0.29291999999999996, 0.29291999999999996, 0.29291999999999996, 0.29316, 0.29328, 0.29328, 0.29352, 0.29363999999999996, 0.29412, 0.29448, 0.29484, 0.29507999999999995, 0.29507999999999995, 0.29507999999999995, 0.29519999999999996, 0.29531999999999997, 0.29531999999999997, 0.29556, 0.29568, 0.2958, 0.29591999999999996, 0.29603999999999997, 0.29616, 0.29628, 0.2964, 0.2964, 0.29664, 0.29676, 0.29700000000000004, 0.29724000000000006, 0.29736000000000007, 0.29748, 0.29748, 0.29784000000000005, 0.29796, 0.29808, 0.29832000000000003, 0.29832000000000003, 0.29844000000000004, 0.29856, 0.2988, 0.29904000000000003, 0.29904000000000003, 0.29904000000000003, 0.29916000000000004, 0.29916000000000004, 0.29928000000000005, 0.29928000000000005, 0.29928000000000005, 0.29952000000000006, 0.29952000000000006, 0.29952000000000006, 0.29975999999999997, 0.3, 0.30012, 0.30036, 0.30084000000000005, 0.30096000000000006, 0.30108, 0.30108, 0.3012, 0.30132000000000003, 0.30156000000000005, 0.30168, 0.30168, 0.30168, 0.3018, 0.3018, 0.30216, 0.30216, 0.30216, 0.30228, 0.3024, 0.30252, 0.30252, 0.30264, 0.30276, 0.30276, 0.30312, 0.30312, 0.30312, 0.30323999999999995, 0.30335999999999996, 0.3036, 0.30384, 0.30396, 0.30408, 0.3042, 0.30444000000000004, 0.30468000000000006, 0.30468000000000006, 0.30468000000000006, 0.3048, 0.30516000000000004, 0.3054, 0.30552, 0.30564, 0.30588, 0.306, 0.306, 0.30624, 0.30636, 0.30636, 0.30648000000000003, 0.30660000000000004, 0.30684000000000006, 0.30684000000000006, 0.30707999999999996, 0.30707999999999996, 0.30707999999999996, 0.3072, 0.3072, 0.30744, 0.30756, 0.30804000000000004, 0.30816000000000004, 0.30828000000000005, 0.3084, 0.30876, 0.309, 0.30924, 0.30936, 0.3096, 0.30984, 0.30996, 0.31007999999999997, 0.31032, 0.31055999999999995, 0.31079999999999997, 0.31079999999999997, 0.31092, 0.31104, 0.3114, 0.31164, 0.31164, 0.31164, 0.31188, 0.312, 0.31211999999999995, 0.31211999999999995, 0.31223999999999996, 0.31248, 0.31296, 0.31296, 0.31308, 0.3132, 0.31367999999999996, 0.31379999999999997, 0.31379999999999997, 0.31379999999999997, 0.31392, 0.31427999999999995, 0.31464, 0.31476, 0.31476, 0.31488, 0.315, 0.31512, 0.31524, 0.31548000000000004, 0.31572, 0.31584, 0.31596, 0.31607999999999997, 0.31644, 0.31644, 0.31668, 0.31679999999999997, 0.31679999999999997, 0.31679999999999997, 0.31679999999999997, 0.31692, 0.31716, 0.31751999999999997, 0.31787999999999994, 0.31787999999999994, 0.31787999999999994, 0.31799999999999995, 0.31811999999999996, 0.31848, 0.3186, 0.3186, 0.31884, 0.31908000000000003, 0.31920000000000004, 0.31968, 0.31992, 0.32016, 0.32016, 0.32028, 0.32028, 0.3204, 0.3204, 0.32064, 0.32064, 0.32088, 0.32088, 0.32088, 0.32136, 0.32148, 0.32159999999999994, 0.32159999999999994, 0.32171999999999995, 0.32183999999999996, 0.32195999999999997, 0.32208, 0.32208, 0.3222, 0.32244, 0.32244, 0.32268, 0.32280000000000003, 0.32280000000000003, 0.32280000000000003, 0.32292000000000004, 0.32316, 0.32328, 0.3234, 0.32352000000000003, 0.32364000000000004, 0.32376000000000005, 0.32376000000000005, 0.32376000000000005, 0.32388000000000006, 0.32400000000000007, 0.3242400000000001, 0.32436, 0.32448, 0.3246, 0.32471999999999995, 0.32471999999999995, 0.32483999999999996, 0.32495999999999997, 0.32508, 0.32531999999999994, 0.32531999999999994, 0.32531999999999994, 0.32531999999999994, 0.32531999999999994, 0.32543999999999995, 0.32555999999999996, 0.32567999999999997, 0.3258, 0.32592, 0.32604, 0.32604, 0.32616, 0.32628, 0.32628, 0.3264, 0.3264, 0.32652000000000003, 0.32676, 0.32676, 0.327, 0.327, 0.32712, 0.32712, 0.32724, 0.32772, 0.32796, 0.3280799999999999, 0.3280799999999999, 0.3280799999999999, 0.32819999999999994, 0.32843999999999995, 0.32855999999999996, 0.32855999999999996, 0.32867999999999997, 0.32867999999999997, 0.32891999999999993, 0.32891999999999993, 0.32891999999999993, 0.32927999999999996, 0.32927999999999996, 0.32927999999999996, 0.32939999999999997, 0.32939999999999997, 0.32939999999999997, 0.32952, 0.32952, 0.32964, 0.32964, 0.32976, 0.33, 0.33, 0.33, 0.33, 0.33012, 0.33012, 0.33024000000000003, 0.33048, 0.33048, 0.33072, 0.33084, 0.33084, 0.33096, 0.33096, 0.33108, 0.3312, 0.3312, 0.33143999999999996, 0.33155999999999997, 0.33155999999999997, 0.33155999999999997, 0.3316799999999999, 0.33179999999999993, 0.33179999999999993, 0.33179999999999993, 0.33179999999999993, 0.33179999999999993, 0.33191999999999994, 0.33203999999999995, 0.33227999999999996, 0.3324, 0.3324, 0.3324, 0.3324, 0.3325199999999999, 0.3325199999999999, 0.3325199999999999, 0.33263999999999994, 0.33287999999999995, 0.33299999999999996, 0.33311999999999997, 0.33311999999999997, 0.3336, 0.33372, 0.33408, 0.33419999999999994, 0.33419999999999994, 0.33419999999999994, 0.33443999999999996, 0.33443999999999996, 0.33468, 0.33468, 0.33468, 0.33504, 0.33515999999999996, 0.33515999999999996, 0.33527999999999997, 0.33564, 0.33612000000000003, 0.33612000000000003, 0.33624000000000004, 0.33624000000000004, 0.33648000000000006, 0.33648000000000006, 0.33671999999999996, 0.33684, 0.33684, 0.33684, 0.33684, 0.33696, 0.33696, 0.33708, 0.3372, 0.33744, 0.33756, 0.33768, 0.33804, 0.33804, 0.33804, 0.33804, 0.33840000000000003, 0.33852000000000004, 0.33876000000000006, 0.33936, 0.34019999999999995, 0.34056, 0.3408, 0.34128000000000003, 0.34164, 0.34199999999999997, 0.34224, 0.34284, 0.34344, 0.34452, 0.3454519999999999, 0.346412, 0.34677199999999997, 0.347492, 0.348572, 0.34905200000000003, 0.35013200000000005, 0.350972, 0.35217200000000004, 0.35325199999999995, 0.354692, 0.35577200000000003, 0.356372, 0.35673199999999994, 0.357212, 0.358532, 0.359612, 0.360212, 0.36069199999999996, 0.362372, 0.3638119999999999, 0.36453199999999997, 0.365612, 0.366692, 0.368012, 0.36873200000000006, 0.369692, 0.3712520000000001, 0.37233199999999994, 0.37425200000000003, 0.375452, 0.376772, 0.37797200000000003, 0.37917200000000006, 0.380612, 0.381932, 0.382532, 0.38349200000000006, 0.384812, 0.386252, 0.3869719999999999, 0.387812, 0.389012, 0.390452, 0.391652, 0.392492, 0.3934520000000001, 0.395492, 0.396212, 0.397772, 0.399452, 0.401372, 0.403292, 0.404612, 0.405692, 0.407012, 0.408452, 0.409652, 0.411092, 0.412532, 0.413844, 0.415284, 0.41672400000000004, 0.417804, 0.41888400000000003, 0.419964, 0.42080399999999996, 0.42188400000000004, 0.423084, 0.42452400000000007, 0.425364, 0.42620399999999997, 0.427404, 0.42812399999999995, 0.43016400000000005, 0.43160400000000004, 0.43292400000000003, 0.4342439999999999, 0.43556399999999995, 0.437076, 0.4386359999999999, 0.440196, 0.441156, 0.44223599999999996, 0.44331600000000004, 0.444636, 0.446556, 0.44739599999999996, 0.44882, 0.44977999999999996, 0.45061999999999997, 0.45230000000000004, 0.45302, 0.4547, 0.45542, 0.45638, 0.45686, 0.45722, 0.45818, 0.45962000000000003, 0.4607, 0.46094, 0.46202, 0.46322, 0.46454, 0.46549999999999997, 0.4663399999999999, 0.46706, 0.46837999999999996, 0.46958, 0.4703, 0.47102000000000005, 0.47186, 0.47257999999999994, 0.47306, 0.47378, 0.47498000000000007, 0.47653999999999996, 0.47858000000000006, 0.47918, 0.47989999999999994, 0.48062, 0.48206000000000004, 0.48302, 0.48338000000000003, 0.48434, 0.4853, 0.48625999999999997, 0.486976, 0.487936, 0.489016, 0.48985600000000007, 0.491024, 0.49222399999999994, 0.49318399999999996, 0.493904, 0.494624, 0.496064, 0.497064, 0.49790400000000007, 0.498744, 0.49946399999999996, 0.500424, 0.501144, 0.501984, 0.502704, 0.503664, 0.5046240000000001, 0.505344, 0.506304, 0.506544, 0.507604, 0.5084440000000001, 0.509044, 0.5097640000000001, 0.5106040000000001, 0.511084, 0.511924, 0.512764, 0.5138440000000001, 0.5150440000000001, 0.5154040000000001, 0.516124, 0.5168440000000001, 0.517804, 0.518884, 0.5194840000000001, 0.520204, 0.520804, 0.5218840000000001, 0.522364, 0.523324, 0.523564, 0.5243680000000001, 0.524968, 0.525688, 0.526408, 0.526888, 0.5277280000000001, 0.528688, 0.529168, 0.530008, 0.530968, 0.531808, 0.532288, 0.533248, 0.533728, 0.534688, 0.535528, 0.536128, 0.536728, 0.537208, 0.5376879999999999, 0.538288, 0.538648, 0.5388879999999999, 0.539608, 0.540208, 0.5412880000000001, 0.542008, 0.5422480000000001, 0.542968, 0.543568, 0.544288, 0.544648, 0.5452480000000001, 0.545728, 0.54644, 0.5477599999999999, 0.54836, 0.5490799999999999, 0.5495599999999999, 0.5498, 0.55004, 0.55016, 0.55052, 0.55088, 0.55148, 0.5516, 0.55196, 0.55244, 0.5526800000000001, 0.5528, 0.55352, 0.55364, 0.55376, 0.55412, 0.55424, 0.55448, 0.5546, 0.55472, 0.5549599999999999, 0.5554399999999999, 0.5555599999999999, 0.55604, 0.55628, 0.55676, 0.556988, 0.5571079999999999, 0.557148, 0.557508, 0.557868, 0.557988, 0.558588, 0.559068, 0.559068, 0.559428, 0.559908, 0.560268, 0.5609879999999999, 0.561228, 0.561828, 0.562188, 0.5626680000000001, 0.5627120000000001, 0.562952, 0.5634319999999999, 0.563672, 0.564152, 0.5647519999999999, 0.565352, 0.565712, 0.565952, 0.566072, 0.566432, 0.566912, 0.567152, 0.567512, 0.5678719999999999, 0.568112, 0.568472, 0.568832, 0.568832, 0.569192, 0.5697920000000001, 0.570152, 0.570272, 0.570752, 0.570992, 0.5714720000000001, 0.571712, 0.572192, 0.572432, 0.5729120000000001, 0.573272, 0.573392, 0.573512, 0.5739920000000001, 0.574472, 0.574592, 0.574712, 0.5753119999999999, 0.5753119999999999, 0.575552, 0.575792, 0.575792, 0.5758719999999999, 0.576232, 0.576592, 0.576592, 0.576592, 0.576712, 0.577072, 0.577312, 0.5774320000000001, 0.578032, 0.578392, 0.5786319999999999, 0.5786319999999999, 0.5786319999999999, 0.5788719999999999, 0.579352, 0.579712, 0.579952, 0.5803119999999999, 0.580552, 0.5808679999999999, 0.5808679999999999, 0.581108, 0.581348, 0.581828, 0.582068, 0.582188, 0.582188, 0.5824280000000001, 0.5825480000000001, 0.5826680000000001, 0.5826680000000001, 0.5829080000000001, 0.5829080000000001, 0.583148, 0.5833879999999999, 0.5836279999999999, 0.5838679999999999, 0.584108, 0.584468, 0.584708, 0.584828, 0.585188, 0.585428, 0.585532, 0.585532, 0.5858919999999999, 0.5863719999999999, 0.5863719999999999, 0.5867319999999999, 0.5868519999999999, 0.5868519999999999, 0.5868519999999999, 0.587092, 0.587212, 0.5873719999999999, 0.5874919999999999, 0.5876119999999999, 0.5876119999999999, 0.5877319999999999, 0.5878519999999999, 0.588092, 0.588092, 0.588212, 0.588212, 0.588212, 0.5883319999999999, 0.5883319999999999, 0.5885719999999999, 0.5888119999999999, 0.5889319999999999, 0.5890519999999999, 0.5890519999999999, 0.5891719999999999, 0.589532, 0.589772, 0.589772, 0.590132, 0.590252, 0.590252, 0.590492, 0.590732, 0.590852, 0.5912120000000001, 0.591332, 0.591332, 0.591452, 0.591512, 0.5917520000000001, 0.5919920000000001, 0.5919920000000001, 0.5922320000000001, 0.5922320000000001, 0.592592, 0.592592, 0.592952, 0.593192, 0.593192, 0.5933120000000001, 0.593432, 0.593672, 0.593912, 0.594032, 0.594152, 0.594512, 0.594632, 0.594632, 0.5948720000000001, 0.595112, 0.595112, 0.595112, 0.595232, 0.595232, 0.595232, 0.595232, 0.595232, 0.595184, 0.595304, 0.595544, 0.595544, 0.595664, 0.59564, 0.59564, 0.59564, 0.59564, 0.59564, 0.59564, 0.59576, 0.59588, 0.59588, 0.59588, 0.596, 0.59612, 0.59624, 0.59624, 0.59624, 0.59624, 0.59648, 0.5966, 0.5967199999999999, 0.5967199999999999, 0.5967199999999999, 0.5967199999999999, 0.5967199999999999, 0.5967199999999999, 0.5967199999999999, 0.5967199999999999, 0.5969599999999999, 0.5970799999999999, 0.5970799999999999, 0.59732, 0.59732, 0.59732, 0.59744, 0.59744, 0.59756, 0.59756, 0.59756, 0.59768, 0.59768, 0.59772, 0.59784, 0.5982, 0.59832, 0.59832, 0.59832, 0.59844, 0.59844, 0.59848, 0.5986, 0.59872, 0.59908, 0.5992, 0.5992, 0.59944, 0.59944, 0.599512, 0.599632, 0.5997520000000001, 0.5997520000000001, 0.5997520000000001, 0.599872, 0.599992, 0.599992, 0.600112, 0.600112, 0.6001, 0.6001, 0.6001, 0.6001, 0.6001, 0.60022, 0.60046, 0.60058, 0.60058, 0.60094, 0.60094, 0.60094, 0.60094, 0.60094, 0.60092, 0.60092, 0.60092, 0.600848, 0.6009680000000001, 0.6009680000000001, 0.6010880000000001, 0.6010880000000001, 0.6010880000000001, 0.6010880000000001, 0.6010880000000001, 0.601328, 0.601328, 0.601328, 0.6016879999999999, 0.6016879999999999, 0.6016879999999999, 0.6016879999999999, 0.6018079999999999, 0.6018079999999999, 0.6018079999999999, 0.6019279999999999, 0.6020479999999999, 0.6020479999999999, 0.6021679999999999, 0.6021679999999999, 0.6021679999999999, 0.6021679999999999, 0.602092, 0.602212, 0.602212, 0.602212, 0.602212, 0.602212, 0.602212, 0.602332, 0.602332, 0.602332, 0.602332, 0.602572, 0.602572, 0.602572, 0.602572, 0.602572, 0.602572, 0.602572, 0.602692, 0.602692, 0.602812, 0.602812, 0.602932, 0.602932, 0.603052, 0.603052, 0.603092, 0.603092, 0.603092, 0.603092, 0.603212, 0.603164, 0.603284, 0.603284, 0.603284, 0.603284, 0.603284, 0.603284, 0.603284, 0.603164, 0.603284, 0.603404, 0.603404, 0.6035240000000001, 0.6035240000000001, 0.6035240000000001, 0.6035240000000001, 0.6035240000000001, 0.6035240000000001, 0.6035240000000001, 0.6035240000000001]","[0.0, 8.0e-5, 0.00024, 0.00024, 0.00064, 0.0008, 0.0008799999999999999, 0.0008, 0.0012000000000000001, 0.00136, 0.0014399999999999999, 0.0015199999999999999, 0.0016, 0.0016, 0.00168, 0.0017600000000000003, 0.0017600000000000003, 0.00192, 0.0020800000000000003, 0.0021600000000000005, 0.00232, 0.0022400000000000002, 0.00232, 0.0024, 0.0024800000000000004, 0.0028000000000000004, 0.0030400000000000006, 0.0032, 0.0031200000000000004, 0.0032799999999999995, 0.0030399999999999997, 0.0030399999999999997, 0.00328, 0.00312, 0.00328, 0.00328, 0.0034400000000000003, 0.0034400000000000003, 0.0035199999999999997, 0.00368, 0.0034400000000000008, 0.00336, 0.00368, 0.0036000000000000003, 0.0034400000000000003, 0.00376, 0.00384, 0.00408, 0.00432, 0.0044, 0.0041600000000000005, 0.004, 0.00408, 0.0041600000000000005, 0.004240000000000001, 0.00456, 0.004880000000000001, 0.0048, 0.0048, 0.0048000000000000004, 0.00512, 0.00512, 0.004960000000000001, 0.004960000000000001, 0.004960000000000001, 0.004960000000000001, 0.00504, 0.00496, 0.00512, 0.00512, 0.0052, 0.00536, 0.00536, 0.005680000000000001, 0.006000000000000001, 0.006080000000000001, 0.006000000000000001, 0.00576, 0.00576, 0.00544, 0.0052, 0.00504, 0.0052, 0.00528, 0.00536, 0.005520000000000001, 0.00544, 0.005520000000000001, 0.00576, 0.005920000000000001, 0.006000000000000001, 0.006160000000000001, 0.00632, 0.00632, 0.006080000000000001, 0.00576, 0.005520000000000001, 0.005600000000000001, 0.005600000000000001, 0.005680000000000001, 0.005520000000000001, 0.00544, 0.00544, 0.005600000000000001, 0.00576, 0.0060799999999999995, 0.006, 0.0057599999999999995, 0.0057599999999999995, 0.005520000000000001, 0.005520000000000001, 0.005600000000000001, 0.00576, 0.005920000000000001, 0.00576, 0.0060799999999999995, 0.006240000000000001, 0.006320000000000001, 0.006240000000000001, 0.006320000000000001, 0.006640000000000002, 0.006480000000000001, 0.006559999999999999, 0.006719999999999999, 0.0064800000000000005, 0.00632, 0.00632, 0.00664, 0.00664, 0.00664, 0.007039999999999999, 0.006959999999999999, 0.006880000000000001, 0.006400000000000001, 0.006560000000000002, 0.00664, 0.00664, 0.00664, 0.00664, 0.00656, 0.00664, 0.0068000000000000005, 0.006959999999999999, 0.007039999999999999, 0.006959999999999999, 0.00736, 0.00752, 0.0074399999999999996, 0.007280000000000001, 0.006960000000000001, 0.006880000000000001, 0.0068000000000000005, 0.00672, 0.00672, 0.007039999999999999, 0.006960000000000001, 0.007200000000000001, 0.00728, 0.0072, 0.00736, 0.0072, 0.00712, 0.0072, 0.0072, 0.0074399999999999996, 0.0075200000000000015, 0.007760000000000001, 0.00752, 0.0076, 0.0076, 0.0072, 0.00672, 0.0068000000000000005, 0.0068000000000000005, 0.006800000000000001, 0.006960000000000001, 0.0072, 0.00728, 0.00752, 0.00736, 0.00736, 0.00736, 0.007039999999999999, 0.00712, 0.0068, 0.006719999999999999, 0.006719999999999999, 0.006719999999999999, 0.00664, 0.0068, 0.0068, 0.0068, 0.0068000000000000005, 0.00712, 0.00736, 0.0074399999999999996, 0.0072, 0.0076, 0.00776, 0.0076, 0.00752, 0.0076, 0.00784, 0.0074399999999999996, 0.00776, 0.00784, 0.00768, 0.0076, 0.0074399999999999996, 0.00752, 0.0076, 0.0072, 0.00728, 0.006959999999999999, 0.00664, 0.006880000000000001, 0.006640000000000002, 0.006480000000000001, 0.006480000000000001, 0.006400000000000001, 0.006560000000000002, 0.0064800000000000005, 0.006400000000000001, 0.006400000000000001, 0.0064800000000000005, 0.006639999999999999, 0.0064800000000000005, 0.006719999999999999, 0.0068, 0.00672, 0.00672, 0.006639999999999999, 0.0064, 0.00632, 0.00616, 0.006000000000000001, 0.005920000000000001, 0.006240000000000001, 0.00624, 0.006080000000000001, 0.0060799999999999995, 0.0064800000000000005, 0.006559999999999999, 0.006479999999999999, 0.0064800000000000005, 0.0064, 0.00616, 0.00616, 0.0060799999999999995, 0.005920000000000001, 0.005680000000000001, 0.00576, 0.005840000000000001, 0.005840000000000001, 0.005840000000000001, 0.00576, 0.0060799999999999995, 0.006239999999999999, 0.006239999999999999, 0.00632, 0.006320000000000001, 0.006559999999999999, 0.006639999999999999, 0.006559999999999999, 0.0063999999999999994, 0.006080000000000001, 0.006320000000000001, 0.006080000000000001, 0.006, 0.0060799999999999995, 0.00616, 0.00624, 0.006000000000000001, 0.0060799999999999995, 0.00592, 0.00584, 0.005680000000000001, 0.005520000000000001, 0.005520000000000001, 0.005680000000000001, 0.005840000000000001, 0.00616, 0.0060799999999999995, 0.006, 0.00632, 0.00632, 0.00624, 0.00624, 0.00632, 0.0064, 0.006320000000000001, 0.006400000000000001, 0.0064, 0.00656, 0.00664, 0.00664, 0.006880000000000001, 0.00656, 0.00664, 0.0064, 0.0064, 0.0064800000000000005, 0.0064, 0.0064, 0.00664, 0.00672, 0.0068000000000000005, 0.00632, 0.0064800000000000005, 0.00664, 0.00664, 0.00672, 0.0068000000000000005, 0.006640000000000002, 0.00664, 0.00672, 0.00664, 0.00664, 0.006640000000000002, 0.006480000000000001, 0.006640000000000002, 0.006640000000000002, 0.006640000000000002, 0.006640000000000002, 0.006719999999999999, 0.0068, 0.007039999999999999, 0.00712, 0.0072, 0.007039999999999999, 0.00688, 0.00688, 0.007039999999999999, 0.006880000000000001, 0.006959999999999999, 0.006959999999999999, 0.0072, 0.0072, 0.0074399999999999996, 0.0076, 0.0074399999999999996, 0.0074399999999999996, 0.007040000000000001, 0.006959999999999999, 0.006880000000000001, 0.00688, 0.00688, 0.006960000000000001, 0.0072, 0.006960000000000001, 0.006960000000000001, 0.00728, 0.007360000000000001, 0.007200000000000001, 0.0071200000000000005, 0.007200000000000001, 0.00712, 0.006959999999999999, 0.007039999999999999, 0.00712, 0.00688, 0.006959999999999999, 0.0068000000000000005, 0.0064800000000000005, 0.0064800000000000005, 0.00672, 0.006640000000000002, 0.006720000000000001, 0.007039999999999999, 0.006959999999999999, 0.0072, 0.00712, 0.007039999999999999, 0.00712, 0.00712, 0.00728, 0.00728, 0.007039999999999999, 0.00688, 0.00688, 0.007039999999999999, 0.006959999999999999, 0.0068, 0.00688, 0.0068, 0.0068, 0.00656, 0.0068, 0.007039999999999999, 0.006959999999999999, 0.007039999999999999, 0.00728, 0.00712, 0.007039999999999999, 0.007039999999999999, 0.00728, 0.0074399999999999996, 0.0074399999999999996, 0.007039999999999999, 0.00688, 0.00728, 0.00728, 0.00712, 0.00664, 0.00664, 0.0068, 0.00712, 0.007200000000000001, 0.007200000000000001, 0.0074399999999999996, 0.0076, 0.0072, 0.00712, 0.0072, 0.00728, 0.007360000000000001, 0.007200000000000001, 0.0071200000000000005, 0.0071200000000000005, 0.006960000000000002, 0.007280000000000001, 0.007280000000000001, 0.007200000000000001, 0.007440000000000001, 0.007200000000000001, 0.007040000000000001, 0.007200000000000001, 0.0074399999999999996, 0.00752, 0.0074399999999999996, 0.0074399999999999996, 0.0074399999999999996, 0.0072, 0.007039999999999999, 0.00712, 0.007039999999999999, 0.006959999999999999, 0.006719999999999999, 0.006559999999999999, 0.006479999999999999, 0.006479999999999999, 0.006479999999999999, 0.0068, 0.006959999999999999, 0.006959999999999999, 0.00664, 0.006719999999999999, 0.006639999999999999, 0.0063999999999999994, 0.00656, 0.00656, 0.006400000000000001, 0.00664, 0.00672, 0.00688, 0.0068800000000000016, 0.006719999999999999, 0.006639999999999999, 0.0068, 0.00688, 0.0068, 0.006959999999999999, 0.00728, 0.006959999999999999, 0.006959999999999999, 0.006959999999999999, 0.006959999999999999, 0.006959999999999999, 0.006959999999999999, 0.0068, 0.00728, 0.0072, 0.007200000000000001, 0.0072, 0.00712, 0.0068, 0.00672, 0.00672, 0.006720000000000001, 0.006959999999999999, 0.006959999999999999, 0.007039999999999999, 0.007039999999999999, 0.006959999999999999, 0.007039999999999999, 0.007039999999999999, 0.007039999999999999, 0.00688, 0.00688, 0.00688, 0.006880000000000001, 0.00688, 0.00688, 0.006959999999999999, 0.0068, 0.006719999999999999, 0.006639999999999999, 0.00664, 0.00672, 0.00688, 0.0068, 0.0068, 0.00656, 0.0068, 0.006479999999999999, 0.006319999999999999, 0.0063999999999999994, 0.00616, 0.00616, 0.0060799999999999995, 0.006, 0.0060799999999999995, 0.006, 0.006000000000000001, 0.005840000000000001, 0.0060799999999999995, 0.006080000000000001, 0.006160000000000001, 0.00624, 0.006320000000000001, 0.006320000000000001, 0.0064, 0.0064, 0.00656, 0.0064800000000000005, 0.0064800000000000005, 0.006559999999999999, 0.006639999999999999, 0.0064, 0.00632, 0.00664, 0.006719999999999999, 0.006559999999999999, 0.006559999999999999, 0.006559999999999999, 0.006719999999999999, 0.006719999999999999, 0.0068, 0.006719999999999999, 0.006479999999999999, 0.0063999999999999994, 0.006639999999999999, 0.006639999999999999, 0.0068, 0.006959999999999999, 0.007039999999999999, 0.0068, 0.007039999999999999, 0.00688, 0.007039999999999999, 0.006959999999999999, 0.00688, 0.007039999999999999, 0.0072, 0.00736, 0.00768, 0.00784, 0.00784, 0.00808, 0.00808, 0.00816, 0.008, 0.00816, 0.008, 0.00792, 0.00784, 0.00784, 0.00792, 0.00784, 0.00776, 0.00784, 0.00792, 0.00776, 0.00792, 0.008, 0.008, 0.00808, 0.00784, 0.00776, 0.0074399999999999996, 0.00752, 0.00752, 0.0076, 0.00752, 0.00768, 0.00776, 0.00776, 0.00776, 0.0076, 0.00768, 0.0076, 0.00776, 0.00752, 0.00768, 0.00776, 0.00792, 0.008, 0.00808, 0.008, 0.00752, 0.0076, 0.00776, 0.00792, 0.00784, 0.008, 0.008, 0.00792, 0.008, 0.00824, 0.00816, 0.00808, 0.00824, 0.008400000000000001, 0.008320000000000001, 0.008480000000000001, 0.008480000000000001, 0.008400000000000001, 0.00816, 0.008400000000000001, 0.008400000000000001, 0.008320000000000001, 0.008320000000000001, 0.008400000000000001, 0.008560000000000002, 0.00816, 0.00808, 0.00816, 0.00816, 0.00816, 0.008, 0.00808, 0.008, 0.00808, 0.008, 0.008, 0.00824, 0.008, 0.00808, 0.008320000000000001, 0.008400000000000001, 0.00824, 0.008400000000000001, 0.00816, 0.008320000000000001, 0.00816, 0.008, 0.00792, 0.00776, 0.00792, 0.00784, 0.00816, 0.00832, 0.00856, 0.00872, 0.00856, 0.00856, 0.00856, 0.00864, 0.00888, 0.00888, 0.00888, 0.00904, 0.00912, 0.008960000000000001, 0.008640000000000002, 0.008640000000000002, 0.008640000000000002, 0.008320000000000001, 0.00816, 0.0084, 0.00848, 0.00824, 0.008320000000000001, 0.008400000000000001, 0.008400000000000001, 0.008480000000000001, 0.008320000000000001, 0.008320000000000001, 0.00824, 0.00784, 0.00784, 0.008, 0.00792, 0.00784, 0.00816, 0.008, 0.008, 0.00808, 0.008, 0.008, 0.00792, 0.00784, 0.00784, 0.00792, 0.00776, 0.00776, 0.00768, 0.00768, 0.00752, 0.00736, 0.00752, 0.00752, 0.0074399999999999996, 0.00776, 0.00768, 0.00752, 0.00752, 0.0076, 0.00768, 0.00768, 0.00768, 0.00776, 0.00768, 0.00784, 0.008, 0.00776, 0.00784, 0.00776, 0.008, 0.00792, 0.00792, 0.00808, 0.00816, 0.00792, 0.008, 0.008, 0.00808, 0.008320000000000001, 0.008320000000000001, 0.008320000000000001, 0.008320000000000001, 0.00824, 0.00824, 0.00816, 0.00824, 0.00824, 0.008400000000000001, 0.008640000000000002, 0.00872, 0.0088, 0.008960000000000001, 0.0088, 0.00872, 0.00872, 0.00888, 0.00888, 0.00888, 0.009040000000000001, 0.0088, 0.008640000000000002, 0.0088, 0.00888, 0.0088, 0.0088, 0.00888, 0.00888, 0.00888, 0.008960000000000001, 0.00888, 0.00872, 0.0088, 0.00888, 0.008960000000000001, 0.008960000000000001, 0.00904, 0.008960000000000001, 0.008960000000000001, 0.00912, 0.00888, 0.008960000000000001, 0.00888, 0.00888, 0.00904, 0.00904, 0.00888, 0.00904, 0.0092, 0.0092, 0.00936, 0.009439999999999999, 0.00912, 0.00936, 0.009360000000000002, 0.00936, 0.00928, 0.00936, 0.00904, 0.00872, 0.00872, 0.008560000000000002, 0.00872, 0.00872, 0.00872, 0.00888, 0.00888, 0.00888, 0.00904, 0.0088, 0.00904, 0.0092, 0.00928, 0.0092, 0.00936, 0.00936, 0.00912, 0.008960000000000001, 0.008960000000000001, 0.008640000000000002, 0.008640000000000002, 0.008560000000000002, 0.008640000000000002, 0.00872, 0.00904, 0.00888, 0.0088, 0.0088, 0.008480000000000001, 0.00864, 0.008719999999999999, 0.008879999999999999, 0.008799999999999999, 0.0088, 0.008640000000000002, 0.008480000000000001, 0.008799999999999999, 0.008559999999999998, 0.008719999999999999, 0.008639999999999998, 0.008639999999999998, 0.00896, 0.00888, 0.00896, 0.00904, 0.00912, 0.00904, 0.00936, 0.0092, 0.00912, 0.0092, 0.00896, 0.00904, 0.00904, 0.0092, 0.00928, 0.008960000000000001, 0.00912, 0.0092, 0.00912, 0.00936, 0.00936, 0.00912, 0.00928, 0.00928, 0.0092, 0.00928, 0.0092, 0.0092, 0.00968, 0.0096, 0.0096, 0.009519999999999999, 0.009519999999999999, 0.00936, 0.00936, 0.009439999999999999, 0.0096, 0.00976, 0.01, 0.00984, 0.00992, 0.00984, 0.01, 0.01016, 0.00992, 0.00984, 0.01008, 0.01, 0.01, 0.01, 0.01, 0.00976, 0.00968, 0.009439999999999999, 0.009519999999999999, 0.0096, 0.0096, 0.00976, 0.00984, 0.00976, 0.00976, 0.01008, 0.01016, 0.01024, 0.01008, 0.01008, 0.00968, 0.00984, 0.00968, 0.009600000000000001, 0.009680000000000001, 0.00992, 0.00984, 0.00984, 0.00992, 0.01008, 0.01008, 0.00992, 0.00968, 0.0096, 0.009439999999999999, 0.0096, 0.00968, 0.0096, 0.00976, 0.009680000000000001, 0.009920000000000002, 0.01, 0.00976, 0.00968, 0.009600000000000001, 0.00944, 0.00944, 0.009600000000000001, 0.00976, 0.00968, 0.00968, 0.0096, 0.00976, 0.00976, 0.00984, 0.0096, 0.009519999999999999, 0.0096, 0.009519999999999999, 0.0096, 0.009600000000000001, 0.00944, 0.009440000000000002, 0.009440000000000002, 0.009520000000000002, 0.009520000000000002, 0.009440000000000002, 0.00952, 0.009519999999999999, 0.009519999999999999, 0.00936, 0.009519999999999999, 0.00936, 0.00936, 0.00936, 0.00944, 0.00936, 0.00968, 0.0096, 0.00984, 0.009519999999999999, 0.009519999999999999, 0.009439999999999999, 0.00968, 0.00976, 0.01, 0.00992, 0.00992, 0.01008, 0.01, 0.01008, 0.01, 0.01008, 0.01016, 0.01, 0.01008, 0.01, 0.00984, 0.00992, 0.00976, 0.00992, 0.00984, 0.00976, 0.00976, 0.00976, 0.00992, 0.00992, 0.01008, 0.01, 0.01024, 0.01024, 0.01024, 0.0104, 0.010320000000000001, 0.01024, 0.01024, 0.01048, 0.0108, 0.010960000000000001, 0.01088, 0.011040000000000001, 0.011040000000000001, 0.01088, 0.010960000000000001, 0.011200000000000002, 0.011360000000000002, 0.011280000000000002, 0.011200000000000002, 0.011040000000000001, 0.011040000000000001, 0.011040000000000001, 0.010960000000000001, 0.01088, 0.010960000000000001, 0.01088, 0.01064, 0.0108, 0.01072, 0.01064, 0.01064, 0.01056, 0.01056, 0.01064, 0.01072, 0.01056, 0.01072, 0.01072, 0.0108, 0.0108, 0.0108, 0.0108, 0.01072, 0.010960000000000001, 0.011040000000000001, 0.011120000000000001, 0.011200000000000002, 0.011200000000000002, 0.011280000000000002, 0.011360000000000002, 0.01144, 0.01152, 0.011600000000000001, 0.011360000000000002, 0.01152, 0.011680000000000001, 0.012000000000000002, 0.011840000000000002, 0.011920000000000002, 0.012000000000000002, 0.011680000000000001, 0.011680000000000001, 0.011680000000000001, 0.011680000000000001, 0.011600000000000001, 0.011760000000000001, 0.011840000000000002, 0.011600000000000001, 0.011600000000000001, 0.011680000000000001, 0.011760000000000001, 0.011760000000000001, 0.011760000000000001, 0.011840000000000002, 0.011680000000000001, 0.011840000000000002, 0.012080000000000002, 0.012320000000000003, 0.012080000000000002, 0.012080000000000002, 0.011920000000000002, 0.011920000000000002, 0.012000000000000002, 0.012080000000000002, 0.012080000000000002, 0.012000000000000002, 0.012000000000000002, 0.012000000000000002, 0.011920000000000002, 0.012000000000000002, 0.011999999999999997, 0.012000000000000002, 0.011840000000000002, 0.011760000000000001, 0.011840000000000002, 0.011600000000000001, 0.0116, 0.011600000000000001, 0.01168, 0.01184, 0.01184, 0.011920000000000002, 0.011920000000000002, 0.011840000000000002, 0.01176, 0.011600000000000001, 0.011280000000000002, 0.011360000000000002, 0.01152, 0.0116, 0.01168, 0.0116, 0.011680000000000001, 0.011680000000000001, 0.011680000000000001, 0.011680000000000001, 0.011760000000000001, 0.012000000000000002, 0.012000000000000002, 0.011760000000000001, 0.011920000000000002, 0.011920000000000002, 0.012000000000000002, 0.011920000000000002, 0.012080000000000002, 0.012080000000000002, 0.012000000000000002, 0.012000000000000002, 0.012160000000000002, 0.012160000000000002, 0.011920000000000002, 0.011680000000000001, 0.011760000000000001, 0.011760000000000001, 0.011760000000000001, 0.011920000000000002, 0.011840000000000002, 0.011760000000000001, 0.011760000000000001, 0.01184, 0.01192, 0.01208, 0.012, 0.012159999999999999, 0.012159999999999999, 0.01208, 0.012159999999999999, 0.01224, 0.01232, 0.0124, 0.01232, 0.0124, 0.01232, 0.01232, 0.01232, 0.012240000000000003, 0.01232, 0.01232, 0.01248, 0.012559999999999998, 0.01248, 0.01248, 0.01224, 0.01232, 0.01248, 0.01224, 0.012159999999999999, 0.012, 0.01192, 0.011760000000000001, 0.011920000000000002, 0.012080000000000002, 0.012000000000000002, 0.011840000000000002, 0.011760000000000001, 0.011760000000000001, 0.011680000000000001, 0.011600000000000001, 0.011760000000000001, 0.011840000000000002, 0.012000000000000002, 0.012000000000000002, 0.011840000000000002, 0.011760000000000001, 0.011920000000000002, 0.012000000000000002, 0.012080000000000002, 0.01224, 0.01248, 0.01264, 0.01272, 0.01272, 0.01312, 0.01328, 0.01344, 0.013920000000000002, 0.013920000000000002, 0.014159999999999999, 0.013999999999999999, 0.013999999999999999, 0.013999999999999999, 0.013839999999999998, 0.013919999999999998, 0.013919999999999998, 0.013919999999999998, 0.013839999999999998, 0.01376, 0.013839999999999998, 0.01376, 0.014079999999999999, 0.01432, 0.01448, 0.01464, 0.0144, 0.01432, 0.014159999999999999, 0.014159999999999999, 0.01432, 0.014159999999999999, 0.014159999999999999, 0.014159999999999999, 0.01432, 0.01424, 0.013999999999999999, 0.013999999999999999, 0.014079999999999999, 0.013919999999999998, 0.01376, 0.0136, 0.0136, 0.013519999999999999, 0.013439999999999999, 0.013439999999999999, 0.013439999999999999, 0.013439999999999999, 0.013279999999999998, 0.013359999999999999, 0.013359999999999999, 0.013279999999999998, 0.013359999999999999, 0.013439999999999999, 0.013519999999999999, 0.013359999999999999, 0.013279999999999998, 0.013279999999999998, 0.013359999999999999, 0.013279999999999998, 0.013359999999999999, 0.013359999999999999, 0.013279999999999998, 0.013279999999999998, 0.013199999999999998, 0.013119999999999998, 0.013279999999999998, 0.013119999999999998, 0.013279999999999998, 0.013519999999999999, 0.013439999999999999, 0.013439999999999999, 0.013119999999999998, 0.013199999999999998, 0.013199999999999998, 0.013039999999999998, 0.013199999999999998, 0.013199999999999998, 0.013279999999999998, 0.013519999999999999, 0.013439999999999999, 0.013279999999999998, 0.013359999999999999, 0.013359999999999999, 0.013439999999999999, 0.0136, 0.01376, 0.0136, 0.0136, 0.013439999999999999, 0.013119999999999998, 0.013199999999999998, 0.013039999999999998, 0.0128, 0.0128, 0.0128, 0.0128, 0.01288, 0.013040000000000001, 0.01312, 0.012960000000000001, 0.012960000000000001, 0.012960000000000001, 0.012960000000000001, 0.012960000000000001, 0.01312, 0.0132, 0.01328, 0.01336, 0.01312, 0.012960000000000001, 0.0128, 0.01288, 0.01288, 0.013040000000000001, 0.013040000000000001, 0.013040000000000003, 0.012960000000000003, 0.012960000000000003, 0.012960000000000003, 0.01288, 0.012960000000000001, 0.013040000000000001, 0.01312, 0.01328, 0.01336, 0.01344, 0.01328, 0.01336, 0.013439999999999999, 0.013439999999999999, 0.013279999999999998, 0.013199999999999998, 0.013279999999999998, 0.013199999999999998, 0.013199999999999998, 0.013199999999999998, 0.01328, 0.01336, 0.01328, 0.0132, 0.01312, 0.012960000000000001, 0.013039999999999998, 0.013039999999999998, 0.013279999999999998, 0.013439999999999999, 0.013359999999999999, 0.0136, 0.013439999999999999, 0.013359999999999999, 0.013439999999999999, 0.0136, 0.0136, 0.0136, 0.01376, 0.0136, 0.01376, 0.01376, 0.01376, 0.013839999999999998, 0.013839999999999998, 0.013999999999999999, 0.014079999999999999, 0.014159999999999999, 0.014159999999999999, 0.014159999999999999, 0.014079999999999999, 0.014079999999999999, 0.013999999999999999, 0.01424, 0.014159999999999999, 0.013999999999999999, 0.013999999999999999, 0.013999999999999999, 0.013919999999999998, 0.01424, 0.01424, 0.01424, 0.014159999999999999, 0.01424, 0.0144, 0.01424, 0.01424, 0.014079999999999999, 0.014079999999999999, 0.013839999999999998, 0.01376, 0.014159999999999999, 0.014159999999999999, 0.013999999999999999, 0.014079999999999999, 0.014079999999999999, 0.013999999999999999, 0.014079999999999999, 0.014079999999999999, 0.014159999999999999, 0.014079999999999999, 0.013919999999999998, 0.014159999999999999, 0.014159999999999999, 0.01432, 0.01424, 0.01424, 0.0144, 0.01448, 0.01464, 0.01464, 0.01464, 0.01464, 0.01464, 0.01472, 0.01448, 0.0144, 0.01424, 0.01424, 0.0144, 0.01448, 0.01448, 0.01464, 0.01472, 0.014879999999999999, 0.01496, 0.01496, 0.01496, 0.01504, 0.014879999999999999, 0.0148, 0.01496, 0.01504, 0.01496, 0.01504, 0.01504, 0.01512, 0.0152, 0.01552, 0.01576, 0.01584, 0.01592, 0.01608, 0.01616, 0.01616, 0.01624, 0.01616, 0.01608, 0.01592, 0.016, 0.01584, 0.015600000000000001, 0.01568, 0.01568, 0.01584, 0.01576, 0.01576, 0.01592, 0.01592, 0.01592, 0.01592, 0.01584, 0.01576, 0.01568, 0.01568, 0.015600000000000001, 0.01568, 0.015600000000000001, 0.01576, 0.01576, 0.01584, 0.016, 0.016, 0.01608, 0.01608, 0.01608, 0.01616, 0.01584, 0.01576, 0.01576, 0.01576, 0.01576, 0.01592, 0.01608, 0.01624, 0.01608, 0.016, 0.01568, 0.01544, 0.0152, 0.01512, 0.01512, 0.01528, 0.01544, 0.01552, 0.01576, 0.01584, 0.01608, 0.01624, 0.01632, 0.01632, 0.01624, 0.01616, 0.01616, 0.01624, 0.01616, 0.01608, 0.01608, 0.016, 0.016, 0.016, 0.01608, 0.01592, 0.016, 0.016, 0.01592, 0.01608, 0.01608, 0.01608, 0.016, 0.01592, 0.016, 0.01616, 0.01608, 0.01616, 0.01632, 0.01632, 0.0164, 0.01648, 0.016560000000000002, 0.016640000000000002, 0.01648, 0.01632, 0.01632, 0.01632, 0.016, 0.016, 0.01592, 0.01592, 0.016, 0.016, 0.01592, 0.01584, 0.016, 0.01624, 0.01624, 0.01632, 0.01608, 0.01624, 0.01632, 0.01632, 0.016560000000000002, 0.016560000000000002, 0.016800000000000002, 0.016720000000000002, 0.016960000000000003, 0.016960000000000003, 0.016800000000000002, 0.016880000000000003, 0.017040000000000003, 0.017120000000000003, 0.017280000000000004, 0.017120000000000003, 0.01712, 0.017200000000000003, 0.017120000000000003, 0.017120000000000003, 0.017040000000000003, 0.016880000000000003, 0.017040000000000003, 0.0172, 0.01728, 0.017120000000000003, 0.01728, 0.01728, 0.01752, 0.01744, 0.01752, 0.0176, 0.01752, 0.01768, 0.01776, 0.01792, 0.018, 0.01792, 0.01824, 0.01824, 0.01824, 0.01832, 0.01824, 0.01832, 0.01824, 0.018320000000000003, 0.01816, 0.01824, 0.01824, 0.01824, 0.01808, 0.017920000000000002, 0.01776, 0.017759999999999998, 0.017599999999999998, 0.017519999999999997, 0.01768, 0.01776, 0.01768, 0.01776, 0.0176, 0.01768, 0.01784, 0.017920000000000002, 0.01792, 0.018, 0.01808, 0.01824, 0.01816, 0.01824, 0.01824, 0.0184, 0.018320000000000003, 0.018240000000000003, 0.018080000000000002, 0.018160000000000003, 0.018080000000000002, 0.01808, 0.01784, 0.01776, 0.01784, 0.018000000000000002, 0.01808, 0.017920000000000002, 0.01768, 0.01768, 0.01776, 0.01768, 0.01784, 0.01776, 0.018000000000000002, 0.017920000000000002, 0.01776, 0.01776, 0.01792, 0.017839999999999998, 0.017679999999999998, 0.017759999999999998, 0.01768, 0.01768, 0.018000000000000002, 0.018000000000000002, 0.01816, 0.01808, 0.018080000000000002, 0.017920000000000002, 0.01776, 0.017920000000000002, 0.018000000000000002, 0.018080000000000002, 0.018160000000000003, 0.018080000000000002, 0.018240000000000003, 0.018240000000000003, 0.018160000000000003, 0.018000000000000002, 0.018080000000000002, 0.01784, 0.01776, 0.0176, 0.01768, 0.0176, 0.01768, 0.01768, 0.01776, 0.0176, 0.0176, 0.01768, 0.01776, 0.01776, 0.0176, 0.01752, 0.01752, 0.01752, 0.01744, 0.017519999999999997, 0.017519999999999997, 0.017599999999999998, 0.017599999999999998, 0.017759999999999998, 0.01768, 0.01776, 0.0176, 0.0176, 0.01768, 0.01768, 0.01768, 0.01752, 0.0176, 0.0176, 0.01768, 0.01768, 0.01768, 0.01776, 0.01784, 0.01776, 0.01776, 0.01768, 0.01768, 0.0176, 0.0176, 0.01752, 0.017599999999999998, 0.0176, 0.01752, 0.01744, 0.01736, 0.01736, 0.01744, 0.01744, 0.01768, 0.0176, 0.0176, 0.01752, 0.01752, 0.017759999999999998, 0.017679999999999998, 0.017839999999999998, 0.017759999999999998, 0.017679999999999998, 0.017679999999999998, 0.017599999999999998, 0.01792, 0.01792, 0.018080000000000002, 0.018240000000000003, 0.018240000000000003, 0.018240000000000003, 0.018160000000000003, 0.018320000000000003, 0.018320000000000003, 0.018000000000000002, 0.017920000000000002, 0.01784, 0.017920000000000002, 0.017920000000000002, 0.01784, 0.01784, 0.017920000000000002, 0.017920000000000002, 0.01784, 0.017920000000000002, 0.018080000000000002, 0.018080000000000002, 0.018160000000000003, 0.017920000000000002, 0.018000000000000002, 0.01808, 0.018160000000000003, 0.018160000000000003, 0.018160000000000003, 0.018080000000000002, 0.018080000000000002, 0.018160000000000003, 0.018240000000000003, 0.018240000000000003, 0.018160000000000003, 0.01824, 0.01824, 0.0184, 0.0184, 0.01848, 0.0184, 0.01832, 0.01872, 0.01872, 0.01864, 0.01872, 0.01872, 0.01872, 0.018799999999999997, 0.018959999999999998, 0.018959999999999998, 0.018959999999999998, 0.018879999999999997, 0.018959999999999998, 0.018959999999999998, 0.019039999999999998, 0.018959999999999998, 0.019039999999999998, 0.019039999999999998, 0.0192, 0.0192, 0.0192, 0.01936, 0.01928, 0.01928, 0.0196, 0.01968, 0.01968, 0.0196, 0.01968, 0.01976, 0.01984, 0.02, 0.02, 0.02, 0.02016, 0.02016, 0.02016, 0.02, 0.02, 0.02016, 0.02032, 0.02024, 0.02048, 0.02032, 0.0204, 0.02048, 0.02032, 0.02032, 0.0204, 0.02032, 0.02008, 0.01984, 0.01992, 0.01992, 0.02, 0.01984, 0.02, 0.02, 0.02, 0.02008, 0.02016, 0.02032, 0.02024, 0.02024, 0.02032, 0.020640000000000002, 0.02104, 0.02136, 0.021840000000000002, 0.022640000000000004, 0.023280000000000002, 0.024320000000000005, 0.024480000000000005, 0.024880000000000003, 0.025839999999999995, 0.026879999999999998, 0.02744, 0.027919999999999997, 0.02896, 0.03008, 0.03096, 0.032, 0.0332, 0.034800000000000005, 0.03632, 0.0368, 0.03752, 0.03832, 0.03936, 0.03992, 0.04056, 0.04152, 0.042800000000000005, 0.04336, 0.04456, 0.044800000000000006, 0.04544000000000001, 0.04576, 0.046400000000000004, 0.047040000000000005, 0.04792, 0.04912000000000001, 0.0492, 0.05024000000000001, 0.0508, 0.05176, 0.05192, 0.052960000000000014, 0.05392000000000001, 0.054880000000000005, 0.055600000000000004, 0.055920000000000004, 0.056479999999999995, 0.05744, 0.05776, 0.05832, 0.05848, 0.05864, 0.05888, 0.05912, 0.0596, 0.0604, 0.06024, 0.061200000000000004, 0.06216, 0.06256, 0.06344, 0.06448000000000001, 0.06520000000000001, 0.06536, 0.0664, 0.06695999999999999, 0.06744, 0.06816, 0.06776, 0.06863999999999999, 0.06936, 0.06944, 0.06952, 0.06968, 0.06968, 0.07, 0.06992000000000001, 0.06960000000000001, 0.06912000000000001, 0.06968, 0.06960000000000001, 0.07024, 0.07103999999999999, 0.07096, 0.0716, 0.07224, 0.07296000000000001, 0.07352, 0.07352, 0.07352, 0.07384, 0.07392000000000001, 0.07464, 0.07504, 0.07592, 0.07583999999999999, 0.07536, 0.0756, 0.07592, 0.07624, 0.07615999999999999, 0.07615999999999999, 0.07607999999999998, 0.07688, 0.07792, 0.07799999999999999, 0.07832, 0.07792, 0.07816000000000001, 0.07816000000000001, 0.07840000000000001, 0.07872, 0.07848, 0.07904, 0.07888, 0.07896, 0.07896, 0.07984, 0.08064, 0.08064, 0.08056, 0.08039999999999999, 0.08135999999999999, 0.08192, 0.08184000000000001, 0.08248000000000001, 0.08280000000000001, 0.083056, 0.083376, 0.084096, 0.08433600000000001, 0.084416, 0.084816, 0.08537600000000001, 0.086096, 0.08713599999999999, 0.08777599999999999, 0.088256, 0.08789999999999999, 0.08710000000000001, 0.0875, 0.08774000000000001, 0.08838000000000001, 0.0883, 0.08902000000000002, 0.08958, 0.08950000000000001, 0.08966000000000002, 0.08974, 0.09046, 0.09054000000000001, 0.09038, 0.09054000000000001, 0.09078, 0.0911, 0.0911, 0.0915, 0.09142, 0.09173999999999999, 0.09166, 0.09158000000000001, 0.09198, 0.09222000000000001, 0.09198, 0.09222000000000001, 0.09230000000000001, 0.09278, 0.09301999999999999, 0.09294000000000001, 0.09342, 0.09342, 0.09390000000000001, 0.09390000000000001, 0.09408000000000001, 0.09440000000000001, 0.09431999999999999, 0.09448000000000001, 0.09472000000000001, 0.09480000000000001, 0.09472000000000001, 0.09496, 0.09504000000000001, 0.09552, 0.0956, 0.09544000000000001, 0.09552, 0.095448, 0.095608, 0.095608, 0.095768, 0.096008, 0.095928, 0.09616799999999999, 0.096888, 0.09706, 0.0973, 0.09762, 0.0977, 0.0981, 0.09834, 0.09842000000000001, 0.09922, 0.09922, 0.09930000000000001, 0.09930000000000001, 0.09994, 0.10026, 0.10026, 0.10018, 0.1005, 0.10042, 0.10033999999999998, 0.10034000000000001, 0.10082, 0.10097999999999999, 0.10106, 0.10146000000000001, 0.1013, 0.10154, 0.10186, 0.10154, 0.1017, 0.10178000000000001, 0.1017, 0.10162, 0.10178000000000001, 0.10178000000000001, 0.10202, 0.10210000000000001, 0.10161999999999999, 0.10146000000000001, 0.10129999999999999, 0.10129999999999999, 0.10129999999999999, 0.10178000000000001, 0.10202000000000001, 0.10217999999999999, 0.10217999999999999, 0.10217999999999999, 0.10257999999999999, 0.10289999999999999, 0.10289999999999999, 0.10322, 0.10378, 0.10402000000000002, 0.1041, 0.10458, 0.10490000000000001, 0.10538, 0.10554000000000001, 0.1061, 0.1065, 0.10682, 0.10714, 0.10769999999999999, 0.10754000000000001, 0.10794000000000001, 0.10809999999999999, 0.10850000000000001, 0.10858000000000001, 0.10858000000000001, 0.10882, 0.10890000000000001, 0.1093, 0.10953999999999998, 0.10994, 0.11034000000000001, 0.11082, 0.11105999999999999, 0.11146, 0.11170400000000001, 0.112184, 0.112264, 0.112424, 0.112504, 0.112744, 0.113224, 0.113224, 0.113704, 0.11394399999999999, 0.11386399999999998, 0.114024, 0.114344, 0.11482399999999998, 0.114824, 0.114744, 0.11474400000000001, 0.114664, 0.114824, 0.115144, 0.11538399999999999, 0.11538399999999999, 0.115944, 0.11634399999999999, 0.116424, 0.11642399999999999, 0.11666399999999999, 0.11682400000000001, 0.11666399999999999, 0.11698399999999999, 0.11730399999999999, 0.11762399999999999, 0.117704, 0.117944, 0.117944, 0.118264, 0.118664, 0.118904, 0.11874400000000002, 0.118904, 0.11898399999999999, 0.119224, 0.119464, 0.119464, 0.11970399999999998, 0.119544, 0.120184, 0.12066399999999998, 0.12074399999999999, 0.12066399999999998, 0.12098399999999998, 0.12138399999999999, 0.121784, 0.12194399999999998, 0.122024, 0.122104, 0.12186399999999999, 0.12186399999999999, 0.121944, 0.12226399999999998, 0.12250399999999999, 0.12266400000000001, 0.12258399999999998, 0.12258399999999998, 0.122584, 0.122744, 0.123064, 0.123064, 0.12346399999999999, 0.123864, 0.123944, 0.123944, 0.12410399999999999, 0.12450399999999999, 0.12506399999999998, 0.12514399999999998, 0.125544, 0.12570399999999998, 0.12578399999999998, 0.126024, 0.12634399999999998, 0.126744, 0.126824, 0.12690400000000002, 0.12706399999999998, 0.127304, 0.12722399999999998, 0.127304, 0.127464, 0.127464, 0.127784, 0.128024, 0.128264, 0.128264, 0.128104, 0.128584, 0.128584, 0.128664, 0.128984, 0.12930399999999997, 0.129624, 0.129544, 0.129624, 0.129864, 0.129784, 0.130024, 0.130024, 0.13058399999999998, 0.13066399999999997, 0.130904, 0.131144, 0.13130399999999998, 0.131464, 0.131464, 0.13170400000000002, 0.13186399999999998, 0.13194399999999998, 0.13194399999999998, 0.13194399999999998, 0.132024, 0.13234400000000002, 0.132104, 0.132104, 0.132344, 0.132264, 0.132344, 0.132344, 0.132424, 0.132424, 0.13250399999999998, 0.13258399999999998, 0.132744, 0.13298400000000002, 0.132904, 0.133064, 0.133064, 0.132904, 0.133224, 0.133304, 0.133384, 0.13330399999999998, 0.133464, 0.133464, 0.133544, 0.13386399999999998, 0.133784, 0.13394399999999998, 0.13394399999999998, 0.133944, 0.13394399999999998, 0.134184, 0.13426400000000002, 0.134264, 0.134504, 0.134584, 0.134584, 0.13482399999999997, 0.134984, 0.135144, 0.135144, 0.135544, 0.13586399999999998, 0.136024, 0.13610399999999998, 0.136424, 0.136504, 0.136664, 0.13674399999999998, 0.136824, 0.137064, 0.137224, 0.13730399999999998, 0.13730399999999998, 0.13730399999999998, 0.13738399999999998, 0.137464, 0.137544, 0.137624, 0.137704, 0.137704, 0.13786400000000001, 0.138104, 0.138264, 0.13842400000000002, 0.138264, 0.138264, 0.13842400000000002, 0.13858399999999998, 0.138744, 0.13914400000000002, 0.139224, 0.139224, 0.139624, 0.139624, 0.139624, 0.139464, 0.139544, 0.13978400000000002, 0.13978400000000002, 0.13978400000000002, 0.139704, 0.139944, 0.140104, 0.140344, 0.140504, 0.140424, 0.140584, 0.140664, 0.140824, 0.140584, 0.140744, 0.140744, 0.140904, 0.141064, 0.141304, 0.141464, 0.141544, 0.141544, 0.141544, 0.141544, 0.14186400000000002, 0.14186400000000002, 0.142104, 0.142104, 0.142184, 0.142104, 0.142344, 0.142424, 0.142344, 0.142344, 0.142344, 0.142344, 0.142424, 0.142744, 0.142744, 0.142984, 0.143064, 0.14322400000000002, 0.14330400000000001, 0.14330400000000001, 0.143384, 0.143464, 0.14330400000000001, 0.143544, 0.143544, 0.143624, 0.143704, 0.14394400000000002, 0.14394400000000002, 0.14410399999999998, 0.144264, 0.144424, 0.14458400000000002, 0.14458400000000002, 0.14466400000000001, 0.144824, 0.145144, 0.14522400000000002, 0.14514400000000002, 0.145304, 0.145624, 0.145384, 0.145544, 0.145784, 0.146264, 0.146264, 0.146264, 0.146344, 0.146424, 0.146584, 0.146584, 0.14650400000000002, 0.14650400000000002, 0.146744, 0.146824, 0.146904, 0.146824, 0.14714400000000002, 0.14714400000000002, 0.147224, 0.14730400000000002, 0.14730400000000002, 0.14738400000000001, 0.147464, 0.147464, 0.147624, 0.147464, 0.147544, 0.147544, 0.14770400000000003, 0.14778400000000003, 0.147864, 0.147864, 0.147864, 0.148184, 0.148184, 0.148424, 0.148344, 0.148344, 0.148344, 0.14866400000000002, 0.14874400000000002, 0.14898399999999998, 0.14938400000000002, 0.149464, 0.149464, 0.149704, 0.149544, 0.149544, 0.14962399999999998, 0.149784, 0.149784, 0.149944, 0.149944, 0.15010400000000002, 0.15018399999999998, 0.15018399999999998, 0.150344, 0.150424, 0.150584, 0.15082399999999999, 0.151064, 0.151144, 0.151144, 0.15138400000000002, 0.151464]","[0.0, 0.0, 0.0, 0.0, 0.0, 0.0, 0.0, 0.000848528137423857, 0.000848528137423857, 0.000848528137423857, 0.0014393876248925712, 0.0014393876248925712, 0.0016442850937072179, 0.0018182745801939796, 0.0018182745801939796, 0.0018182745801939796, 0.0019695643359558955, 0.0019695643359558955, 0.0019695643359558955, 0.00253111252461144, 0.00253111252461144, 0.002710523708715754, 0.002710523708715754, 0.0029791109480541886, 0.0030304576336566322, 0.0033063945466261565, 0.0033439558633939132, 0.003376751246330093, 0.003404918411321349, 0.0034285714285714293, 0.0036787309258071318, 0.0036787309258071318, 0.0036787309258071318, 0.004063978145530182, 0.004058551063457731, 0.004049489763777503, 0.004049489763777503, 0.004352057922783807, 0.004496529273807086, 0.004496529273807086, 0.004412412917565858, 0.004781597376336464, 0.004781597376336464, 0.004892476523256114, 0.005050601095767852, 0.005233487150562427, 0.005178448274397673, 0.005261488886819248, 0.005549627676424678, 0.0056193543096287185, 0.00611041265849884, 0.006492821782081928, 0.006447400995117081, 0.006447400995117081, 0.006590531241168373, 0.006643824814311806, 0.006883876458946719, 0.006845346997063339, 0.006749149606295838, 0.006874264339118887, 0.006879606063710097, 0.0069887372950764035, 0.006988737295076403, 0.006874264339118887, 0.007171371656006361, 0.007248814118354048, 0.007532135236736645, 0.007496938150515386, 0.007694259720925804, 0.007694259720925804, 0.007826798547950757, 0.00813247458386086, 0.00820711488245885, 0.008257983150520816, 0.008217850158313292, 0.008217850158313292, 0.008398250546685183, 0.00827842043495975, 0.008282856650076366, 0.008574856457417006, 0.008720981034498448, 0.008838136288903021, 0.00884229169666889, 0.008844784004238467, 0.008845614617378697, 0.008845614617378697, 0.00900693610275901, 0.008907689867497083, 0.008970154595623631, 0.008875464920274339, 0.00901019830355513, 0.009216577788010525, 0.009116390263068569, 0.009520847158328134, 0.00968533501153751, 0.009847821679779477, 0.009910291496773463, 0.009716386327503972, 0.00984856769861921, 0.009749599677809907, 0.009643523786480134, 0.010144748314637821, 0.010113559295947844, 0.010339857497143008, 0.010559916511729337, 0.01063686312513502, 0.010720112701204713, 0.010990831058065571, 0.011499778169998918, 0.011705571671783712, 0.011535499776864496, 0.01139000636075148, 0.011371284995504228, 0.011371284995504228, 0.01121777015930255, 0.01125765045991174, 0.011296089263681534, 0.011497222379730663, 0.011626851399643317, 0.011589509683065869, 0.011589509683065869, 0.011522754772667012, 0.012199765805714703, 0.012199765805714703, 0.012063505430234866, 0.012228037371515663, 0.012355350819687439, 0.012480188381623746, 0.012725612931792163, 0.012840560735419617, 0.012840560735419617, 0.012999215046945515, 0.012920415738556668, 0.012538919004280967, 0.012283787224281792, 0.012243048839972794, 0.01225744255377865, 0.012477833406910522, 0.012509000841027086, 0.012480188381623746, 0.012480188381623746, 0.01235951257212064, 0.01235951257212064, 0.012529540604311957, 0.012634646244129105, 0.012634646244129105, 0.012480188381623746, 0.01239512741658872, 0.01243595839589735, 0.012115161693396537, 0.011876919823329446, 0.011944155773551228, 0.011892374507581379, 0.012075679724815765, 0.012061069096688819, 0.011642638034748107, 0.011614839206632107, 0.01141577855426427, 0.011283073832162972, 0.011136921496004329, 0.011624323548455785, 0.011283073832162972, 0.011241976730821255, 0.011306490821376788, 0.011194823876803648, 0.011502333392376858, 0.011705571671783712, 0.011808056744512735, 0.011827950294250704, 0.011830434635864796, 0.011852770278095587, 0.012438321298900986, 0.012480188381623746, 0.01277171620002095, 0.012529540604311957, 0.012529540604311957, 0.012940302491496424, 0.013055611038623842, 0.01308315633139942, 0.013269944557963629, 0.013258866882973376, 0.01335383457884602, 0.013323540621541917, 0.01351189951751524, 0.013815164693560625, 0.013776288413392759, 0.013885185175104392, 0.013885185175104392, 0.014201178450669334, 0.014250757230149319, 0.014500161856943219, 0.014495601021675224, 0.014576973734808818, 0.014517884818107517, 0.014517884818107517, 0.014395917788720238, 0.014479880482086522, 0.014496107852011272, 0.014304273658524545, 0.0142651852495536, 0.013952748248050251, 0.013924812679647267, 0.013865593888382531, 0.01391055978274734, 0.01397957694025722, 0.014099413795890775, 0.014406631126261381, 0.014078555120668962, 0.014144675207819157, 0.014303760030859305, 0.014808491772338889, 0.014890128218633543, 0.014890128218633543, 0.015525410376120137, 0.015556139282860485, 0.015540546046666812, 0.015640919645178757, 0.01568407485577752, 0.015843932721443646, 0.015834655870293243, 0.015805398199504432, 0.015929487481666556, 0.01575837969501449, 0.015864785802885223, 0.015749518943090787, 0.015760244481683935, 0.01563857084132638, 0.015793772991471115, 0.015984737618575225, 0.016043003434010526, 0.016138431757510913, 0.016088733540548662, 0.01616163257059567, 0.01628300729382052, 0.016399900447681918, 0.01639810840260771, 0.016840621443766406, 0.016868083616640012, 0.01687679242181344, 0.016707031392775427, 0.016796501093370365, 0.016905065054290562, 0.016631663924513363, 0.01681224043878235, 0.017142857142857144, 0.017101664795437614, 0.016615753528086606, 0.016708790305386793, 0.016405275408370622, 0.01663122217458501, 0.01688767211275003, 0.016521303501472125, 0.016328065233998615, 0.016454017560387828, 0.016454017560387828, 0.016512407209027236, 0.01645580351692846, 0.016870261239403328, 0.016855883730215116, 0.016868083616640012, 0.01711755275280021, 0.01731173955819034, 0.017270950011094188, 0.017689568008476934, 0.017939080585272424, 0.01752600400338111, 0.01752600400338111, 0.017764169394759617, 0.017774092588566617, 0.01782197680233192, 0.017784010245390752, 0.017866854502007853, 0.017852044986613764, 0.017887813660451085, 0.017940309191247263, 0.01809404006059138, 0.018503171267076773, 0.018636107152404935, 0.018543231341150563, 0.018543231341150563, 0.018686500638761903, 0.018592295968700455, 0.018973665961010275, 0.018759095752977746, 0.018911998135294632, 0.01886688060261869, 0.018920931072573074, 0.01906483031925647, 0.01923096992045988, 0.01937825417043232, 0.01932852391505088, 0.01932852391505088, 0.019718384667044887, 0.0196541941309934, 0.019807234299928016, 0.01973626104407823, 0.019776052308232782, 0.019514264798148172, 0.019514264798148172, 0.019649333997126015, 0.019860575242917608, 0.019860575242917608, 0.020001020382133774, 0.019993305001873983, 0.019993305001873983, 0.019865013856280193, 0.019817988118404566, 0.019896425686591068, 0.019896425686591068, 0.019896425686591068, 0.02004651733201698, 0.01986242478569389, 0.019710931391655005, 0.01964484665249388, 0.019421048963872752, 0.019421048963872752, 0.019319018862145106, 0.019688554636475206, 0.01999330500187398, 0.019499199355619813, 0.019499199355619813, 0.019810572316573898, 0.01981316816294308, 0.01974072760894624, 0.0198161344281237, 0.019549247075641808, 0.019549247075641808, 0.019390761528445995, 0.01957441061744665, 0.019734399677016904, 0.01931901886214511, 0.019141748368742207, 0.019066757052257105, 0.018855584351180683, 0.018889841779352722, 0.01885753246350765, 0.01885753246350765, 0.01883219128437869, 0.01888400683874358, 0.018643990113356605, 0.018328031391665545, 0.018423587365889723, 0.01855273784735431, 0.01858873918504953, 0.018379269599753095, 0.01843355414366277, 0.018722637176881437, 0.01877905911446284, 0.018910055634017386, 0.01914366736025258, 0.018972117027095208, 0.018992630149613297, 0.019031273939363647, 0.019577413057930208, 0.01968220993067349, 0.019634372193390124, 0.019481482573595523, 0.019373704038290283, 0.019046709502093605, 0.01897715060007585, 0.018788446297810638, 0.018749302027825255, 0.019246245326911778, 0.019373704038290286, 0.01932053998484831, 0.01927371055005618, 0.019357011069662085, 0.019307226097806923, 0.019307226097806923, 0.019218358569931225, 0.019243191215681073, 0.019532327990659328, 0.019614904786817558, 0.019598792132711252, 0.019598792132711252, 0.019299614038648966, 0.019261508619153232, 0.01968220993067349, 0.019609285597202493, 0.01966914085670282, 0.01966914085670282, 0.019651203421632155, 0.019568779799904307, 0.019536841179302915, 0.019432772655007945, 0.01940288217597308, 0.019251970479588282, 0.019251970479588282, 0.019251970479588282, 0.019432772655007945, 0.019461484726379485, 0.01968109006438538, 0.019630255698169348, 0.01953872136689249, 0.01965830561345094, 0.019943634859989075, 0.019943634859989075, 0.020522799665797283, 0.02040972157315914, 0.020529958199506138, 0.020529958199506138, 0.020651629376840158, 0.021182356924996783, 0.021658763603131334, 0.0217329243315298, 0.021772440921345254, 0.021772440921345254, 0.02184924226958688, 0.021723456709938485, 0.021927114888806935, 0.021692319716754074, 0.02215643823140445, 0.02211229226895654, 0.022319973666870576, 0.022509100200513006, 0.02237421985870601, 0.022359767075563853, 0.022611682008760563, 0.022611682008760563, 0.02231734019701693, 0.022626298587155213, 0.023039451524083904, 0.02314730116061931, 0.02333853780635744, 0.02312094200467778, 0.023055708930451786, 0.02302382084995043, 0.023218606191358425, 0.02309805186590419, 0.023070999553728988, 0.023039132636734856, 0.0229423056329372, 0.023059851142058083, 0.02379833641930735, 0.023946368648055417, 0.024123356452422043, 0.02436457783466039, 0.02421364095222495, 0.02451008955095673, 0.024573554725288212, 0.024499595998335007, 0.02473833676952533, 0.02473833676952533, 0.02473833676952533, 0.024955666813821043, 0.02459537039562444, 0.024694046212950745, 0.024784326844658443, 0.024682440259076028, 0.024477694969510674, 0.024394713378441783, 0.02412701086046973, 0.02412701086046973, 0.024159875658552855, 0.024159875658552855, 0.02406755797622134, 0.02393532100968639, 0.024079765406681528, 0.024402241449405872, 0.024402241449405872, 0.024411573033280416, 0.024243661069253058, 0.024243661069253058, 0.02409928443344494, 0.024316585420872977, 0.024379348905605017, 0.024439546406826555, 0.02436337163758375, 0.024299357512292463, 0.024353719910300928, 0.024694343729787557, 0.024574750605996773, 0.024509190279633174, 0.024486097679945588, 0.024677379545334423, 0.024664276405608275, 0.024639241970847218, 0.02470118562799307, 0.024610898531557363, 0.02448969795898776, 0.02430691511584676, 0.024273946728867936, 0.024270617156200564, 0.024341951693422164, 0.024341951693422164, 0.024365783972025785, 0.024328667896797253, 0.02468482141242398, 0.024674997673841466, 0.024674997673841466, 0.02476089741540735, 0.02486719008768669, 0.02469285610975658, 0.0246046287332697, 0.02448009603822698, 0.024552318149832865, 0.02459387678895306, 0.024892290421915368, 0.024892290421915368, 0.024783141076801646, 0.024777507904532765, 0.024777507904532765, 0.025002726381949076, 0.025037082701546556, 0.02496655722345067, 0.024551121176443414, 0.024551121176443414, 0.024660999532849105, 0.02486039387607263, 0.024943888049388137, 0.02510828792349211, 0.02547200143575014, 0.02566538206874571, 0.02567682986345345, 0.02576110024269704, 0.02589224137198837, 0.025684554240449887, 0.025684554240449887, 0.025599744896688134, 0.025598596900324556, 0.02559515260229354, 0.025503133060829356, 0.025408467173004212, 0.025408467173004212, 0.02516557415297691, 0.025232340763555076, 0.025232340763555076, 0.02503561544712505, 0.025468540017288877, 0.025307932127525322, 0.02545584412271571, 0.025519548329442972, 0.025892241371988367, 0.026089829123117487, 0.026089829123117487, 0.026089829123117487, 0.025976095761688443, 0.025946381132588625, 0.025941850200722667, 0.02580697580112788, 0.02565822460334928, 0.02565822460334928, 0.025680263206738108, 0.0255135018276638, 0.0255135018276638, 0.025369401463421336, 0.0253934267567215, 0.025164406349818296, 0.02517987534617635, 0.025222730273485056, 0.02527161834702224, 0.02557102952601651, 0.02563674021750019, 0.025680263206738104, 0.025772505520735203, 0.025772505520735203, 0.025869247364074463, 0.02578874932672646, 0.025650205870996236, 0.025253005478839262, 0.025199416902874916, 0.02514366881806736, 0.025055562745422342, 0.02514103889529416, 0.025165574152976912, 0.02510009350336271, 0.025007721256623514, 0.02537635087386422, 0.02539921258622007, 0.02530560960639005, 0.025123499041368277, 0.025223895376392275, 0.025271618347022237, 0.025271618347022237, 0.025085161074277537, 0.025043830964685796, 0.025089846714622735, 0.024945360699099205, 0.02471902514424128, 0.024773949451562447, 0.024773949451562447, 0.02469404621295074, 0.024702672746412007, 0.024479195665057362, 0.024479195665057362, 0.02454603338835097, 0.02452806805374161, 0.02452806805374161, 0.024597461292597177, 0.024574750605996773, 0.024457576765176264, 0.024159875658552852, 0.024219708621581015, 0.024219708621581015, 0.024451568122995083, 0.024451568122995083, 0.024477694969510674, 0.024443153542496123, 0.02431749181480823, 0.024664276405608275, 0.024892290421915368, 0.024892290421915368, 0.025029745569328226, 0.02497920768011929, 0.02479055119539355, 0.024689285455973216, 0.024573554725288212, 0.024544836108473748, 0.024544836108473748, 0.024663084865888956, 0.02461209259776211, 0.02461209259776211, 0.024474092924760174, 0.024485197527469197, 0.024485197527469197, 0.024264562217189013, 0.024493597664096065, 0.024582223542342834, 0.024582223542342834, 0.02452806805374161, 0.02465712630358656, 0.0245148851075573, 0.024431127685802797, 0.024431127685802797, 0.024874575168149473, 0.02496037676324749, 0.024957138768500767, 0.024894356380349276, 0.024943888049388137, 0.024807141828801754, 0.024791736608830623, 0.024862757986472007, 0.024882548593136433, 0.024960671105577596, 0.025037963012927683, 0.024896717265781142, 0.025267257186214052, 0.025267257186214052, 0.025280919642275353, 0.025293993801868846, 0.025405286289049596, 0.025503133060829356, 0.025599744896688134, 0.025356366185288633, 0.025143668818067365, 0.025070805853072392, 0.02507783800856193, 0.025228555249954366, 0.025346223000837092, 0.025259986911625867, 0.025259986911625867, 0.025259114338053442, 0.025170244823795335, 0.0253111252461144, 0.025158566520923943, 0.025158566520923943, 0.025095702534782438, 0.024973324543911053, 0.024908813291520667, 0.024688392711836826, 0.02474041558392474, 0.02464311801104159, 0.02448489746928977, 0.02437543092240753, 0.02414770872639253, 0.02419542881434847, 0.024197857891363278, 0.023920582888263524, 0.02401101787912867, 0.02401101787912867, 0.024152576234752064, 0.02392150428687416, 0.023895999152791333, 0.02384305828897435, 0.023784749015162757, 0.023882159680824685, 0.024007345814588178, 0.024007345814588178, 0.023915360958930106, 0.02387385214678458, 0.024171124618149697, 0.024171124618149697, 0.023970594230329417, 0.023709259364050928, 0.023576570867654842, 0.023536649667083468, 0.023536649667083468, 0.023680733579370866, 0.02363756954252173, 0.023562543780070843, 0.023348294523216406, 0.023810681876598398, 0.02388492821673047, 0.024019583846587877, 0.024072136488106757, 0.024091661695808907, 0.024244873222003457, 0.024079765406681528, 0.024057787571951473, 0.023789690787294863, 0.023789690787294863, 0.023789690787294863, 0.023915360958930106, 0.023792470083054875, 0.024127010860469734, 0.023969368207044966, 0.02387385214678458, 0.023900610529303833, 0.023900610529303833, 0.023900610529303833, 0.023900610529303833, 0.02392150428687416, 0.02409928443344494, 0.02433561260408964, 0.02433561260408964, 0.024191784741510743, 0.024021113162195885, 0.02400030612049669, 0.02400030612049669, 0.02416017975335212, 0.02446718752341843, 0.02446718752341843, 0.024333197278531206, 0.02431900239629538, 0.02437693791354477, 0.02437693791354477, 0.024202411753663677, 0.024193910517368807, 0.024273946728867936, 0.024312959507225774, 0.024177202957686047, 0.024214551199555987, 0.024347685637825363, 0.024507691420766465, 0.024723780174610212, 0.024577441124838405, 0.024577441124838405, 0.024577441124838405, 0.024579533546993017, 0.02455201891195633, 0.024462082278247598, 0.024337122060837057, 0.024175683516074326, 0.024317491814808235, 0.024220921973048214, 0.024244873222003457, 0.024230323386793075, 0.024230323386793075, 0.024325043784175205, 0.02424396411312241, 0.023717934314844227, 0.023597440193238534, 0.023645027953859043, 0.023486652744545297, 0.023374711610138484, 0.02357532435338583, 0.02357532435338583, 0.02371173824527095, 0.023764971650541065, 0.023722890005310943, 0.023722890005310943, 0.023545388213458043, 0.023545388213458043, 0.023460048541105373, 0.023623889672645067, 0.02369314031442822, 0.023772699141868515, 0.023772699141868515, 0.023663663697573053, 0.023663663697573053, 0.023667389085457843, 0.02388492821673047, 0.02388492821673047, 0.02406847374827554, 0.02424638832772369, 0.024152576234752064, 0.023965996319615775, 0.02395219729173173, 0.02395219729173173, 0.024007651841418717, 0.02391689693885211, 0.02391689693885211, 0.023795866559260297, 0.023754148939432344, 0.023606467463863565, 0.02375260243529074, 0.023673596762500398, 0.02363010877707351, 0.02363010877707351, 0.023536337516135968, 0.023491344476341124, 0.023491344476341124, 0.023606467463863565, 0.023606467463863565, 0.023430278683440227, 0.023430278683440227, 0.023528844651028766, 0.023915668162806356, 0.023915668162806356, 0.023915668162806356, 0.023915668162806356, 0.023730321600545286, 0.023730321600545286, 0.024002754943921734, 0.024053817211598237, 0.024281512241511934, 0.024177202957686047, 0.02458551091473951, 0.02492031381857633, 0.02490881329152067, 0.02490881329152067, 0.024926209466490226, 0.024926209466490226, 0.024723780174610212, 0.02452716944158715, 0.02454004640482614, 0.023990508327168026, 0.02403945736084909, 0.02403945736084909, 0.02403945736084909, 0.02389446182952127, 0.024055344350824303, 0.023946368648055417, 0.023957411191954946, 0.02414527460424266, 0.02436729155977709, 0.02436729155977709, 0.024399531611429406, 0.024551121176443414, 0.024551121176443414, 0.024849752595984383, 0.024849752595984383, 0.024730911005938973, 0.024730911005938973, 0.024906158569596347, 0.024906158569596347, 0.025107117455788818, 0.0248056609733853, 0.02479618140450053, 0.02455351506487037, 0.02455351506487037, 0.024664276405608275, 0.024664276405608275, 0.02474427577589349, 0.02490881329152067, 0.02490881329152067, 0.024955666813821047, 0.025105946933516997, 0.024945360699099205, 0.02481276827336594, 0.025031213167824314, 0.02510243503921401, 0.024931219671041255, 0.024723780174610216, 0.024754665608481875, 0.024641925448225806, 0.02477602527790583, 0.02477602527790583, 0.02481276827336594, 0.024874575168149476, 0.024819873538134307, 0.02490851833639018, 0.024876642597801972, 0.02490409359023172, 0.0250191763188453, 0.0250191763188453, 0.0250191763188453, 0.0250191763188453, 0.025041483948986473, 0.0252020407336957, 0.02513080880155687, 0.025006252279404537, 0.025006252279404537, 0.024990087830896443, 0.025184251638916036, 0.025184251638916036, 0.025119112164214075, 0.02504735107587961, 0.024960376763247492, 0.024988617817081508, 0.025055855969560233, 0.02512583839600265, 0.025039430129787096, 0.025107117455788818, 0.025203206793046423, 0.025327374881091547, 0.025421475735515998, 0.02543418878564193, 0.025328825234406396, 0.02515856652092395, 0.02515856652092395, 0.02502181905000971, 0.024876642597801975, 0.025085161074277544, 0.02502534225744058, 0.024387484244076964, 0.024387484244076964, 0.024438043276491548, 0.024522376287291377, 0.024522376287291377, 0.024522376287291377, 0.024539148231313316, 0.024539148231313316, 0.024672913347661734, 0.024672913347661734, 0.024672913347661734, 0.02444555800390838, 0.024383868873181096, 0.02454004640482614, 0.02445367131570077, 0.02445367131570077, 0.024288772916636166, 0.024573554725288216, 0.024573554725288216, 0.024450065731725843, 0.024552318149832865, 0.024623731708766364, 0.024565481007764886, 0.02490999307711748, 0.024829344061626204, 0.02475466560848187, 0.024820169546691872, 0.02468244025907603, 0.02450769142076647, 0.0245148851075573, 0.0245148851075573, 0.024427518774312464, 0.024427518774312464, 0.024427518774312464, 0.024427518774312464, 0.024760897415407355, 0.0248485699502291, 0.0248485699502291, 0.024965085824088042, 0.024992439673155693, 0.0248719167917947, 0.025183376441208036, 0.025114431983971907, 0.025114431983971907, 0.025114431983971907, 0.025072271048116164, 0.024723780174610216, 0.02489229042191537, 0.024674997673841466, 0.024813064366686073, 0.024552318149832865, 0.024510089550956734, 0.02455949876507737, 0.024574750605996773, 0.02470862032504743, 0.02446718752341843, 0.024311750749170576, 0.024311750749170576, 0.024353719910300928, 0.024425112537079123, 0.02443353333065867, 0.024598954681623597, 0.024426014903819918, 0.024498096552464595, 0.024498096552464595, 0.024498096552464595, 0.024563088285524056, 0.024746354091387413, 0.024957138768500774, 0.024549624877636178, 0.024551121176443414, 0.024341649869459282, 0.024341649869459282, 0.024341649869459282, 0.02454962487763618, 0.02454962487763618, 0.0245148851075573, 0.024206054226670028, 0.024206054226670028, 0.02404404122370753, 0.023977029824056056, 0.023939924811912008, 0.02374796231860145, 0.02374796231860145, 0.02374796231860145, 0.02374796231860145, 0.023925189526470863, 0.023793705221408147, 0.02358903238752264, 0.02358903238752264, 0.023672044995853535, 0.02366117977978758, 0.02366117977978758, 0.023761570758221336, 0.024012547740287615, 0.023861539372481606, 0.023861539372481606, 0.023861539372481606, 0.023753839646658892, 0.023721651179753018, 0.02388984926614615, 0.024086781877712307, 0.023734036525545305, 0.023734036525545305, 0.023806053080368157, 0.023806053080368157, 0.023740226775389887, 0.023798336419307356, 0.023812224608724123, 0.023812224608724123, 0.023753839646658892, 0.023603666266588542, 0.02388462061747719, 0.023977029824056056, 0.02412853336713568, 0.024270617156200564, 0.02435733975622133, 0.024352814864748898, 0.024407961230479117, 0.024641925448225806, 0.024569069654210955, 0.024553515064870378, 0.024385375342861653, 0.024385375342861653, 0.02453405796031305, 0.024552318149832865, 0.024480096038226987, 0.02457355472528822, 0.02457355472528822, 0.024469589623173717, 0.024469589623173717, 0.024603434304824943, 0.02462969835008798, 0.02462969835008798, 0.02462969835008798, 0.02462969835008798, 0.024641925448225802, 0.02442511253707912, 0.02442511253707912, 0.024495697248159105, 0.024304194649299133, 0.024130969177995898, 0.024007651841418717, 0.02389077185006455, 0.02389077185006455, 0.02389077185006455, 0.02383905216579018, 0.023965996319615775, 0.024000000000000004, 0.02403823484979456, 0.024219708621581015, 0.024484897469289772, 0.024622836587863982, 0.02449239782096494, 0.024546033388350978, 0.024658616079147176, 0.024980678247683467, 0.024941531628991837, 0.024941531628991837, 0.024941531628991837, 0.02453405796031305, 0.02462969835008798, 0.02462969835008798, 0.02442360851842382, 0.024439546406826555, 0.02434919434614054, 0.02434919434614054, 0.024202411753663677, 0.02410263767427007, 0.02426062569645873, 0.02426062569645873, 0.02426062569645873, 0.02426819536188155, 0.024244873222003464, 0.024528068053741612, 0.02444315354249613, 0.024236386879640127, 0.023938697217889618, 0.023938697217889618, 0.023975804129861205, 0.024159875658552855, 0.024030592746644895, 0.023741774085663733, 0.02389077185006455, 0.024130969177995894, 0.024182975965141518, 0.024091966651621805, 0.024141622960846557, 0.024141622960846557, 0.02409928443344494, 0.023998775478965503, 0.023998775478965503, 0.024106599993887694, 0.024106599993887694, 0.024117264541808882, 0.02461537598116018, 0.02468482141242398, 0.024664276405608275, 0.024947422262651116, 0.024947422262651116, 0.025020350900490457, 0.02514921997410899, 0.025246022115435557, 0.025423787672017653, 0.025423787672017653, 0.025423787672017653, 0.025423787672017653, 0.02606165374488671, 0.026087576212692917, 0.026087576212692917, 0.026026673915466817, 0.02610812681358595, 0.025817222538294795, 0.025925985703418832, 0.025920600900064185, 0.02570885656972027, 0.025957705002168274, 0.026006623959982166, 0.026083069808062184, 0.026419195247982488, 0.02647003696904969, 0.02647003696904969, 0.02667932012718802, 0.02668152307251945, 0.02668152307251945, 0.026926021099391906, 0.026746153642979727, 0.026812272547914948, 0.026812272547914948, 0.026812272547914948, 0.026713170335767995, 0.026778273252159986, 0.026732965203497886, 0.02644671192092831, 0.026098838820052934, 0.026077717441117726, 0.026077717441117726, 0.026196619192996203, 0.026196619192996203, 0.026314425313729288, 0.026314425313729288, 0.02624061348212666, 0.02624481289858308, 0.026164347139275037, 0.025916065461014562, 0.026002951166891716, 0.026002951166891716, 0.026002951166891716, 0.026002951166891716, 0.025977227075471555, 0.026004363841007728, 0.026054887120406853, 0.02605178516347933, 0.026015662472394414, 0.025857884756523158, 0.025758818581097184, 0.0259701555557882, 0.025989668276891437, 0.025998712683986683, 0.025998712683986683, 0.025998712683986683, 0.026286490671763977, 0.02595345913007217, 0.02596902393394162, 0.02612500561468546, 0.026195497354176214, 0.025896780983475965, 0.025896780983475965, 0.025896780983475965, 0.025896780983475965, 0.02602215696404171, 0.025789603980468322, 0.02606503639838202, 0.02606503639838202, 0.02606503639838202, 0.02606503639838202, 0.02606503639838202, 0.02606503639838202, 0.02606503639838202, 0.02605488712040685, 0.02605488712040685, 0.02605488712040685, 0.026231652480099964, 0.026231652480099964, 0.026231652480099964, 0.0262111987283205, 0.02608419648220832, 0.025897632072040398, 0.02568255184727084, 0.02571885673658016, 0.025892241371988367, 0.025778206267452877, 0.026033447873135537, 0.02603119008310717, 0.02596704347704558, 0.02587407496128201, 0.025857884756523154, 0.02573741816650518, 0.02573741816650518, 0.02573741816650518, 0.02573741816650518, 0.02573741816650518, 0.02554228187271658, 0.02546623214360217, 0.0253473824273507, 0.025364477812363444, 0.02543881013774995, 0.025369111863340694, 0.025409912897713514, 0.025376350873864216, 0.025376350873864216, 0.025542569509406386, 0.025941850200722663, 0.026126974097859166, 0.026126974097859166, 0.026084196482208315, 0.026043887605974897, 0.026164347139275033, 0.02600097329418454, 0.02591804981325657, 0.025891106344749, 0.025948929434092462, 0.026089829123117483, 0.026089829123117483, 0.02622801119849866, 0.026304372260139562, 0.02649555988986741, 0.02657446987203304, 0.02665259492669579, 0.02653684385213609, 0.026882328616337058, 0.026750548344560972, 0.02700639380077334, 0.027176700705282265, 0.02689435112526382, 0.026937751371998213, 0.02699550983071829, 0.026982715555990838, 0.026639360168819397, 0.02658082783066143, 0.02676811993581094, 0.026897355912840964, 0.026851701576455455, 0.02699659842518335, 0.02699659842518335, 0.027194267102926422, 0.027154253246733834, 0.02721452193373296, 0.02709873104943838, 0.02709873104943838, 0.02707811828388225, 0.02705531748255105, 0.02705531748255105, 0.026865925615613417, 0.026865925615613417, 0.026865925615613417, 0.026784582833246067, 0.026699965604197053, 0.026780468057667605, 0.02677498070656139, 0.02677498070656139, 0.02688096208190807, 0.02688096208190807, 0.02698598275598134, 0.026812272547914944, 0.026710970000495052, 0.02687002730454397, 0.02687002730454397, 0.027203721234044277, 0.02706210544322832, 0.02706210544322832, 0.026995509830718297, 0.026995509830718297, 0.026995509830718297, 0.026995509830718297, 0.026995509830718297, 0.02688752081375678, 0.02688752081375678, 0.02710415285598899, 0.02710415285598899, 0.027143428565413658, 0.027143428565413658, 0.02710089990222103, 0.02710089990222103, 0.02710089990222103, 0.02688779405953108, 0.027015369775030516, 0.027255525558487904, 0.027255525558487904, 0.027181296090195126, 0.027181296090195126, 0.027181296090195126, 0.027408474780547677, 0.027359914070756573, 0.02731826032050312, 0.027053416548354393, 0.027029507685384976, 0.026921382139974363, 0.026921382139974363, 0.02703059491066539, 0.02703059491066539, 0.02703059491066539, 0.02703059491066539, 0.027165073614658135, 0.027165073614658135, 0.027165073614658135, 0.027109573578199944, 0.02713232878516185, 0.02682624362333973, 0.02671234523128027, 0.026817478309064457, 0.026817478309064457, 0.026784857129142414, 0.026861276277669793, 0.026861276277669793, 0.026936933146647163, 0.02693011363526272, 0.027031682092217155, 0.027042551503819578, 0.027042551503819578, 0.027213712029948788, 0.027213712029948788, 0.027213712029948788, 0.02722019058548643, 0.02722019058548643, 0.027170482182707324, 0.027348096228932254, 0.027348096228932254, 0.027348096228932254, 0.027280582913156978, 0.02718535019649595, 0.02718535019649595, 0.026965011343121917, 0.026965011343121917, 0.026965011343121917, 0.026965011343121917, 0.026921655042067557, 0.02701400997064074, 0.02688779405953108, 0.026842670872918674, 0.026842670872918674, 0.02706970593840717, 0.027105237087157535, 0.027100086602768466, 0.027327940400451185, 0.027471662579792274, 0.027471662579792274, 0.02745240036343426, 0.027646278857992396, 0.02767416831337004, 0.027674964741971897, 0.02762208521883774, 0.027674964741971897, 0.027594409371672162, 0.0276462788579924, 0.027535505835786872, 0.027535505835786872, 0.027425624841727555, 0.027525098009056444, 0.027675230213079324, 0.027709984938756684, 0.027861494165655528, 0.02762501085049191, 0.027562441170282902, 0.027562441170282902, 0.027525898750827667, 0.027332241557754246, 0.027266305737511057, 0.027199669865943712, 0.027253638588756006, 0.027253638588756006, 0.027239347290570794, 0.027251481891928782, 0.02731691559365772, 0.026822956966154256, 0.026822956966154256, 0.02688779405953108, 0.02688779405953108, 0.026687029640265474, 0.02655760008827943, 0.02655760008827943, 0.026648459770937327, 0.02677278545120635, 0.02680651763573743, 0.02653684385213609, 0.02653684385213609, 0.02656976953346085, 0.02656976953346085, 0.026582209794353443, 0.026837196240308267, 0.02661949569432915, 0.026838565003154905, 0.026838565003154905, 0.026838565003154905, 0.026971822031028405, 0.026971822031028405, 0.026942114820860074, 0.026942114820860074, 0.026743956021379283, 0.026743956021379283, 0.026743956021379283, 0.026743956021379283, 0.026514408866709065, 0.026619771691319197, 0.026619771691319197, 0.026619771691319197, 0.02635794423868819, 0.026454766940526068, 0.026446711920928304, 0.026401113149073924, 0.026286490671763977, 0.026286490671763977, 0.026286490671763977, 0.026286490671763977, 0.026497778112474998, 0.026402504519419348, 0.026402504519419348, 0.026432540242539482, 0.026363239712965194, 0.0265689399756289, 0.026608453467241708, 0.026602930634938456, 0.02641919524798248, 0.026631912727218897, 0.026406678190587028, 0.026524659300741417, 0.02647558752311037, 0.02647558752311037, 0.026794729911316668, 0.026794729911316668, 0.026794729911316668, 0.026911828823256233, 0.02686018219884411, 0.027053416548354397, 0.02702814859228302, 0.027056675210923233, 0.02697617996889637, 0.026947840775263972, 0.026919198823629992, 0.026780468057667605, 0.026777998888822815, 0.02672004521565281, 0.02671647049889576, 0.02671647049889576, 0.02671647049889576, 0.02671647049889576, 0.02671647049889576, 0.02671647049889576, 0.026574469872033043, 0.026652594926695798, 0.02660072118095558, 0.026648459770937334, 0.02674203295433263, 0.02674203295433263, 0.02674203295433263, 0.026887794059531088, 0.02668565310485492, 0.02668565310485492, 0.026801035618126433, 0.027034943374553352, 0.027064277231081124, 0.02715506492388497, 0.0274288392844064, 0.027633785887007586, 0.027633785887007586, 0.027633785887007586, 0.027880210229641017, 0.027940490697340364, 0.027940490697340364, 0.027716612568005096, 0.02777566105313743, 0.027728273347923105, 0.027759785919306265, 0.027869931130601842, 0.02805778294294596, 0.028087356440874508, 0.02814249455894058, 0.02814249455894058, 0.028094418067128785, 0.027964671590112712, 0.02812290808546786, 0.02809572558092009, 0.028146671242632162, 0.02824906716899458, 0.02824906716899458, 0.028344354799141082, 0.0281584148440677, 0.02810173936079475, 0.028273763709236066, 0.028273763709236066, 0.028085263766187536, 0.028131005481279107, 0.028350574986070676, 0.02838579696587283, 0.02838579696587283, 0.02838579696587283, 0.0283249079109406, 0.0283249079109406, 0.028470564820960085, 0.028470564820960085, 0.028470564820960085, 0.028320498093163865, 0.028320498093163865, 0.028320498093163865, 0.0284530117483373, 0.02863421672312583, 0.028672421507470222, 0.028464628963694862, 0.02806432843686528, 0.028047306975384084, 0.028108274618709992, 0.028108274618709992, 0.02814249455894058, 0.028071657578128042, 0.02784883392568544, 0.027881264281936425, 0.027881264281936425, 0.027881264281936425, 0.027965722458986493, 0.027965722458986493, 0.027715287168946, 0.027715287168946, 0.027715287168946, 0.027559242310605962, 0.027801042411817467, 0.027750521230626074, 0.027750521230626074, 0.027884426199758817, 0.027938387021940892, 0.027938387021940892, 0.028226951948918087, 0.028226951948918087, 0.028226951948918087, 0.028200130264571042, 0.0282768817378495, 0.028168588671694257, 0.028083955765322154, 0.028001428534987282, 0.028153978948138838, 0.02827922003369764, 0.028137533941810372, 0.02812395304173788, 0.02812395304173788, 0.02812395304173788, 0.02801165938005976, 0.028064328436865273, 0.028175108423817603, 0.02816441523828048, 0.02830934078197873, 0.028207424120436878, 0.027932864120229127, 0.027932864120229127, 0.027747079272659767, 0.027519759135158556, 0.027519759135158556, 0.02737065313545193, 0.027301042814799403, 0.027240695846546974, 0.027240695846546974, 0.027339766954801517, 0.027339766954801517, 0.027339766954801517, 0.02721344205666436, 0.02721344205666436, 0.02701183414123279, 0.027127183444520243, 0.02720291100869425, 0.02726091618086979, 0.027318260320503124, 0.027401772622535625, 0.027487704115677258, 0.027327940400451188, 0.027594409371672166, 0.027619691289708065, 0.027508811204367795, 0.027341647980429314, 0.027471662579792274, 0.02744035461185751, 0.027456414439572238, 0.027470325362292384, 0.027321218486587247, 0.027321218486587247, 0.02731288101588251, 0.02733089751880961, 0.027488773218556417, 0.027943645913494818, 0.027943645913494818, 0.027943645913494818, 0.027972026843156823, 0.02801165938005976, 0.027998279830542944, 0.027998279830542944, 0.0280630194602165, 0.027796813794801322, 0.027994868334414873, 0.027994868334414873, 0.028003527474595204, 0.02814249455894058, 0.028377513374256782, 0.02853783739643399, 0.02853783739643399, 0.02853783739643399, 0.028439581500408328, 0.028425369525356417, 0.02830285195119793, 0.028459466342322656, 0.028459466342322656, 0.02851182354099178, 0.02840882300430266, 0.028174847662699554, 0.027990931476068445, 0.02785621976492569, 0.028087356440874504, 0.028005363917708075, 0.028001428534987282, 0.02794443466186834, 0.028085263766187536, 0.028085263766187536, 0.028123953041737884, 0.028168588671694257, 0.028168588671694257, 0.028168588671694257, 0.028168588671694257, 0.027924709268944983, 0.028038137292929123, 0.028268566230615483, 0.02812917724080991, 0.02812917724080991, 0.02812917724080991, 0.028324648528899952, 0.028415029078834683, 0.028372334901363018, 0.028331132367494415, 0.028331132367494415, 0.0284801112128074, 0.02857488550515388, 0.02842821248876057, 0.02845507737770939, 0.028336059092576006, 0.028447847018711274, 0.028447847018711274, 0.028347724236484222, 0.028347724236484222, 0.028402356901338667, 0.028402356901338667, 0.02863832169293018, 0.02863832169293018, 0.02846024079522956, 0.02846024079522956, 0.02846024079522956, 0.028766306821753556, 0.028815557022737078, 0.02863421672312583, 0.02863421672312583, 0.028657043156072114, 0.028653710092077365, 0.02867549618808109, 0.028671140293233643, 0.028671140293233643, 0.028743055949326655, 0.02880841713734345, 0.02880841713734345, 0.028538867159989205, 0.028711087241904385, 0.028711087241904385, 0.028711087241904385, 0.028728738367064872, 0.028454302784267537, 0.028237361268868087, 0.028122908085467857, 0.028294544076372673, 0.02810095502771014, 0.028141450291159407, 0.028141450291159407, 0.028141450291159407, 0.02831141689373056, 0.02845404458176771, 0.0284530117483373, 0.028541956227738186, 0.028578741921153884, 0.028614966827354742, 0.028599300690751166, 0.028599300690751166, 0.028428470925881216, 0.02848913863928082, 0.028574885505153875, 0.02846153150324494, 0.02846153150324494, 0.02846153150324494, 0.02846153150324494, 0.02846153150324494, 0.028571542856914288, 0.028629341307013497, 0.028712110791832234, 0.028743055949326655, 0.02897700707070194, 0.029158231238873046, 0.029158231238873046, 0.029136806094487346, 0.028937681105352966, 0.028937681105352966, 0.028787752497851427, 0.028787752497851427, 0.028942758426005674, 0.028996523366551015, 0.028996523366551015, 0.02907344675339422, 0.02907344675339422, 0.02892117365727549, 0.02892117365727549, 0.02879311142106949, 0.02868266916108195, 0.02846979064889373, 0.028594162384112245, 0.028594162384112245, 0.028594162384112245, 0.028589280137413575, 0.02855225070652335, 0.028365083451026077, 0.028365083451026077, 0.028280259214237935, 0.028280259214237935, 0.028029750958142852, 0.028029750958142852, 0.028029750958142852, 0.02836715548313016, 0.02836715548313016, 0.02836715548313016, 0.02851208122025125, 0.02851208122025125, 0.02851208122025125, 0.028604438074379655, 0.028604438074379655, 0.028772691134164717, 0.028772691134164717, 0.02886319597052019, 0.028838749442161235, 0.028838749442161235, 0.028838749442161235, 0.028838749442161235, 0.028749189873235506, 0.028749189873235506, 0.0288122422959833, 0.028449913023072815, 0.028449913023072815, 0.028496358521389917, 0.028557396554293662, 0.028557396554293662, 0.028643452077896883, 0.028643452077896883, 0.028600585123171082, 0.028787752497851423, 0.028787752497851423, 0.028827537854896834, 0.028680619923280484, 0.028680619923280484, 0.028680619923280484, 0.028763241848453955, 0.028691888919970366, 0.028691888919970366, 0.028691888919970366, 0.028691888919970366, 0.028691888919970366, 0.02882447939243479, 0.02898131699377855, 0.028886858815816194, 0.028965848997798516, 0.028965848997798516, 0.028965848997798516, 0.028965848997798516, 0.02911990692965616, 0.02911990692965616, 0.02911990692965616, 0.029096433612722915, 0.029174100899004685, 0.028946819641317054, 0.029098453567157137, 0.029098453567157137, 0.029041841736167, 0.029064348032092728, 0.029279678820587064, 0.02909870605160221, 0.02909870605160221, 0.02909870605160221, 0.0290117217689678, 0.0290117217689678, 0.02922568062788727, 0.02922568062788727, 0.02922568062788727, 0.02922744027974606, 0.029444073586848595, 0.029444073586848595, 0.02918417239476472, 0.029026912213548674, 0.028851229945840353, 0.028851229945840353, 0.028990188347235057, 0.028990188347235057, 0.02923950361118621, 0.02923950361118621, 0.02940986923063864, 0.029543713720657453, 0.029543713720657453, 0.029543713720657453, 0.029543713720657453, 0.029402873662141202, 0.029402873662141202, 0.02941111826420445, 0.02946876589315043, 0.02908127948228088, 0.029062325707179804, 0.02883976846124045, 0.028675496188081094, 0.028675496188081094, 0.028675496188081094, 0.028675496188081094, 0.02863421672312583, 0.028430538338274244, 0.028613939802488025, 0.0282768817378495, 0.028175108423817603, 0.02789496333734527, 0.028037875257936218, 0.028133094753477857, 0.028048616685305245, 0.028194658634397473, 0.02787915613749411, 0.027695398571618648, 0.027523763387669355, 0.0280402334847189, 0.02778303137983797, 0.027484122615036622, 0.027542975992630357, 0.02763975870416545, 0.02708806529881108, 0.02699184487573827, 0.027507137774974492, 0.027440890388362442, 0.027409100529509074, 0.02725944314941753, 0.02784139364327871, 0.027805799130866976, 0.027560930940113658, 0.027937528267802894, 0.02799056429934771, 0.02828218188621412, 0.028921580389821334, 0.028859870026720212, 0.02889714935450081, 0.029261607081286424, 0.029156366896653033, 0.029277772024077883, 0.02940027516183882, 0.028928489170958884, 0.029853913974416096, 0.029522999958178572, 0.02973914372317661, 0.030653423020229612, 0.031453382673929574, 0.031993489388706976, 0.03199379557198615, 0.031900918290154304, 0.03217716289925042, 0.032292186709000976, 0.03236527264630081, 0.03276014527390479, 0.032714662755157255, 0.03283386032243953, 0.0331948461699237, 0.03365502806841371, 0.03366349709603406, 0.0341088871057359, 0.03443928487726107, 0.034769135034113344, 0.03475321297729028, 0.034923665095082296, 0.03464989466073454, 0.03508876696817571, 0.035175511193941474, 0.03611030742102338, 0.03643247732561749, 0.037195523320717516, 0.037316106059295244, 0.037491341258852756, 0.03746726919892201, 0.038099641864512084, 0.03883564131998716, 0.03916055512312128, 0.03998222482605009, 0.04060898885111773, 0.04141243606966982, 0.04136637873679443, 0.04215789349188915, 0.04202880431129031, 0.04222037596870468, 0.042452291397496546, 0.042608660420824576, 0.04295527983037851, 0.043429174619871204, 0.043789568975047106, 0.04438502578894952, 0.04454615565538141, 0.045028870376092475, 0.045535666935549605, 0.04563814534141458, 0.04573835955403164, 0.04615223947072628, 0.04617763908019127, 0.04685483774817882, 0.04717531159928672, 0.04746737981960639, 0.047408506771313884, 0.04772050070729667, 0.04777777965300845, 0.04762894146741162, 0.04746015626452426, 0.047372519201644786, 0.047158447465400495, 0.04751053588845493, 0.048046682231652454, 0.047958932261607634, 0.04910331049981067, 0.049421572584598054, 0.0492352992666598, 0.0493834021525782, 0.04888998478466626, 0.049033836713611785, 0.04886844063192439, 0.04891852868780491, 0.04931044927967363, 0.049681931179396455, 0.04979114338096358, 0.049408191504598735, 0.04995779851687884, 0.05045514071420073, 0.05013337720724669, 0.04977933757071896, 0.04959154388088554, 0.04953046887461066, 0.049964170836179586, 0.04950712585279095, 0.04934867613963615, 0.04958660533421731, 0.049864080565194875, 0.04984423492342962, 0.0494532762373965, 0.04918961645862813, 0.048556539734832926, 0.04869675009061442, 0.048892990190782144, 0.04908884490266146, 0.048857915616278065, 0.048166111382530005, 0.04794003482242697, 0.048091515650382874, 0.048317897136293815, 0.04847840251291376, 0.048679447115066665, 0.04879765200105767, 0.04900186485414279, 0.04951424185967888, 0.04943243651279833, 0.04877107941962227, 0.04797359205535769, 0.04787335060301487, 0.047057988369539935, 0.047256411118881375, 0.04715231835796214, 0.04716556059374732, 0.04564733025253146, 0.04533652921908175, 0.045251576858307004, 0.04551719370138036, 0.0451153811501857, 0.04546698896687889, 0.04539674069034167, 0.045116238806904484, 0.04468548849047814, 0.04405210347313922, 0.04418257556631879, 0.0443848483064173, 0.044878493372070095, 0.04486002338339988, 0.04502970067474515, 0.04449346092749049, 0.04431618288284905, 0.04421611286323906, 0.04361066879392085, 0.04325994876727132, 0.04263229187135126, 0.042150949150472454, 0.04218094143577362, 0.04210369880498892, 0.0417582212851309, 0.04211039892899596, 0.041210719627845595, 0.04047039915992015, 0.040053545589444566, 0.03988345245326484, 0.03974167791205231, 0.03927524411127192, 0.039302819964257746, 0.03880211839367452, 0.038907684776839105, 0.038488935277239227, 0.03834624553901954, 0.03854343873330135, 0.03800406337029057, 0.037640962489591805, 0.03747905341518058, 0.037112281041208346, 0.03700020871424861, 0.03620635551380222, 0.03647417783829529, 0.03535384192383495, 0.03514352055122955, 0.03455266929054889, 0.03491625339323232, 0.03389570462221923, 0.03365592430488763, 0.033927191189970556, 0.03307233778447801, 0.03341052406603863, 0.033730992470741565, 0.03382378247955851, 0.033767492156371516, 0.03375701795515251, 0.03359506669322816, 0.0336499424750092, 0.03346059418577778, 0.03333352935996781, 0.033300275417136455, 0.03339889671891597, 0.033567237671544535, 0.033198956462576965, 0.03321319039668622, 0.03303444732705666, 0.03257050123993193, 0.03182703253525215, 0.03172259865310724, 0.031254713930176065, 0.0313904444059016, 0.03140853907030079, 0.031559286611528, 0.031485092034297155, 0.03142896103654611, 0.03162664854136749, 0.03134781833374873, 0.031431532328058634, 0.03159573724800383, 0.031615883375807355, 0.03182002963094605, 0.03180563420758872, 0.03158713248738336, 0.03170869963674102, 0.03171217496193419, 0.031747601548489164, 0.031588372957821804, 0.03128643182477876, 0.031170603629256905, 0.031219041808302993, 0.03126732662518037, 0.03127907300677666, 0.03118301473820747, 0.03110437990025827, 0.03106609149565367, 0.03143566153791788, 0.03137393718827582, 0.03112925548320702, 0.03133557175388469, 0.03137858908652879, 0.031155897924954802, 0.03128560756668033, 0.031168597750208214, 0.03091728556873605, 0.03091728556873605, 0.030812772596798876, 0.030666692960651235, 0.030814616462891454, 0.03070168272992506, 0.030891674064877275, 0.03044593763324339, 0.030530183392164265, 0.030659409049512115, 0.03041756098582741, 0.030643508084994137, 0.03031904796308344, 0.030315396775114987, 0.03039990762606802, 0.030492168549598797, 0.03005753829180401, 0.029949812714483746, 0.029900448703206114, 0.02978140112656259, 0.029765953979782503, 0.029573268679808834, 0.029606936859528053, 0.029453530608504672, 0.029569392890594938, 0.029170047819568577, 0.029229276908117788, 0.02923365016621796, 0.02923365016621796, 0.02887781324752937, 0.028840220214846064, 0.028980346894446382, 0.028890582040039345, 0.028977558100526463, 0.028884681626306013, 0.02887735529752666, 0.028556772240859535, 0.028798411520819134, 0.02873275482789632, 0.028661548158763896, 0.02868599203052789, 0.02876131074757141, 0.02870824840582601, 0.028201286987566746, 0.028516798057085072, 0.02847497891991837, 0.028208615271051566, 0.027997468107101447, 0.027997468107101447, 0.027969183041340332, 0.027705505531115896, 0.027705505531115896, 0.027785732941602248, 0.02787743905317102, 0.02784827580490616, 0.02784827580490616, 0.02784827580490616, 0.027805803534587545, 0.027461609864072613, 0.027555159078414597, 0.02766880981782002, 0.028013360077954637, 0.027944930101314384, 0.028152626585693015, 0.028152626585693015, 0.028152626585693015, 0.02824163260586926, 0.028079669746299087, 0.028170245121476693, 0.028319101795971777, 0.02804364411966112, 0.027792483494202345, 0.027818027043114115, 0.027818027043114115, 0.027694608920605938, 0.027833728181646734, 0.027682190841693113, 0.02770210660227993, 0.027899745006515226, 0.027899745006515226, 0.027897041317776226, 0.027881727173976894, 0.027733737209251777, 0.027733737209251777, 0.027602845461129913, 0.027602845461129913, 0.027379891623345087, 0.027233994663033226, 0.026921897922603858, 0.026823949396471983, 0.026518294339830332, 0.026193708856774547, 0.025942045613487088, 0.025629734326220645, 0.02580104126992251, 0.02548292777848074, 0.025577113813337264, 0.025577113813337264, 0.025591778335382377, 0.024999624813511232, 0.024804904386686377, 0.024856900163018832, 0.024936615484799345, 0.024936615484799345, 0.024936615484799345, 0.025005540936980753, 0.024886990618409776, 0.024720511519706025, 0.024910819221489168, 0.02473049542733895, 0.02473049542733895, 0.02459807890292016, 0.02443429540291135, 0.024445598410197555, 0.024445598410197555, 0.024395697512939803, 0.024395697512939803, 0.024395697512939803, 0.02425842534048738, 0.02425842534048738, 0.024255881171966764, 0.02427917256432277, 0.02441059020764788, 0.024360416537439405, 0.024360416537439405, 0.024249014623363194, 0.02464443009472684, 0.024409265888684365, 0.024409265888684365, 0.02431650518659695, 0.02420955486866241, 0.02420955486866241, 0.024113548059130584, 0.024196562751341192, 0.0242885312651961, 0.023979563067286266, 0.024008794647132195, 0.024008794647132195, 0.023976172185172957, 0.023951691517106105, 0.02407781805830794, 0.02402005828469199, 0.02402005828469199, 0.023976054721325614, 0.023976054721325614, 0.023888891107946956, 0.023888891107946956, 0.023875991185750615, 0.023887558370372628, 0.023887558370372628, 0.023845220630951933, 0.02365770737766758, 0.023486783430652386, 0.023655181423173775, 0.02385121774155572, 0.023804494859379063, 0.023814801091346708, 0.0237345992171766, 0.0237345992171766, 0.023798979912970208, 0.023869959260586122, 0.023869959260586122, 0.023869959260586122, 0.023813608183009094, 0.023813608183009094, 0.023813608183009094, 0.023813608183009094, 0.023813608183009094, 0.023756789448449455, 0.02342331787787895, 0.023344519612071, 0.023344519612071, 0.023035073169372994, 0.023094800192215735, 0.023094800192215735, 0.023094800192215735, 0.023094800192215735, 0.023094800192215735, 0.023094800192215735, 0.023133472524037732, 0.023076129552029326, 0.023076129552029326, 0.023076129552029326, 0.022900672835672996, 0.02275552411066423, 0.022695284055665562, 0.022695284055665562, 0.022695284055665562, 0.022695284055665562, 0.02256911380535763, 0.02253686322631509, 0.02273345103406801, 0.02273345103406801, 0.02273345103406801, 0.02273345103406801, 0.02273345103406801, 0.02273345103406801, 0.02273345103406801, 0.02273345103406801, 0.022524145774194045, 0.022393184094218303, 0.022393184094218303, 0.022087063348189575, 0.022087063348189575, 0.022087063348189575, 0.022311121048682877, 0.022311121048682877, 0.02229190390235516, 0.02229190390235516, 0.02229190390235516, 0.022222474374986673, 0.022222474374986673, 0.02250228106351054, 0.022563253492421387, 0.02267984810804698, 0.022438523724585272, 0.022438523724585272, 0.022438523724585272, 0.02224571501963231, 0.02224571501963231, 0.02222835108227183, 0.022285897435144864, 0.02223165604745282, 0.022261928698739372, 0.022184017044820772, 0.022184017044820772, 0.022036481811129598, 0.022036481811129598, 0.02193955183438983, 0.021891657529473543, 0.021854194385629928, 0.021854194385629928, 0.021854194385629928, 0.02202602394015419, 0.022020842075503977, 0.022020842075503977, 0.02207054219209537, 0.02207054219209537, 0.022060778752883457, 0.022060778752883457, 0.022060778752883457, 0.022060778752883457, 0.022060778752883457, 0.022054339200053605, 0.022050563415449868, 0.02200876448794241, 0.02200876448794241, 0.021973797011487144, 0.021973797011487144, 0.021973797011487144, 0.021973797011487144, 0.021973797011487144, 0.021947246584778278, 0.021947246584778278, 0.021947246584778278, 0.02207636320241399, 0.022286643204083537, 0.022286643204083537, 0.0219632777004467, 0.0219632777004467, 0.0219632777004467, 0.0219632777004467, 0.0219632777004467, 0.02186148453610709, 0.02186148453610709, 0.02186148453610709, 0.021954690261759478, 0.021954690261759478, 0.021954690261759478, 0.021954690261759478, 0.021838664831730296, 0.021838664831730296, 0.021838664831730296, 0.022032545870847988, 0.02200480689600826, 0.02200480689600826, 0.022100821297879783, 0.022100821297879783, 0.022100821297879783, 0.022100821297879783, 0.022114957907834836, 0.022337792995691576, 0.022337792995691576, 0.022337792995691576, 0.022337792995691576, 0.022337792995691576, 0.022337792995691576, 0.02230887477838251, 0.02230887477838251, 0.02230887477838251, 0.02230887477838251, 0.022190529695418848, 0.022190529695418848, 0.022190529695418848, 0.022190529695418848, 0.022190529695418848, 0.022190529695418848, 0.022190529695418848, 0.02220910679180494, 0.02220910679180494, 0.022207165969753178, 0.022207165969753178, 0.022207871742851434, 0.022207871742851434, 0.022185849875402067, 0.022185849875402067, 0.022429070422110686, 0.022429070422110686, 0.022429070422110686, 0.022429070422110686, 0.02232975172824137, 0.02229987425607452, 0.022328277669212863, 0.022328277669212863, 0.022328277669212863, 0.022328277669212863, 0.022328277669212863, 0.022328277669212863, 0.022328277669212863, 0.022351430214933934, 0.022196270692462314, 0.02225717916740116, 0.02225717916740116, 0.022015648979759835, 0.022015648979759835, 0.022015648979759835, 0.022015648979759835, 0.022015648979759835, 0.022015648979759835, 0.022015648979759835, 0.022015648979759835]","[0.0, 0.000565685424949238, 0.0009595917499283808, 0.0009595917499283808, 0.0016874083497409602, 0.0018070158058105024, 0.001858680681976068, 0.0018070158058105024, 0.002175935173103974, 0.0022293039089292753, 0.0022511674975533953, 0.002409504987692345, 0.00255550625999976, 0.00255550625999976, 0.0025669802794532804, 0.0028180178299286747, 0.0029316012202012937, 0.003049523214657448, 0.0031547825695639456, 0.0029371650916334624, 0.00292379401267795, 0.002818017829928675, 0.0028098950521472563, 0.003023715784073818, 0.0030118134749953004, 0.0030505937862946603, 0.003386407403435212, 0.0036140316116210053, 0.0035493028921758938, 0.00358591348336851, 0.003481496276966358, 0.003481496276966358, 0.0037636282971600255, 0.0035493028921758938, 0.003675845036817232, 0.0038494102384226954, 0.003959797974644666, 0.003959797974644666, 0.004011412291379256, 0.004263944709983459, 0.00404141821944844, 0.003821315085097255, 0.004186664933488961, 0.004060762972443398, 0.00404141821944844, 0.004307373838866915, 0.0044233148526545436, 0.0044622681155096315, 0.004769974115362104, 0.004997958767010258, 0.004846037725054672, 0.004571428571428571, 0.004745954238364827, 0.004846037725054672, 0.004876264880384726, 0.005237852808242737, 0.00519277362872518, 0.004848732213850611, 0.0049815987926179126, 0.005111012519999519, 0.0051770293270428, 0.005239722690901783, 0.005018171062880034, 0.005333605435235673, 0.005209724032018963, 0.004952673984004674, 0.00490297702151146, 0.004952673984004675, 0.004918270809451432, 0.004918270809451432, 0.004932193286180591, 0.0050214234911577635, 0.004614794310758849, 0.004787057380828743, 0.005062870041905528, 0.005189628589596676, 0.005190257749881414, 0.0051845925587262875, 0.0051845925587262875, 0.004965842510262956, 0.004865538961693258, 0.004767920010286435, 0.005126959555693245, 0.005264590997157039, 0.005275124527014524, 0.005230366592685216, 0.005284401381347151, 0.0053537703670270675, 0.005370212628329476, 0.005313978485742935, 0.005671266640365488, 0.0060046240685060065, 0.006367776019032974, 0.006316289274889302, 0.00600625524272956, 0.005723421268822361, 0.0053537703670270675, 0.005421047417431507, 0.005480950312357394, 0.005545507466519587, 0.005592414687844271, 0.005584819073312282, 0.005345835686183543, 0.005174505793221381, 0.005247195558056685, 0.005313978485742935, 0.005252793231671496, 0.005247195558056685, 0.005430676283664788, 0.005353770367027068, 0.005292428168465525, 0.005299210568854688, 0.005184592558726288, 0.005252171562549055, 0.005430676283664787, 0.005840883355054006, 0.0063199070000907395, 0.0062120357174683125, 0.00560815732406185, 0.005486309491519294, 0.005517171709623454, 0.005167559720930931, 0.005284401381347151, 0.0051390462070667695, 0.0051039800396257395, 0.005180182015555603, 0.004987494565492411, 0.005336665625650533, 0.005336665625650533, 0.005275124527014523, 0.005394479415408433, 0.005528995923164291, 0.00560116605935673, 0.005598833697790121, 0.005526042241708152, 0.005336665625650533, 0.0050214234911577635, 0.00495596939589635, 0.0050214234911577635, 0.004965842510262956, 0.00495596939589635, 0.004589250972631145, 0.004557836937739261, 0.004611255086133032, 0.004698936049788292, 0.005069959545787163, 0.005276981202566947, 0.005481546035451632, 0.0054624506722659545, 0.005287490049201811, 0.005239722690901783, 0.0053145929250680785, 0.005387210856865224, 0.005387210856865224, 0.0060775935087123804, 0.006037163815797573, 0.006101187572589321, 0.0061909743389313215, 0.005938459911664721, 0.006278437346203598, 0.006154474065296576, 0.005954384424737037, 0.0060474315681476355, 0.005883217223421144, 0.005883772217736177, 0.0060279620545099855, 0.005960961434574946, 0.005807243892988572, 0.0061145527311522, 0.0061145527311522, 0.005883217223421143, 0.005507101167157375, 0.005897076411585799, 0.0058414423715031066, 0.005728553615932407, 0.005928003415130252, 0.005827450872677468, 0.005753579187722, 0.0060279620545099855, 0.0060127755144986994, 0.006066838601136913, 0.006120424154969547, 0.005969172506148843, 0.005615721372238143, 0.0055549205986353085, 0.0053262538046770485, 0.0053262538046770485, 0.0053262538046770485, 0.0053975050925858135, 0.005495824017620384, 0.0055549205986353085, 0.0055549205986353085, 0.005436085025840128, 0.005557271390360781, 0.005791478609974824, 0.005883772217736177, 0.0055402055513329475, 0.005495824017620384, 0.0055053221003472114, 0.005252793231671496, 0.005276981202566947, 0.005126959555693246, 0.005171981028107319, 0.005047367469022534, 0.004942774565784208, 0.005171981028107319, 0.005227244171899096, 0.005671266640365488, 0.005771711449927525, 0.005863202440402588, 0.006324555320336759, 0.005938459911664722, 0.005865986355112612, 0.0058726623660232775, 0.005275124527014524, 0.005301674745025464, 0.0050860353028700876, 0.004773395659533052, 0.00497438335835894, 0.004915614438310073, 0.005095656413624675, 0.005103980039625739, 0.00511101251999952, 0.005237229365663817, 0.00553371853425222, 0.005576042045928204, 0.005292428168465525, 0.005202197337938762, 0.005375682206350508, 0.005507101167157375, 0.005682195608985624, 0.005805556803263435, 0.005771145679064045, 0.005832491678834482, 0.005611067780080105, 0.005495824017620384, 0.005313978485742935, 0.0051845925587262875, 0.005184592558726288, 0.0051263226267441835, 0.004931531202375182, 0.005039598299508421, 0.005031168160698317, 0.005039598299508421, 0.004773395659533052, 0.0044262666813799055, 0.004441731598356292, 0.004795235730835942, 0.004728722483560504, 0.004588539405687939, 0.004505959772278017, 0.004582842892745925, 0.004995344771660421, 0.005187740650921602, 0.005187740650921602, 0.0049920753526494985, 0.005062225049222881, 0.005184592558726288, 0.005247195558056684, 0.005052540278444708, 0.005052540278444708, 0.005031168160698317, 0.004889639192064321, 0.004832542745569365, 0.004712120714991612, 0.0046591581967176015, 0.004648633769008626, 0.004443936478908247, 0.004517539514526256, 0.00479727813984351, 0.00472665045140805, 0.004791829781311229, 0.0047294129592133855, 0.004728722483560504, 0.0046591581967176015, 0.004586404042473399, 0.004577852629113081, 0.004491443111572248, 0.0044914431115722474, 0.0044329011093073075, 0.004586404042473398, 0.004586404042473399, 0.004728722483560504, 0.0047294129592133855, 0.005052540278444708, 0.004921589257173595, 0.004926231328514813, 0.004926231328514813, 0.00498749456549241, 0.005174505793221381, 0.005052540278444708, 0.00511101251999952, 0.005174505793221381, 0.005526042241708152, 0.005517171709623454, 0.005457666392239415, 0.005995372365076115, 0.005869881617552575, 0.005916976613516227, 0.005714285714285714, 0.005656854249492381, 0.005592414687844271, 0.005656854249492381, 0.005598833697790121, 0.005634297305117026, 0.005795987352277013, 0.005671266640365488, 0.005486309491519294, 0.00541441763879985, 0.005336665625650534, 0.005397505092585814, 0.005264590997157039, 0.005062870041905528, 0.00495596939589635, 0.005149836533962084, 0.0052021973379387625, 0.005086035302870087, 0.0050214234911577635, 0.005212856947108793, 0.004841318761137174, 0.005149836533962084, 0.004685017369775916, 0.004889639192064321, 0.00482239672819249, 0.005010356620978965, 0.005252793231671496, 0.00527202861470665, 0.005317049972321425, 0.0055402055513329475, 0.005394479415408433, 0.005113567387702193, 0.0052397226909017824, 0.005394479415408433, 0.005301674745025463, 0.0050344121923466875, 0.005162502161881249, 0.005360475154083919, 0.005237229365663817, 0.005111651356639725, 0.0053145929250680785, 0.005111651356639725, 0.005299826720309459, 0.005514211694543917, 0.005645876226711576, 0.005542562584220407, 0.005483332816409214, 0.005716570971611337, 0.005469619245786451, 0.00565685424949238, 0.005587741685408976, 0.005409590878189196, 0.005638931726879495, 0.005734820246991716, 0.0055402055513329475, 0.005378111344389688, 0.005111012519999519, 0.004934840733116368, 0.004628924148817974, 0.004611255086133032, 0.00452042981521511, 0.00464512032752036, 0.004835920020945301, 0.004865538961693258, 0.004343608957481118, 0.004563564664708893, 0.004673153897202485, 0.004889639192064321, 0.004878273364665839, 0.005082824218957048, 0.005162502161881249, 0.005237229365663817, 0.005255279172762706, 0.0051466652567760925, 0.005065449191355499, 0.005065449191355499, 0.005026622999142685, 0.005154906519471502, 0.0051466652567760925, 0.0052397226909017824, 0.005483332816409214, 0.005514211694543917, 0.005528995923164291, 0.0053145929250680785, 0.005362911180182887, 0.0053145929250680785, 0.005375682206350508, 0.005284401381347151, 0.005375682206350508, 0.005454674086300217, 0.005348888879468143, 0.005631398854745106, 0.0059762796426662415, 0.005899290860184911, 0.005969172506148844, 0.006184113946728542, 0.006138004727989082, 0.006101722741010384, 0.005657431450070333, 0.005209724032018963, 0.0051770293270428, 0.00534155828368082, 0.005217865698633838, 0.005065449191355499, 0.00495596939589635, 0.00495596939589635, 0.005126959555693246, 0.005129506480617202, 0.005360475154083919, 0.005046720495044484, 0.005111651356639725, 0.005126959555693246, 0.004848732213850611, 0.004732173854345918, 0.004499433070863893, 0.004620451431253382, 0.004737001548814333, 0.004848732213850611, 0.005000571395922099, 0.005000571395922099, 0.0050344121923466875, 0.005026622999142685, 0.005154906519471502, 0.005111012519999519, 0.005111651356639725, 0.005046720495044484, 0.004611255086133032, 0.004712120714991612, 0.004712813622974917, 0.004616916543251237, 0.004500158727359356, 0.004643010986462143, 0.004643010986462143, 0.0044262666813799055, 0.004681531233888924, 0.004800680223910451, 0.004886299046041588, 0.004698936049788292, 0.004742512896284898, 0.004832542745569365, 0.00463456402194094, 0.004634564021940941, 0.004563564664708893, 0.004517539514526256, 0.004628924148817974, 0.004557836937739261, 0.004614794310758849, 0.004878273364665838, 0.004685017369775916, 0.004780914437337574, 0.004625395735965271, 0.004554253450324864, 0.004571428571428572, 0.004543486030144965, 0.00453125202322263, 0.0047148917359397195, 0.0047148917359397195, 0.004810872041108386, 0.0047542032959889124, 0.004865538961693258, 0.004918270809451432, 0.005062870041905529, 0.0050344121923466875, 0.005280074210981261, 0.005162502161881249, 0.005098859416275249, 0.0050344121923466875, 0.00522536982384198, 0.00528749004920181, 0.005469619245786451, 0.005436085025840128, 0.0054624506722659545, 0.005714285714285714, 0.005421047417431507, 0.005421047417431508, 0.005317049972321425, 0.005126959555693246, 0.005264590997157038, 0.0053262538046770485, 0.005264590997157039, 0.005348888879468143, 0.0054095908781891956, 0.005394479415408433, 0.00527202861470665, 0.005348888879468143, 0.005333605435235672, 0.005394479415408433, 0.005209724032018963, 0.005049307893571319, 0.005113567387702193, 0.005113567387702193, 0.0052397226909017824, 0.0051770293270428, 0.0052397226909017824, 0.005287490049201811, 0.0053145929250680785, 0.005202197337938762, 0.005275124527014524, 0.005275124527014524, 0.0052021973379387625, 0.0051770293270428, 0.005190257749881414, 0.005190257749881414, 0.005222244415449538, 0.005062870041905528, 0.004704491991486348, 0.004787057380828743, 0.004915614438310073, 0.004929544417414789, 0.005060289577904105, 0.004997305396360102, 0.004865538961693258, 0.004864867806581203, 0.004932193286180592, 0.004932193286180591, 0.004862853785461321, 0.004997305396360102, 0.00506222504922288, 0.004995344771660421, 0.005309060411125456, 0.005116759178405402, 0.005180182015555603, 0.005174505793221381, 0.005360475154083919, 0.005466633482560639, 0.005592414687844271, 0.005707996539049048, 0.005813987356332299, 0.00597190702116064, 0.005827450872677468, 0.005545507466519588, 0.005517171709623454, 0.005566078016862135, 0.00528440138134715, 0.005345835686183543, 0.005345835686183543, 0.005387210856865224, 0.005387210856865224, 0.005252793231671496, 0.005264590997157039, 0.0049743833583589395, 0.004848732213850611, 0.00495596939589635, 0.00495596939589635, 0.004997958767010257, 0.004969129189099353, 0.0051466652567760925, 0.005126959555693246, 0.005394479415408433, 0.0052397226909017824, 0.005209724032018963, 0.0049029770215114595, 0.00464512032752036, 0.004467387493872472, 0.004351870346207948, 0.004378798642438404, 0.00455998567845943, 0.004846037725054672, 0.004846037725054672, 0.004745954238364827, 0.00488161900209681, 0.004912956630903926, 0.005174505793221381, 0.005418637527373577, 0.005421047417431507, 0.005329318216532132, 0.005537847515239185, 0.005537847515239185, 0.005569010464258476, 0.005418637527373577, 0.005385392184380989, 0.00529674524628867, 0.005205334783093363, 0.005008401105408099, 0.005205334783093363, 0.005237229365663817, 0.005174505793221381, 0.005267691280681835, 0.0051084563745433164, 0.005137139679007439, 0.004916278665654273, 0.0050233739373339225, 0.004957945591653455, 0.004932193286180591, 0.004891642184921759, 0.004837945254518109, 0.004740446891875689, 0.004876264880384727, 0.004876264880384727, 0.0047294129592133855, 0.004701020297417859, 0.00465985898008574, 0.004671057215471042, 0.0048244276386755275, 0.004971100153355782, 0.0055053221003472114, 0.005685068161420758, 0.005938459911664722, 0.0056850681614207576, 0.005714285714285714, 0.005693677123237098, 0.0057852733518047395, 0.005737666453056557, 0.005910350657783274, 0.005825209114228415, 0.005993193418115152, 0.006101187572589321, 0.006073831457278722, 0.006101187572589321, 0.006281037220987357, 0.006361106308606056, 0.006180416735173136, 0.006069529114640557, 0.006114552731152198, 0.006038786200513329, 0.006240879058960479, 0.006497220755909438, 0.006426983930972567, 0.0061523514668318955, 0.006324555320336759, 0.0062204403020220695, 0.005874330183266924, 0.006038786200513328, 0.005897076411585798, 0.005771711449927525, 0.005478566772208861, 0.005329318216532132, 0.005358038020448477, 0.005478566772208861, 0.0052347348528451595, 0.005046720495044484, 0.004948056720180404, 0.004780914437337575, 0.004745954238364827, 0.004712120714991612, 0.004642307659791978, 0.004740446891875689, 0.004848732213850611, 0.005013614118638593, 0.005289342384185661, 0.005436085025840128, 0.005385392184380989, 0.0053145929250680785, 0.005296745246288671, 0.005227244171899096, 0.005358038020448477, 0.005046720495044484, 0.005078325290398602, 0.004942774565784208, 0.005013614118638593, 0.0051084563745433164, 0.00523473485284516, 0.005227244171899096, 0.005047367469022534, 0.005154906519471502, 0.005299826720309459, 0.005299826720309459, 0.0053610842643812195, 0.005382359697973311, 0.0056735692253732165, 0.0056735692253732165, 0.005615721372238143, 0.005587741685408976, 0.005483332816409214, 0.00527202861470665, 0.004939470350851271, 0.005005140214961872, 0.0054426884113328725, 0.005411401417943641, 0.0051084563745433164, 0.0056712666403654875, 0.005973547129312905, 0.006069529114640557, 0.005929655666776158, 0.0058414423715031066, 0.005841442371503107, 0.005863202440402588, 0.005929655666776159, 0.005929655666776159, 0.005960961434574946, 0.005537847515239186, 0.005537847515239186, 0.005598833697790121, 0.005267691280681835, 0.0052347348528451595, 0.005654544857989934, 0.005540205551332947, 0.005540205551332947, 0.0057422174483808775, 0.005771145679064044, 0.005938459911664722, 0.006285194783726893, 0.006205198610513476, 0.005991013678665672, 0.005798803535987367, 0.005564317806619355, 0.005445687303186039, 0.0053507199591861145, 0.005471409921639234, 0.005399319685036671, 0.005442688411332872, 0.005399319685036671, 0.005399319685036671, 0.005481546035451632, 0.006015490208534928, 0.00598446969672505, 0.005693677123237098, 0.005518946956639834, 0.0053145929250680785, 0.005227244171899096, 0.005227244171899096, 0.005227244171899096, 0.005385392184380989, 0.0053507199591861145, 0.005296745246288671, 0.005299210568854688, 0.005008401105408099, 0.004912956630903926, 0.004876264880384727, 0.005237229365663817, 0.005078325290398602, 0.005078325290398602, 0.005142222183024751, 0.0052347348528451595, 0.005142222183024751, 0.005111012519999519, 0.005111012519999519, 0.005013614118638594, 0.0053507199591861145, 0.005289342384185661, 0.0052272441718990955, 0.005164399326946288, 0.005073178772440693, 0.005200313962264437, 0.0051084563745433164, 0.005073178772440693, 0.005262729950378629, 0.005375682206350508, 0.00525962674240176, 0.0054624506722659545, 0.005480950312357394, 0.005689087298127379, 0.005771145679064045, 0.0054624506722659545, 0.0054624506722659545, 0.005378111344389688, 0.005192773628725181, 0.005129506480617202, 0.005348888879468143, 0.005237229365663817, 0.005197173486126662, 0.005299210568854688, 0.00519277362872518, 0.005299210568854688, 0.005299210568854688, 0.005378111344389688, 0.005498200076537107, 0.005498200076537107, 0.005333605435235672, 0.005498200076537107, 0.005402342651336454, 0.0054809503123573935, 0.005557271390360781, 0.005689087298127379, 0.005514211694543917, 0.00528749004920181, 0.0051466652567760925, 0.005333605435235673, 0.0052397226909017824, 0.005378111344389688, 0.005454674086300217, 0.005615721372238143, 0.005378111344389688, 0.005587741685408976, 0.005645876226711576, 0.005843677902534621, 0.005703418237499047, 0.0057852733518047395, 0.0055549205986353085, 0.005457666392239415, 0.005345835686183543, 0.005239722690901783, 0.005275124527014524, 0.005336665625650533, 0.0053975050925858135, 0.005447485845857364, 0.00574903718647119, 0.005928003415130252, 0.005921389798253206, 0.005921389798253206, 0.005883772217736176, 0.0055807248450285, 0.0055807248450285, 0.00534155828368082, 0.005378111344389688, 0.005438487184607762, 0.005438487184607762, 0.005528995923164291, 0.0055402055513329475, 0.005703418237499047, 0.005671266640365488, 0.0057393734991953, 0.005671266640365488, 0.005634297305117026, 0.005634297305117026, 0.005483332816409214, 0.00527202861470665, 0.005514211694543917, 0.005259626742401761, 0.005321347075119002, 0.005237852808242737, 0.005382359697973311, 0.005696543885980162, 0.005760385474629847, 0.0056735692253732165, 0.00565685424949238, 0.0055402055513329475, 0.005399319685036671, 0.005259626742401761, 0.005280074210981261, 0.005438487184607762, 0.0054809503123573935, 0.0054809503123573935, 0.005561382884844087, 0.005693677123237098, 0.005883217223421143, 0.005883772217736176, 0.006030669912359384, 0.0060127755144986994, 0.006066838601136913, 0.006184113946728541, 0.005954384424737037, 0.006023626949990601, 0.0061973002680396965, 0.006365211572865974, 0.006404590190652645, 0.0064452482100998965, 0.006477590885002648, 0.006665904718362371, 0.006676183683170241, 0.006391831521878657, 0.006301797605542761, 0.006404590190652645, 0.0063759753155489705, 0.006685470081010132, 0.0062888303964331906, 0.006365211572865974, 0.006324555320336759, 0.006365211572865974, 0.006545788488698326, 0.006693768042907141, 0.006665904718362371, 0.00697236527664898, 0.00738183097689378, 0.006963461489687966, 0.007202720574440563, 0.00723934826246853, 0.007239348262468531, 0.007141256963616991, 0.0070912420834233466, 0.007137140569598169, 0.0070861751002229975, 0.0070861751002229975, 0.006886129210972162, 0.006838546211419083, 0.006602905977441962, 0.0065152881434236455, 0.0066717803516920795, 0.006773296909216971, 0.006722973103243741, 0.006626600692262502, 0.006525804352643404, 0.006527805519311923, 0.006625122255321722, 0.006272193249834169, 0.0062706312542303595, 0.006324039009031736, 0.006114552731152199, 0.006375975315548971, 0.006324555320336759, 0.0063759753155489705, 0.006268027063223812, 0.006159247237334465, 0.005980103063749087, 0.005987197225099981, 0.005827450872677468, 0.00565685424949238, 0.005780191367497961, 0.00627063125423036, 0.00621571412154841, 0.006162957148668692, 0.006272193249834169, 0.006112416269615579, 0.006162957148668692, 0.006272193249834169, 0.006219915348200128, 0.006212035717468312, 0.006373926480240434, 0.006569689210802183, 0.006614763944451557, 0.006668353528083991, 0.006962992553932716, 0.0069145218377627505, 0.0069145218377627505, 0.006724430026676868, 0.006772814806870425, 0.006772814806870425, 0.006772814806870425, 0.0068136717303506475, 0.006614763944451557, 0.006701081240808707, 0.006761234037828133, 0.006861427232979257, 0.006809357307321706, 0.006768956751982101, 0.006861427232979257, 0.007148112352508292, 0.007148569144683888, 0.006864757676654266, 0.006717142249498666, 0.006761234037828133, 0.00679783879221168, 0.006749633398963841, 0.006761234037828133, 0.006720544195652186, 0.006569689210802183, 0.006569689210802183, 0.006464976285134149, 0.006422409745475254, 0.006422409745475254, 0.006322489822136562, 0.006311634866964149, 0.006459418056810773, 0.006414269805898184, 0.006459418056810774, 0.0063631592718057396, 0.006565214453186319, 0.006553266828265806, 0.006402040491044992, 0.006402040491044992, 0.006357512027804074, 0.00640866760006815, 0.006553266828265806, 0.00650977287293058, 0.006253945693295864, 0.00620151396920172, 0.006186753459395885, 0.006201513969201721, 0.005861531456915348, 0.00597190702116064, 0.0061337473980314135, 0.006452843069025419, 0.0064452482100998965, 0.006469520374614414, 0.00646497628513415, 0.006218340220833918, 0.006459418056810774, 0.00650977287293058, 0.006503248795637392, 0.006765579149229562, 0.006720544195652186, 0.0067249155976798975, 0.006626600692262502, 0.006626600692262502, 0.0068208563709150965, 0.006963461489687967, 0.006962992553932716, 0.006773296909216971, 0.006675694567547535, 0.0069145218377627505, 0.00705662230584484, 0.00705615956134086, 0.00705662230584484, 0.0070083332322227335, 0.006962992553932716, 0.006864757676654266, 0.006772814806870425, 0.006722973103243741, 0.0067205441956521865, 0.0067205441956521865, 0.0067205441956521865, 0.0068685619206019285, 0.006772814806870425, 0.006675694567547536, 0.0067249155976798975, 0.006768956751982101, 0.0066717803516920795, 0.006768956751982102, 0.0069045976991968985, 0.006955954724007983, 0.007006003256683019, 0.0069592399303489505, 0.006993407974803188, 0.007284313590846836, 0.007398179588553511, 0.007274893925869508, 0.007253317326913112, 0.007116981703744121, 0.007046898290042512, 0.0072194747957542325, 0.00722806322324201, 0.007244308110509933, 0.0069371522711162295, 0.006464976285134149, 0.006642350211072178, 0.006642350211072178, 0.006642350211072178, 0.006752051842338938, 0.006714711232716974, 0.006848089261291229, 0.006811275166057755, 0.006595483921841164, 0.006324555320336759, 0.006385698306148112, 0.0063943852922158295, 0.0064452482100998965, 0.0064020404910449915, 0.006452843069025419, 0.006495712871909112, 0.006487161575459828, 0.006452843069025419, 0.006487161575459828, 0.006334357239109038, 0.0063759753155489705, 0.0063759753155489705, 0.0062204403020220695, 0.0062204403020220695, 0.006230406020772119, 0.00655575771239858, 0.006493198953756248, 0.006579622221026719, 0.006565214453186319, 0.006663945022680343, 0.00684236502853169, 0.006778597772039733, 0.006952198301579854, 0.0072569178817771625, 0.007194101892579526, 0.007289242843018046, 0.007434722727904271, 0.007616952092777889, 0.007623808036643619, 0.007448763765394433, 0.007601933159078817, 0.007751234266428877, 0.0077865399300095185, 0.007659701065195904, 0.007616952092777889, 0.008115090503349364, 0.007677159338596802, 0.007726339788710579, 0.007622094628815116, 0.007056622305844839, 0.007194101892579526, 0.0070838707279139365, 0.007155873853852156, 0.007201360415694711, 0.007246561464668915, 0.007448763765394433, 0.0073552424730075824, 0.007271302272268282, 0.007601933159078817, 0.007744491129644534, 0.007558857488444417, 0.007558857488444417, 0.007159523413622172, 0.007159523413622172, 0.0073178562713518275, 0.007428131855126352, 0.007384042363953031, 0.007362342129557215, 0.007450517034517313, 0.0073178562713518275, 0.007250165374609305, 0.0073178562713518275, 0.0073178562713518275, 0.0070912420834233466, 0.006855237830614319, 0.00701764539847772, 0.006855237830614319, 0.0067249155976798975, 0.006869037302955033, 0.00705662230584484, 0.0070838707279139365, 0.007043190371716848, 0.007226255981502738, 0.00738404236395303, 0.00738404236395303, 0.0073160712106419305, 0.007201360415694711, 0.0074175742775698114, 0.007304010639954698, 0.00746627792962792, 0.00756533447471331, 0.007591617288906527, 0.00753072617578769, 0.007461465632686055, 0.0074435014801983, 0.007487240847615635, 0.0073552424730075824, 0.0073552424730075824, 0.007336128100722075, 0.007406560798180412, 0.00722806322324201, 0.007201360415694711, 0.00706771908477017, 0.007428131855126352, 0.0073178562713518275, 0.007384042363953031, 0.007644766116735806, 0.007729720009713899, 0.0076665187799992785, 0.0076665187799992785, 0.007579133545869372, 0.007492472412838292, 0.007558857488444417, 0.00717546841249932, 0.007110096299471274, 0.007064022095326805, 0.006923960173903076, 0.00706771908477017, 0.007135310298874499, 0.007155873853852156, 0.007424614330669551, 0.007404797121337172, 0.0073396880320735205, 0.007295064028757627, 0.0073178562713518275, 0.007579133545869373, 0.007535927552838646, 0.007558857488444417, 0.007404797121337172, 0.007336128100722075, 0.00753072617578769, 0.0074175742775698114, 0.0074435014801983, 0.0074175742775698114, 0.007310713413357475, 0.007310713413357475, 0.0072659114629724944, 0.007246561464668914, 0.007487240847615635, 0.007487240847615635, 0.007478513439535034, 0.007450955287335816, 0.007390672555074168, 0.007736053943209347, 0.007555400825413107, 0.0074435014801983, 0.007522049221441982, 0.007641348315685698, 0.007579133545869373, 0.007537660547584525, 0.0075155349314684474, 0.00746846431227153, 0.007428131855126352, 0.007384042363953031, 0.007580856663669485, 0.007360567857419255, 0.007291482310594621, 0.007336128100722075, 0.007310713413357475, 0.00723934826246853, 0.007380503826616031, 0.007360567857419255, 0.0073178562713518275, 0.007273098320775918, 0.007404797121337172, 0.007380503826616032, 0.007384042363953031, 0.007362342129557215, 0.007384042363953031, 0.007336128100722076, 0.007390672555074168, 0.00746627792962792, 0.007567492238219356, 0.007567492238219356, 0.00740832405515056, 0.007469775834682602, 0.007439991222290192, 0.007634080407846736, 0.007761337986902694, 0.007802040549413588, 0.007761758689832071, 0.007803714447855808, 0.007761758689832072, 0.00784378084594309, 0.007968919215890432, 0.008211092547056483, 0.008050453149877177, 0.008008566841647939, 0.008087682748779032, 0.007926602072020726, 0.007883229422162531, 0.007845029623648235, 0.00796277051570082, 0.007954564855528952, 0.007984065763910577, 0.007835033829029765, 0.0077550247042330765, 0.007632797117488104, 0.0077178827592620436, 0.007498135822744647, 0.007503359791671016, 0.007459714936830731, 0.007415813220024202, 0.007410527536373301, 0.007413611309817991, 0.0075051003066078275, 0.007194101892579526, 0.007238897198680282, 0.0072838653116014595, 0.007413611309817991, 0.007623808036643619, 0.007835033829029765, 0.007872037829675155, 0.007866643606561382, 0.008071517066518662, 0.007990198076776473, 0.007990198076776473, 0.007936071099089016, 0.00760708584821026, 0.007692455885542692, 0.00764263017019451, 0.007901846852063724, 0.007825025265656543, 0.007872037829675155, 0.008065446582268621, 0.007936071099089014, 0.007894818760763677, 0.007776888838089432, 0.007727607544858042, 0.007776888838089432, 0.007734787571453414, 0.007556697259344703, 0.0077276075448580415, 0.007591617288906527, 0.007582579389896398, 0.007599785174192593, 0.007319640896734133, 0.00738183097689378, 0.007445694551009918, 0.007570512073910489, 0.007483751105711954, 0.007319640896734133, 0.0075051003066078275, 0.007591617288906527, 0.0076584220679868885, 0.007591617288906527, 0.007548482750641661, 0.007599785174192594, 0.00778863641100656, 0.007990198076776473, 0.008098979527555006, 0.008105830604936077, 0.007734787571453414, 0.007656289931174503, 0.007406560798180412, 0.007457525989063064, 0.007450517034517313, 0.007182745765700877, 0.007033912024424739, 0.00695360719779486, 0.0069164105353772595, 0.006703517200480868, 0.006761234037828133, 0.006761234037828133, 0.006809357307321706, 0.006809357307321706, 0.006775224975555259, 0.006752051842338938, 0.0068112751660577555, 0.006977982867416571, 0.006977982867416571, 0.007070952364917952, 0.007070952364917952, 0.00702462142200197, 0.00713897037108179, 0.007284313590846836, 0.007425933597596896, 0.007477203449724465, 0.0074522698911547915, 0.00743120832320405, 0.007362342129557215, 0.007463215917869098, 0.007330784962285097, 0.0072194747957542325, 0.0072194747957542325, 0.0069896716807073015, 0.00702462142200197, 0.007162715253025097, 0.0072081586428441044, 0.0071959172097652655, 0.007387137193687915, 0.007353910524340095, 0.007229870013227296, 0.0072479131408950525, 0.00725556788308968, 0.0073071393660095, 0.007292825661048602, 0.007164994267767621, 0.007080182172221046, 0.006893238331428673, 0.006734134794357136, 0.00662709343128183, 0.00687806332495135, 0.006869037302955033, 0.006869037302955033, 0.006773296909216971, 0.00687806332495135, 0.00693338566175962, 0.007019041157844154, 0.006963461489687966, 0.0070930837253407545, 0.007024621422001971, 0.007264563135593248, 0.007309373350398118, 0.007853349733764333, 0.0077411173585719304, 0.007776888838089432, 0.007793246683991918, 0.007783184385820078, 0.007564039521152109, 0.007656289931174503, 0.0077089928932754515, 0.007751234266428877, 0.007835033829029765, 0.007924542090678728, 0.007876599286908698, 0.00779994767120071, 0.00779994767120071, 0.00779994767120071, 0.007926602072020726, 0.007926602072020726, 0.008010197582214964, 0.008211092547056483, 0.00824957636512819, 0.00824957636512819, 0.00824957636512819, 0.008407576757828352, 0.008407576757828352, 0.008251159473253515, 0.008481817286984902, 0.008445165263423246, 0.008407965125464092, 0.008251159473253515, 0.00832993127835043, 0.008290245066661548, 0.008168031261808291, 0.008247597052648555, 0.008326402560039763, 0.00824957636512819, 0.008481817286984902, 0.008703740692415895, 0.008596534660156108, 0.00904085963043022, 0.009115673875478522, 0.009222510172266064, 0.009221447936241701, 0.009219677270902265, 0.009327072730191703, 0.00929199787396639, 0.009328472981322576, 0.009363062467777848, 0.009397872099576585, 0.009638358739104572, 0.0096718400418906, 0.009604080765327766, 0.009738122016495956, 0.009671840041890601, 0.009467107396083536, 0.009500504820099545, 0.00946607260759418, 0.00932287071493255, 0.009148569643972343, 0.008931850826322252, 0.008998866141727785, 0.009174587795889786, 0.009270889264525925, 0.009341065795940077, 0.009200177460577727, 0.009200177460577727, 0.009375957094002267, 0.00933512130590269, 0.009103127966556891, 0.009178501945262292, 0.008931850826322252, 0.008747151139726836, 0.00885253336275981, 0.00913892772703669, 0.009103127966556891, 0.009057097791685993, 0.009050966799187809, 0.009179924858524893, 0.009313058639592569, 0.009313058639592569, 0.009313058639592569, 0.00919840270073549, 0.009144285602696006, 0.009080142046897546, 0.00902820975767463, 0.008982886223144497, 0.008845522330881452, 0.008687217914962237, 0.008649548767279773, 0.008714613576970488, 0.009035079029052512, 0.008839244588648919, 0.008830744069234854, 0.008851057817560334, 0.008943906830225543, 0.009124624677771908, 0.009141428459803987, 0.009141428459803987, 0.009228527200247843, 0.009033633300740345, 0.008943906830225543, 0.008796659848476347, 0.009284615319583956, 0.008961049501217214, 0.009007933011676825, 0.008920144594783021, 0.00902929472690454, 0.009033633300740345, 0.008452894685930292, 0.008452894685930292, 0.008339333894018057, 0.008300086058073648, 0.008141202839474606, 0.008221028288629651, 0.008239675048080427, 0.008217850158313294, 0.008313843876330612, 0.008430847150403653, 0.008407965125464092, 0.008274475135953351, 0.008290638930598233, 0.00817801932010435, 0.00817801932010435, 0.008239675048080427, 0.00835927933618731, 0.00835927933618731, 0.00837839787909408, 0.00837839787909408, 0.008260651750736063, 0.00827920926915421, 0.00827920926915421, 0.007975882012514417, 0.00801671722727207, 0.00801671722727207, 0.00801671722727207, 0.008100995151768675, 0.008339333894018057, 0.008336200867179195, 0.008339333894018057, 0.008320125587749163, 0.008353027069541304, 0.008514477466680633, 0.00855235974119758, 0.008752002686266051, 0.008752002686266051, 0.009059981529016626, 0.009178857694257416, 0.0092012421521693, 0.009228527200247841, 0.009212591206316161, 0.008796659848476348, 0.008830744069234854, 0.008993058547614173, 0.008956675768181325, 0.009013731022100421, 0.008997414594635234, 0.008776964283897726, 0.008867643544979485, 0.008851057817560334, 0.008980341341633117, 0.008943906830225543, 0.008703740692415895, 0.008703740692415895, 0.008590455073355948, 0.008684586392933548, 0.008833701699417166, 0.008666143364630343, 0.008514093957572194, 0.00841728057301751, 0.00849451203388856, 0.008455984476652481, 0.00853286563344152, 0.008475655413823615, 0.008300086058073648, 0.008320125587749163, 0.00827920926915421, 0.008378397879094078, 0.008435493525598142, 0.008622325080621721, 0.008622325080621721, 0.008713114675415374, 0.008652568334056091, 0.008704115845567614, 0.008754613943865397, 0.008690224392960173, 0.008622325080621721, 0.008584371180897794, 0.008622325080621721, 0.008628382211738, 0.008666143364630343, 0.00860906024879295, 0.00860906024879295, 0.008666143364630343, 0.008590455073355948, 0.00860906024879295, 0.008550832397718805, 0.008590455073355948, 0.008414176569750529, 0.008336200867179195, 0.008392027314599232, 0.008300086058073648, 0.008217850158313292, 0.008234918187269404, 0.00827447513595335, 0.008815941034655949, 0.008778824243715146, 0.008741176309016203, 0.00869210291363514, 0.00861171484973006, 0.00861171484973006, 0.00855235974119758, 0.008563424834606722, 0.008506803999488544, 0.008667650388963905, 0.008868748157296553, 0.008854008662055572, 0.0090725871026237, 0.009007933011676827, 0.008890811583440789, 0.008705241208019219, 0.008658981417214929, 0.008563424834606724, 0.008545102428303834, 0.00848528137423857, 0.00864501743957826, 0.008667650388963903, 0.008376449006541118, 0.008415340705145186, 0.008432783451191776, 0.00846640419540669, 0.008236900546458292, 0.008280786712108251, 0.008315807420883704, 0.008323656967110217, 0.008326402560039765, 0.008407576757828352, 0.008446711713768276, 0.008290245066661548, 0.008747151139726836, 0.008709741203774926, 0.008709741203774926, 0.008669533800991296, 0.008634435093725303, 0.008781799360040058, 0.008672169890647029, 0.008631787480124891, 0.008786260145644379, 0.008747151139726836, 0.008709741203774926, 0.00882149508361276, 0.008599572841788394, 0.008446325127726573, 0.008404469170674393, 0.008443231802177773, 0.008320125587749163, 0.00839397257025564, 0.008440524212369268, 0.008481817286984902, 0.008440524212369268, 0.00855846638941671, 0.008514093957572196, 0.008517544917907472, 0.008560373823613078, 0.0086751815837021, 0.008712739909735277, 0.008599952539024234, 0.008637459944087399, 0.008709741203774926, 0.008749017437544, 0.008931850826322252, 0.008968334316257577, 0.009071147352221453, 0.009038331072240524, 0.009076904983618185, 0.009007570512108813, 0.008933678539375477, 0.00886138147427663, 0.00886138147427663, 0.008823345656349896, 0.008931850826322252, 0.008933678539375477, 0.008971610553204333, 0.00889815390163279, 0.00882445581371244, 0.008892647731326671, 0.008965785304280322, 0.008968334316257577, 0.00892929139954337, 0.008897052940182393, 0.008895217701618307, 0.008561899465012398, 0.008750137025166159, 0.008747151139726836, 0.00882149508361276, 0.008934774987744944, 0.008933678539375477, 0.00892929139954337, 0.00904085963043022, 0.009002131266924448, 0.009038331072240526, 0.008935140440635366, 0.008935140440635366, 0.00929199787396639, 0.009222510172266064, 0.009115673875478522, 0.00936306246777785, 0.008895217701618307, 0.008934774987744944, 0.0087877465709884, 0.00886138147427663, 0.008823345656349894, 0.00889815390163279, 0.008672169890647029, 0.008672169890647029, 0.008674052321347237, 0.008675557971822272, 0.00897124658596131, 0.009006482925863878, 0.008968334316257577, 0.00877845228327841, 0.0088558524405604, 0.008815570640309436, 0.00881890362939123, 0.008744537653616125, 0.008747151139726836, 0.008741176309016203, 0.008741176309016203, 0.008707116488885423, 0.008784401760263148, 0.008784401760263148, 0.009035079029052512, 0.009103127966556891, 0.009031102719299045, 0.009031102719299045, 0.008917215635717101, 0.008885300863143094, 0.008885300863143094, 0.00885253336275981, 0.00885253336275981, 0.009290240655040721, 0.00932287071493255, 0.00929024065504072, 0.009284615319583956, 0.00938952955723142, 0.009427359229435162, 0.009427359229435162, 0.009357829854824074, 0.00935084848272812, 0.00931971796017148, 0.009284615319583956, 0.009252556182934926, 0.009217197767970347, 0.009217197767970347, 0.009219677270902265, 0.00929199787396639, 0.009325322120605873, 0.009219677270902265, 0.009146070863758817, 0.009217197767970349, 0.00917850194526229, 0.00931971796017148, 0.00931586314425287, 0.009284615319583956, 0.009284615319583956, 0.00928074592357528, 0.009240902862506764, 0.009479860500136108, 0.009479860500136108, 0.009381179595991374, 0.009381179595991374, 0.009427359229435162, 0.00931971796017148, 0.009214008855198344, 0.00928074592357528, 0.009210109795707085, 0.009148569643972343, 0.009252556182934926, 0.009221447936241701, 0.009148569643972343, 0.00900213126692445, 0.00900213126692445, 0.009107072828862415, 0.009079782430190265, 0.009115673875478522, 0.009115673875478522, 0.009219677270902265, 0.009184192275595174, 0.009184192275595174, 0.00918596978093911, 0.009217197767970349, 0.009427359229435162, 0.009258200997725514, 0.008934774987744944, 0.00904266531053579, 0.009115673875478522, 0.009115673875478522, 0.009114599188518766, 0.009221447936241701, 0.009397872099576585, 0.009397872099576585, 0.00936201617915583, 0.00936306246777785, 0.009115673875478522, 0.009115673875478522, 0.00904266531053579, 0.008861381474276632, 0.008824825835131715, 0.008787374988224498, 0.008749017437544, 0.008749017437544, 0.008749017437544, 0.00882445581371244, 0.00882445581371244, 0.009114599188518766, 0.009004669990213581, 0.009004669990213581, 0.008933678539375477, 0.008931850826322252, 0.008931850826322252, 0.008925999629607604, 0.008925999629607604, 0.008994873823575339, 0.008998866141727783, 0.009146070863758817, 0.009050966799187809, 0.009158557947268194, 0.009128917945580562, 0.009194141879368579, 0.009158557947268194, 0.009158557947268194, 0.009222864223753699, 0.009207273078986004, 0.009207273078986004, 0.009136068908564603, 0.009179924858524893, 0.009207273078986004, 0.009207273078986004, 0.00923383308650247, 0.009277930803794562, 0.009304289114078912, 0.009304289114078912, 0.009527618286018896, 0.009527618286018896, 0.009284615319583954, 0.009471245419474587, 0.009653253654724348, 0.00968702056088139, 0.009638358739104572, 0.009725707570922643, 0.009725707570922643, 0.009604420750840921, 0.009522133185802605, 0.009507376298518569, 0.00959455627968702, 0.009731077923386516, 0.009731077923386516, 0.009595917499283808, 0.009560462801538001, 0.00938813841276016, 0.009069707373269256, 0.008815570640309436, 0.008666143364630344, 0.008702239918080673, 0.008697736041344205, 0.008719108735579408, 0.008765051194886405, 0.008809642212846523, 0.008675557971822272, 0.008727717984931101, 0.008622325080621723, 0.008507955460770173, 0.008523676508672171, 0.00854624872952682, 0.008417280573017508, 0.008550832397718807, 0.00853286563344152, 0.00853286563344152, 0.008475655413823615, 0.008588934504254143, 0.008552359741197581, 0.008741176309016203, 0.008852533362759811, 0.008796659848476347, 0.008776964283897726, 0.008735197391552624, 0.0087564786511101, 0.0087564786511101, 0.008772498771380796, 0.008828895047235642, 0.009100257901705369, 0.009341065795940079, 0.010002775125138105, 0.01064790867652768, 0.011100726212684446, 0.011844985161214334, 0.011784181718537363, 0.012343121690286639, 0.013357501905029141, 0.014614278732018997, 0.01492315007507682, 0.015258105908610257, 0.015929641219680848, 0.016348051122693618, 0.016518338603021845, 0.01751966824772102, 0.017984119979264246, 0.018361450300639574, 0.018793659373657415, 0.019003759026646732, 0.019189963363111226, 0.020252931256729133, 0.020766692326995205, 0.020451874820501648, 0.020523913379474276, 0.020900385700962067, 0.021384717029901978, 0.021824681777608525, 0.021518060757779966, 0.021365621823817047, 0.021331360452992918, 0.020794975845337335, 0.0211814319918293, 0.021541568737523956, 0.021250536607870612, 0.022410493169085607, 0.022016691256352555, 0.022045000358728202, 0.022252722832709432, 0.02247407576815236, 0.02246070491561034, 0.021976759524180843, 0.02242797087458026, 0.02353342390763245, 0.02424702801060243, 0.023965826009685765, 0.02411726454180888, 0.024508357591579544, 0.024870735199984638, 0.02453938109426959, 0.025037310933395188, 0.025098792555720725, 0.02525998691162587, 0.025146623094587164, 0.0253272459567775, 0.025210946763949464, 0.025290604853928485, 0.025850433225754334, 0.02613884434464289, 0.02589473195183033, 0.026385029769139305, 0.027028511023792362, 0.027288331961197072, 0.027554591454131225, 0.028145395099485146, 0.028328222027958375, 0.02780703185182056, 0.027841651370211648, 0.027481021280371748, 0.027787649583722533, 0.02789613388472112, 0.02735418484567633, 0.027486724068175167, 0.027512846721011577, 0.02705809321004097, 0.026866259850737446, 0.02701159237159075, 0.027117281183324966, 0.026984984486841973, 0.027009779030293935, 0.027261395295717857, 0.026706691051846455, 0.026930719883979853, 0.026982201238473287, 0.02664659108266066, 0.02673418662861987, 0.02678482665195932, 0.02711595659461079, 0.026946841093121825, 0.02692259501699232, 0.026914346375424513, 0.026732110172706425, 0.02702814859228302, 0.02660133493658097, 0.026966222257801386, 0.026532506054856946, 0.026562025986166714, 0.02644979842521855, 0.026649531909968105, 0.026128848705862982, 0.02611072185747394, 0.026210575837136537, 0.026079814698227392, 0.026089829123117487, 0.02636311585437162, 0.02591351392771024, 0.025949275480428805, 0.025685571269266554, 0.02584992795947803, 0.025659751696827802, 0.02592296279363144, 0.02609170639987241, 0.02607230135525408, 0.026080691113917816, 0.02611172228743877, 0.026382554532748896, 0.026542964785265355, 0.02699611461084044, 0.026574316279337946, 0.026389360874165536, 0.026310671381996862, 0.026313649751893146, 0.02646658270347723, 0.02682965158330672, 0.026560181951675758, 0.025871140646816233, 0.025519900198128696, 0.02575143475297512, 0.025570539170486566, 0.02564569391392112, 0.02496617924558039, 0.025347860353288124, 0.025020215173873678, 0.02446036827863658, 0.024417532677173105, 0.0242025952394889, 0.024016886576247277, 0.023315652620993846, 0.02299679658259438, 0.022227846113763317, 0.022086000737377254, 0.021731806840928545, 0.021587534195758932, 0.02116879682891008, 0.02095196644611631, 0.021612099785602905, 0.021071782079359117, 0.02037951152005166, 0.02077739155909615, 0.020921866307667642, 0.020075622337673567, 0.020234069067303496, 0.019736891800868336, 0.020065942310699653, 0.02046569055262779, 0.02014406278053468, 0.019608088709946795, 0.01948052926406681, 0.018288671635853754, 0.01838527583004777, 0.018124208638600203, 0.01801170821030202, 0.017755631472284837, 0.0177845725393714, 0.018316859636378052, 0.018501946946641225, 0.018206446492315603, 0.01818087131115154, 0.01844379216397092, 0.017821255367036937, 0.018057877471494545, 0.017793933843662933, 0.017567699952829714, 0.017720413686607032, 0.01785003287026071, 0.017815058981957156, 0.018044525429037575, 0.017540763020659586, 0.01735003381752865, 0.01696060260770019, 0.016992723532772033, 0.016697109611778775, 0.01672212270482136, 0.016780795631936418, 0.0169436521133661, 0.017126325362089887, 0.017047762915062003, 0.017092447789259776, 0.017107723998479846, 0.01748727163933114, 0.016819762914196974, 0.017042360668136827, 0.01699370159434227, 0.016903382586250095, 0.016052020026737304, 0.01614562555275564, 0.016155532318366857, 0.015597867462821805, 0.015573250221099628, 0.015593889436413932, 0.016144412061649273, 0.016147445618425228, 0.01594394517536679, 0.016353106176890467, 0.016687145241967863, 0.016879948254103876, 0.017103824611078386, 0.01729368175292435, 0.01744417334451448, 0.017792786889807972, 0.017880932724610336, 0.018214649856303992, 0.018465687982121358, 0.018212498511758796, 0.018293893260108544, 0.017997788979851534, 0.017814062319598263, 0.017812045912579406, 0.018158542151318877, 0.01830451042887562, 0.018529678345611852, 0.018407507341587893, 0.018102801677404207, 0.018028424269265826, 0.01854473906364755, 0.018309058759342633, 0.01779719078956002, 0.017688148920814127, 0.01802706581895169, 0.01823758174087513, 0.01851777965268261, 0.018635373429506122, 0.01893176792417163, 0.01889724091727981, 0.018756582518014896, 0.018653149868051777, 0.01875701773432318, 0.018930301807700063, 0.01877702677992119, 0.01850949011966013, 0.01865463776662741, 0.018877359293014238, 0.018979828174960394, 0.019089189161856587, 0.018935044715219108, 0.01902939723647792, 0.018747440641651462, 0.01899074962787334, 0.01916686128265584, 0.01934103177713334, 0.019312563321341278, 0.018882115498912874, 0.01883605964253519, 0.01902785283928456, 0.01887476449373283, 0.01873254289372658, 0.01877563553640511, 0.018724958788543515, 0.01860731697203977, 0.018313071053992325, 0.018437461864367344, 0.018114522305800587, 0.017875636138245228, 0.01818576478502696, 0.017720793735390213, 0.017913681921927722, 0.0180195472094238, 0.018133889797384166, 0.01839215671343164, 0.018175617217153585, 0.018107580552613533, 0.018550002585400557, 0.01852171103305083, 0.01834150595824472, 0.018358126266043603, 0.01865861031201172, 0.018632762017697837, 0.01879068983538912, 0.018668722724473286, 0.018706848685845035, 0.018502837730511302, 0.018872013184412867, 0.018805558882893092, 0.018828534142603447, 0.019035504528461054, 0.01915854538383564, 0.01987791472658918, 0.019782838986539496, 0.01979650103076866, 0.019500122029968776, 0.019182766074935968, 0.019066664573521602, 0.019548455338528645, 0.019520373030895342, 0.01930006407941144, 0.019555536404855602, 0.01993001797105388, 0.019807219463042834, 0.020124041465321003, 0.020061897686298527, 0.020154555468242137, 0.019820238677283625, 0.019837266105252816, 0.020019665433808644, 0.019854246037416926, 0.01997306104098565, 0.02035234289276028, 0.020407011200135335, 0.020411203006272444, 0.020731647502387873, 0.020712170926530032, 0.02023646496514928, 0.020090588313324977, 0.020090588313324977, 0.020361999019782726, 0.020326881367353156, 0.020543744864586506, 0.020248595416140117, 0.02074994133259471, 0.020711761028409898, 0.020865315033053573, 0.021037065054860884, 0.020807959230711184, 0.020888119462840055, 0.020856893931978364, 0.020701069281265524, 0.020544126326777986, 0.020403778761668195, 0.02064281423623816, 0.020411298991749944, 0.020502473320185004, 0.020561443608494667, 0.02032755604330923, 0.020410115139312665, 0.020313897524922717, 0.020113881489444763, 0.02023036473084104, 0.02030527990047748, 0.02034656627501735, 0.020264876218799497, 0.020203133319323698, 0.020476050320672047, 0.020570525376997894, 0.020490525037844456, 0.020545079951270126, 0.020564524238183998, 0.0206266734386051, 0.020560681319609295, 0.02051400079388291, 0.020390619692117536, 0.02068263749809368, 0.020609410967035502, 0.020606305355598396, 0.020283430052480705, 0.020380720781950686, 0.02007582524290529, 0.019996229848730618, 0.01981058220615787, 0.019483302741431847, 0.01919457576440569, 0.019721110205946878, 0.01989456453303725, 0.01987061988700598, 0.019952614886684063, 0.019740241298692684, 0.01960220062614795, 0.019685313701087014, 0.019524487607272323, 0.01951070203446178, 0.019743714680569995, 0.019511404932730486, 0.019442601656765833, 0.019481257973880894, 0.019400502413018873, 0.019450191332147426, 0.019316637219490035, 0.019265858138061705, 0.019778811173287725, 0.019792739959440704, 0.01966715857795966, 0.019474149898922783, 0.019567621736127343, 0.019455629897124318, 0.019556070720899335, 0.019586302585725357, 0.01982010688000178, 0.01994695168773046, 0.01994695168773046, 0.020174829336961197, 0.020101929646434546, 0.01987019262870999, 0.019995805274392642, 0.01988116696776122, 0.020212343773455033, 0.02018932593309279, 0.02008268784352354, 0.02008268784352354, 0.020105502952664275, 0.020157406700713244, 0.019935620463514703, 0.019759816573551692, 0.019634955917382423, 0.01956585280324799, 0.019677947462236264, 0.019769134466410522, 0.01978316909880307, 0.019807779959873734, 0.019725778844456514, 0.019761898611588256, 0.01969841348630775, 0.019679108989287215, 0.019882283776348864, 0.020272609046470075, 0.02019472713560727, 0.02014366523201753, 0.020207690595010437, 0.02047445556326822, 0.020506327147034997, 0.02070993215333933, 0.020788616979452175, 0.02064680001889901, 0.020406499164806913, 0.020518202570758818, 0.020769885578374656, 0.02079916952816204, 0.0206257552490045, 0.020869258320724837, 0.020832425275448437, 0.020729788878297226, 0.020729788878297226, 0.020385430571656725, 0.020277762626652308, 0.020358566967731098, 0.0203983688823696, 0.020073808298173932, 0.01980167958244235, 0.01982982457958574, 0.019719586864902845, 0.019873051797726034, 0.019871277189523, 0.01974645987388677, 0.01969983901312031, 0.01969983901312031, 0.01969983901312031, 0.019636153245626148, 0.019771116430236282, 0.019740108967298442, 0.019774881614238373, 0.019776268606590066, 0.019891511470258576, 0.01966380451904629, 0.020025992905140424, 0.02002530806917352, 0.020103878801294613, 0.020106672260415324, 0.020190943211130626, 0.020188161412681684, 0.020070522196108644, 0.020404002808572755, 0.020673004777501797, 0.020669118836307166, 0.020669118836307166, 0.020561729459540774, 0.020561729459540774, 0.020450263807489582, 0.02044662299346116, 0.020440617427473332, 0.019787229029175894, 0.019787229029175894, 0.019787229029175894, 0.01994233482738034, 0.019919922956985674, 0.019888556447138647, 0.01979857921103204, 0.019911036422762412, 0.019953891339581777, 0.01990060362124214, 0.019887374314948095, 0.02006111641551224, 0.02012657254598953, 0.019941876357380747, 0.019941876357380747, 0.01996949673877637, 0.01989837199781091, 0.02000984410795071, 0.019956869412177197, 0.01999404156140483, 0.019944987196930313, 0.020092603573637412, 0.02023672313555992, 0.019918709900031993, 0.020098225731417698, 0.020114660710790128, 0.019935292875722096, 0.020031112127418798, 0.020113037298920198, 0.019930902679824943, 0.019913758550103914, 0.020013466486751525, 0.020078622605006688, 0.020078622605006688, 0.020078622605006688, 0.020028210308543928, 0.020083825962851857, 0.020083825962851857, 0.020105795285977435, 0.020102449439543122, 0.020255012581923453, 0.020201484689830827, 0.020301452245228814, 0.01998803070411318, 0.02001486957443472, 0.019928084581866887, 0.020025047173120824, 0.020025047173120824, 0.01987124432491353, 0.019815032018080388, 0.01962846912013262, 0.01962846912013262, 0.019611626705625832, 0.02007091265224074, 0.020358887744768413, 0.02041891240182663, 0.02027608785677134, 0.02021712509084255, 0.02031103610737527, 0.020265424057860172, 0.02012319770101873, 0.019972472484468644, 0.01983117479821987, 0.019839998354180308, 0.01999619718948621, 0.020084476287797547, 0.02005603741357434, 0.02042729026951695, 0.02041449824941848, 0.02041449824941848, 0.0204292723156489, 0.02036369879396738, 0.020200256211751574, 0.020200256211751574, 0.020250885191033206, 0.020250885191033206, 0.02035914436275929, 0.02040406682152219, 0.02035253541844808, 0.020515783470990607, 0.020916394897548766, 0.020916394897548766, 0.020974139178657945, 0.020962210508144292, 0.020962210508144292, 0.020990448362266576, 0.020969343609864646, 0.020969343609864646, 0.020934714456800098, 0.020853010941015746, 0.02089405891537553, 0.02089405891537553, 0.021006092022097217, 0.02098375815058992, 0.021054349107168583, 0.021054349107168583, 0.02110082462843573, 0.0212092717499509, 0.0210237121714836, 0.020920515855816495, 0.02091342855386345, 0.02091342855386345, 0.020945411654769524, 0.0208280987600689, 0.020927007840177658, 0.02098702572971196, 0.021204036581437474, 0.02122164624593849, 0.02118776851614812, 0.02100686923608658, 0.021066039601448486, 0.021066039601448486, 0.021067651574324622, 0.02107304458694247, 0.02107304458694247, 0.021044638272015987, 0.021044638272015987, 0.020888713484090115, 0.02077450714069471, 0.020899871691823703, 0.021037965293094988, 0.02098985722015395, 0.02106359040658374, 0.021101876887217055, 0.020982264230651988, 0.021055651817727887, 0.021055651817727887, 0.021040945117284333, 0.021050936864119442]"
